ID,f0_C_death_sum,f0_C_death_min,f0_C_death_max,f0_C_death_mean,f0_C_death_std,f0_N_death_sum,f0_N_death_min,f0_N_death_max,f0_N_death_mean,f0_N_death_std,f0_O_death_sum,f0_O_death_min,f0_O_death_max,f0_O_death_mean,f0_O_death_std,f0_CN_death_sum,f0_CN_death_min,f0_CN_death_max,f0_CN_death_mean,f0_CN_death_std,f0_CO_death_sum,f0_CO_death_min,f0_CO_death_max,f0_CO_death_mean,f0_CO_death_std,f0_NO_death_sum,f0_NO_death_min,f0_NO_death_max,f0_NO_death_mean,f0_NO_death_std,f0_CNO_death_sum,f0_CNO_death_min,f0_CNO_death_max,f0_CNO_death_mean,f0_CNO_death_std,f1_C_len_sum,f1_C_len_min,f1_C_len_max,f1_C_len_mean,f1_C_len_std,f1_C_birth_sum,f1_C_birth_min,f1_C_birth_max,f1_C_birth_mean,f1_C_birth_std,f1_C_death_sum,f1_C_death_min,f1_C_death_max,f1_C_death_mean,f1_C_death_std,f1_N_len_sum,f1_N_len_min,f1_N_len_max,f1_N_len_mean,f1_N_len_std,f1_N_birth_sum,f1_N_birth_min,f1_N_birth_max,f1_N_birth_mean,f1_N_birth_std,f1_N_death_sum,f1_N_death_min,f1_N_death_max,f1_N_death_mean,f1_N_death_std,f1_O_len_sum,f1_O_len_min,f1_O_len_max,f1_O_len_mean,f1_O_len_std,f1_O_birth_sum,f1_O_birth_min,f1_O_birth_max,f1_O_birth_mean,f1_O_birth_std,f1_O_death_sum,f1_O_death_min,f1_O_death_max,f1_O_death_mean,f1_O_death_std,f1_CN_len_sum,f1_CN_len_min,f1_CN_len_max,f1_CN_len_mean,f1_CN_len_std,f1_CN_birth_sum,f1_CN_birth_min,f1_CN_birth_max,f1_CN_birth_mean,f1_CN_birth_std,f1_CN_death_sum,f1_CN_death_min,f1_CN_death_max,f1_CN_death_mean,f1_CN_death_std,f1_CO_len_sum,f1_CO_len_min,f1_CO_len_max,f1_CO_len_mean,f1_CO_len_std,f1_CO_birth_sum,f1_CO_birth_min,f1_CO_birth_max,f1_CO_birth_mean,f1_CO_birth_std,f1_CO_death_sum,f1_CO_death_min,f1_CO_death_max,f1_CO_death_mean,f1_CO_death_std,f1_NO_len_sum,f1_NO_len_min,f1_NO_len_max,f1_NO_len_mean,f1_NO_len_std,f1_NO_birth_sum,f1_NO_birth_min,f1_NO_birth_max,f1_NO_birth_mean,f1_NO_birth_std,f1_NO_death_sum,f1_NO_death_min,f1_NO_death_max,f1_NO_death_mean,f1_NO_death_std,f1_CNO_len_sum,f1_CNO_len_min,f1_CNO_len_max,f1_CNO_len_mean,f1_CNO_len_std,f1_CNO_birth_sum,f1_CNO_birth_min,f1_CNO_birth_max,f1_CNO_birth_mean,f1_CNO_birth_std,f1_CNO_death_sum,f1_CNO_death_min,f1_CNO_death_max,f1_CNO_death_mean,f1_CNO_death_std
c<A>r<289>R<ASP>,55.53210579800045,1.389873538054274,4.29225596310832,1.8510701932666818,0.71917429467896,31.502671285340398,2.696489989148189,7.170798279413213,3.9378339106675497,1.47632857285919,39.96106076508974,2.2103254605100227,5.0816557505337165,3.6328237059172492,0.8031810655393576,61.96803729453251,1.324738550709425,4.172998935338273,1.5889240331931411,0.5161662440163092,69.34514953516327,1.220523153158638,3.898661703724083,1.651074988932459,0.543926189730594,56.18143260680519,2.2103254605100227,4.652744782090104,2.8090716303402594,0.5887296051305617,75.69405215830245,1.220523153158638,3.133488860821181,1.4841971011431854,0.32488204909441976,8.555833759476258,0.012288949806674054,3.96065065604639,0.6111309828197327,1.0513444397458047,82.29699427914053,4.1093888547839015,8.65591717232951,5.878356734224324,1.2994371880433178,90.8528280386168,4.342759262477738,11.380302922405143,6.4894877170440575,1.788420844771015,3.63376283262126,0.118661545906253,1.5525437865098919,0.908440708155315,0.5641161473172481,36.770297337040304,5.498810490634142,13.45755920135366,9.192574334260076,2.851047211558663,40.40406016966156,6.145666268082209,15.010102987863553,10.10101504241539,3.170765495430595,11.76320977377886,0.03369457318739677,3.8848011222108383,0.9802674811482383,1.2675781215004258,79.40623867481793,3.2937805599258922,10.69146766169888,6.617186556234827,1.9509770340804078,91.1694484485968,4.2484278982722135,11.00565233665413,7.597454037383066,2.0667021916452906,9.194264098027606,0.012288949806674054,3.7341212296108948,0.5746415061267254,1.0894285794530894,80.5945776006305,1.8177645653941,12.982369467486023,5.037161100039406,2.6585112147005603,89.7888416986581,1.8359635624630735,13.135746046859463,5.6118026061661315,2.820319508914173,14.75225139726091,0.03951539501936363,5.180172192252414,0.7376125698630455,1.1520575812089608,74.69998215648077,1.8132279899839432,5.285836857026879,3.7349991078240388,1.1876565741797191,89.45223355374168,2.018815415770332,9.637837655112591,4.472611677687084,1.6794393077344025,11.92362096058145,0.011926965103834064,1.9346931630978776,0.4111593434683259,0.4626243729598353,110.80739334189202,2.1346163183403064,7.120851214443292,3.820944597996277,1.491857762107169,122.73101430247347,2.543626602584334,8.524203448297204,4.232103941464603,1.617948102571765,13.76100697248493,0.011529122761105626,4.0665379854370265,0.529269498941728,0.8847563280354971,81.26228652347473,1.8132279899839432,5.282818203232637,3.125472558595182,0.9795841473060778,95.02329349595966,1.8359635624630735,8.524203448297204,3.65474205753691,1.3708882183361235
c<A>r<290>R<SER>,86.29682834163171,1.3473361808328619,4.172998935338273,1.7611597620741166,0.5635009309115121,39.90421513686286,2.1464670178051115,5.144928213098977,3.3253512614052383,0.8058434530242664,59.0317462679927,2.2103254605100227,5.0816557505337165,3.689484141749544,0.8099643928892117,95.08582056718811,1.318770047383927,4.172998935338273,1.5336422672127115,0.4367798139556412,108.85666219942503,1.220523153158638,3.133488860821181,1.6493433666579551,0.472393456498901,79.55513363402036,2.1464670178051115,4.652744782090104,2.7432804701386333,0.54011666424536,117.64565442498143,1.220523153158638,3.133488860821181,1.4891854990503979,0.3410376741779681,23.08431175742688,0.010724348941083761,3.96065065604639,0.6074818883533389,0.9663824968595134,159.79808527839555,0.4890696597449846,8.65591717232951,4.205212770484093,1.841090260346878,182.8823970358224,1.3314049051266146,11.380302922405143,4.812694658837432,2.0538376286381475,13.59336243068835,0.118661545906253,10.293981437741248,2.71867248613767,3.812024289466969,36.68612839973045,5.0885883088797215,9.415268274751725,7.33722567994609,1.7192407473679576,50.279490830418794,6.145666268082209,15.38256974662097,10.05589816608376,2.978529115161619,20.132406263700048,0.03369457318739677,3.9260066671720004,1.1184670146500026,1.3011186851331944,120.67666105560079,2.3084478751225106,10.987771685289264,6.704258947533377,2.248412143329714,140.80906731930085,2.9691314146574963,11.313534903245198,7.82272596218338,2.322930898539172,24.88958771439654,0.010724348941083761,3.763288818087534,0.6222396928599135,1.041703949544156,142.3701913695168,0.47641986950839055,8.65591717232951,3.5592547842379196,1.6624855842298472,167.25977908391334,1.3043459787346228,10.430866802993478,4.181494477097834,1.8328293489735055,33.746048048953604,0.010724348941083761,5.180172192252414,0.648962462479877,0.9563575287940586,174.0386119981087,0.4890696597449846,10.420724750903705,3.3468963845790136,1.4913532086508199,207.7846600470623,1.3314049051266146,10.82398459018565,3.9958588470588903,1.6679815208549136,22.82865820953066,0.011926965103834064,5.233958491918674,0.5707164552382664,0.9306258066373069,159.13101463499402,2.1346163183403064,10.102002206484087,3.9782753658748504,1.7411004505097836,181.95967284452468,2.543626602584334,10.322546800798396,4.548991821113117,2.0098247529984556,33.409401060938826,0.010724348941083761,4.0665379854370265,0.5662610349311665,0.8127729221667204,169.60141834766472,0.47641986950839055,5.282818203232637,2.874600310977368,1.0028173366506696,203.01081940860362,1.3043459787346228,8.524203448297204,3.440861345908536,1.1577036160602556
c<A>r<291>R<PHE>,112.24272706838363,1.3473361808328619,3.7501991801240826,1.8103665656190908,0.6589159655202017,48.546585391003276,2.1464670178051115,6.296804234134884,3.4676132422145196,1.0560908762422188,53.88908857686784,2.9083716617080584,4.978444848245829,3.5926059051245227,0.5769651231787638,124.4253853822868,1.3150957154596186,3.743616277540595,1.6159140958738547,0.5297481728907709,132.24052532758103,1.220523153158638,3.743616277540595,1.6953913503536029,0.5762369378232118,83.47626061796912,2.1464670178051115,4.652744782090104,2.7825420205989704,0.5200904512306906,145.07577298463707,1.220523153158638,3.743616277540595,1.559954548221904,0.4730341533834557,35.323870001109796,0.010724348941083761,3.96065065604639,0.5194686764869088,0.8266911868251182,285.57716992685795,0.4890696597449846,8.65591717232951,4.199664263630264,1.5372596983696494,320.90103992796776,1.3314049051266146,11.380302922405143,4.719132940117173,1.700075843188225,11.757624683219024,0.014483979845181238,4.709796786654557,1.9596041138698375,1.8416070781826757,63.07063156695544,5.98418058862444,17.29508666474976,10.511771927825906,3.9125939944102073,74.82825625017448,6.087244143542255,21.454661293205607,12.471376041695747,5.404916016172857,14.921943702448791,0.03369457318739677,3.8848011222108383,0.9326214814030495,1.176859232250714,102.20328515070099,2.3084478751225106,10.69146766169888,6.387705321918812,2.1488070185872115,117.12522885314978,2.9691314146574963,11.00565233665413,7.320326803321861,2.2757892286466896,38.61713790317864,0.010724348941083761,3.5575596510380194,0.5218532149078194,0.8607635575010291,277.00828043308246,0.47641986950839055,8.65591717232951,3.743355140987601,1.4883291978797875,315.6254183362611,1.3043459787346228,10.430866802993478,4.26520835589542,1.627708458839159,44.8538634984198,0.010724348941083761,5.180172192252414,0.521556552307207,0.8025829164640322,287.82855848688445,0.4890696597449846,6.480194122118121,3.346843703335866,1.1400306429897507,332.68242198530425,1.3314049051266146,9.637837655112591,3.8684002556430728,1.3172741510217023,19.539324564214937,0.011926965103834064,2.9612887615257755,0.4440755582776122,0.5629878989856498,188.52234714573,1.8595275976450125,10.931974295478685,4.284598798766591,2.323775076837859,208.06167170994493,2.146962038794116,11.09682376961069,4.728674357044203,2.372612632860076,46.35192794042345,0.010724348941083761,4.0665379854370265,0.47297885653493316,0.6878107233644205,301.4017214947667,0.47641986950839055,6.480194122118121,3.0755277703547623,1.1093038779236188,347.75364943519014,1.3043459787346228,8.524203448297204,3.5485066268896954,1.2215938262505956
c<A>r<293>R<GLN>,69.97776864267067,1.3473361808328619,5.688046453009168,2.058169665960902,1.0065855024279184,32.09889145316165,2.1464670178051115,5.144928213098977,3.566543494795739,0.9754827564314851,53.216021470511585,2.2035326580266386,5.027864921500825,3.547734764700772,0.8374347808079416,81.44643582994011,1.318770047383927,5.688046453009168,1.8099207962208914,0.9562058982997756,88.32163901950622,1.2202640136907068,3.940029522606504,1.7664327803901245,0.6560248587785208,73.66850049592911,2.1464670178051115,4.734794417884461,2.8334038652280427,0.6169575576903915,100.50327236664174,1.2202640136907068,4.734794417884461,1.64759462896134,0.6750140111478781,14.601439953018541,0.013084313129135161,2.3289739121523114,0.3946335122437444,0.5739882214322479,236.84905100813273,1.2122550639880956,19.045853780004336,6.401325702922506,3.354205287960351,251.45049096115127,1.3314049051266146,19.19381657564621,6.795959215166251,3.4708436167710977,9.841100577990339,0.10306355491781449,6.651467363369932,1.6401834296650566,2.2923384995329554,67.30593282859815,5.98418058862444,18.209744401284297,11.217655471433025,4.648741381324227,77.14703340658848,6.087244143542255,23.664745601842753,12.857838901098079,6.168365709176606,14.310545676647019,0.03369457318739677,3.9260066671720004,1.0221818340462157,1.0887359834300134,92.89385985438116,2.3084478751225106,9.264840673067738,6.635275703884369,1.5734058936119562,107.20440553102819,2.9691314146574963,10.254957659573588,7.6574575379305845,1.7120255744347512,19.331212127515528,0.013084313129135161,3.7341212296108948,0.5685650625739861,0.8104719396876003,205.8924800733531,0.47641986950839055,19.045853780004336,6.055661178628033,3.7532668603717183,225.22369220086864,1.3043459787346228,19.19381657564621,6.6242262412020185,3.830187763299466,21.07262894359288,0.011901360956815488,3.910656177782105,0.4900611382230902,0.8511732368512949,174.8707790086063,1.2122550639880956,7.880245696964494,4.066762302525728,1.4667615230494655,195.94340795219915,1.3314049051266146,8.481350045575692,4.5568234407488175,1.651776663863163,23.558534028946625,0.011926965103834064,2.977436432835855,0.736204188404582,0.9325215738081721,153.59401940414892,2.306335041359489,9.082558828138872,4.799813106379654,1.9256149227726822,177.15255343309553,2.6334703776896653,9.613788907979977,5.536017294784235,2.134494223586204,26.579117609613725,0.011529122761105626,3.910656177782105,0.5537316168669526,0.9066136443748887,184.2113825635255,0.47641986950839055,9.324921592685314,3.8377371367401145,1.7571814733714388,210.7905001731392,1.3043459787346228,9.613788907979977,4.391468753607067,1.9470734946582071
c<A>r<294>R<HIS>,107.92462348010966,1.3473361808328619,5.052400475097578,1.9272254192876725,0.8065500638591769,42.86833041444228,2.1464670178051115,7.593524139548799,3.57236086787019,1.3578424898465518,55.10619808743968,2.199478204868359,5.031481289799888,3.44413738046498,0.8152664593637785,116.33909601156031,1.318770047383927,4.145764293103874,1.6860738552400045,0.6657459280493683,126.2967775611006,1.2202640136907068,3.7278088877833864,1.7300928433027478,0.6014415395613686,81.3612825632849,2.1464670178051115,5.031481289799888,2.8055614676994796,0.6169820632907783,135.88508930501735,1.2202640136907068,3.7278088877833864,1.580059177965318,0.513701112926981,35.798021845788774,0.010724348941083761,4.4312461699914945,0.5114003120826968,0.7494091594145456,343.72619815731224,0.5017400770935296,11.935507128008112,4.910374259390175,1.9373736657771687,379.52422000310105,1.3314049051266146,12.528750121754014,5.421774571472872,2.091189092415814,4.040578561321802,0.03001096627600397,1.2181619468357336,0.44895317348020025,0.38426531550600324,90.82083649715429,5.978601774056187,16.425629393952477,10.091204055239366,4.091700195514946,94.8614150584761,6.0482048354320765,17.213439890094506,10.540157228719567,4.220146790146729,16.516173950342363,0.036645851436931665,3.1525266528112432,1.2704749192571048,1.098221602774261,82.17123493522331,2.3084478751225106,9.264840673067738,6.3208642257864085,1.5967627749431408,98.68740888556566,2.9691314146574963,10.254957659573588,7.591339145043512,1.9413691259434154,35.57145624962264,0.010724348941083761,4.4312461699914945,0.44464320312028305,0.7595300870869793,361.660742591136,0.47641986950839055,11.935507128008112,4.5207592823892,2.029878029462034,397.2321988407586,1.3043459787346228,12.528750121754014,4.9654024855094825,2.1514009118839983,41.72827525622286,0.010152077084356392,3.9360158366409657,0.48521250297933555,0.7369889462698777,330.17766337752903,0.5017400770935296,9.95525237069728,3.839275155552663,1.481046704082464,371.9059386337519,1.3314049051266146,9.965404447781637,4.324487658531998,1.5407399710802543,24.610814493422545,0.011926965103834064,3.1448966301489873,0.6310465254723729,0.8020265663689926,176.0599904621991,2.0295808833625415,12.052369426765893,4.5143587297999765,2.4183858730614323,200.67080495562166,2.341956420828523,13.62147122141633,5.14540525527235,2.579964985403294,42.639619043410455,0.010152077084356392,4.603054988619281,0.44883809519379425,0.7139506912035493,332.68962783990065,0.47641986950839055,9.95525237069728,3.50199608252527,1.4805223737805637,375.32924688331104,1.3043459787346228,9.965404447781637,3.9508341777190634,1.5445382450448608
c<A>r<295>R<ASP>,118.91755650951097,1.3473361808328619,6.546564040278081,2.0503026984398445,0.9853148937295191,40.452601350307695,2.696489989148189,6.869997586041436,3.677509213664336,1.2198499104831602,46.9987720545735,2.199478204868359,6.226874875729387,3.35705514675525,1.0262590459852372,126.36655477889266,1.3233091000169148,6.546564040278081,1.8052364968413237,0.8842999661913329,136.60149781757826,1.22800187988998,6.546564040278081,1.8712533947613461,0.888788982922181,72.87379209821853,2.0899089616140776,6.012666406898787,2.8028381576237895,0.8425016342527124,143.75570998033018,1.22800187988998,6.546564040278081,1.691243646827414,0.7832077910825272,41.449930772093346,0.012027705148244916,4.832473675312961,0.5383107892479655,0.8108523221191762,369.9289968204988,0.501877668640418,17.8327407072984,4.804272685980504,2.2986617867350043,411.37892759259216,1.3314049051266146,17.89153901076311,5.342583475228469,2.5297799921455364,2.153000531570785,0.018016376581030613,0.783163006814295,0.2392222812856428,0.2612730755973017,72.08608887053947,5.978601774056187,13.422691911172478,8.009565430059942,2.3907602601589497,74.23908940211025,6.0482048354320765,13.446763762213262,8.248787711345583,2.423869365202776,7.688748902934857,0.013364868505519212,2.770779017681079,0.6989771729940779,0.8632776416544875,75.71057611379342,2.3084478751225106,11.148094470269143,6.882779646708493,2.4470303117913192,83.39932501672828,2.9691314146574963,11.161459338774662,7.581756819702571,2.4180369372867356,41.124430977836035,0.012027705148244916,4.832473675312961,0.447004684541696,0.8080793124828182,419.36889424639537,0.501877668640418,17.8327407072984,4.558357546156471,2.570454965270106,460.4933252242314,1.3161964764328982,17.89153901076311,5.005362230698167,2.775774001273411,48.41544219085948,0.010023752816611164,4.832473675312961,0.5150578956474413,0.7892544711268636,373.27906107734145,0.501877668640418,11.46111391834279,3.971053841248313,1.6470702328082136,421.69450326820083,1.3314049051266146,16.29358759365575,4.4861117368957535,2.0643578558845386,14.048606095732197,0.015587461860947727,3.1448966301489873,0.4013887455923485,0.551615309643149,182.72653386717207,2.0295808833625415,15.394673189224704,5.220758110490631,3.3597358457637028,196.7751399629043,2.341956420828523,15.432813194027986,5.6221468560829795,3.3348923891529156,47.40580630236658,0.012027705148244916,4.832473675312961,0.4602505466249182,0.7412482804114049,383.70868388948657,0.501877668640418,16.85455343547892,3.7253270280532678,2.0823699653670946,431.11449019185306,1.3161964764328982,17.08706498511306,4.185577574678185,2.4170357480491167
c<A>r<296>R<VAL>,115.1462787065217,1.3842896712526411,4.353951560238664,1.9516318424834187,0.8234134373073851,43.91566169319967,2.7391919175482915,7.008335127342417,3.9923328811999697,1.5376616381799268,54.48206138312783,2.199478204868359,7.472699130135044,3.6321374255418553,1.1900143259447835,124.64393052840062,1.3233091000169148,4.116844606444515,1.755548317301417,0.7413414790091939,137.20112395280327,1.2062942654507807,3.921715063589751,1.8293483193707103,0.7575895060526371,78.14697009684242,2.0899089616140776,6.012666406898787,2.8943322258089785,0.819926652813939,146.31286414771114,1.2062942654507807,3.768561448765293,1.6817570591690936,0.6786251808622183,39.10903622235914,0.012027705148244916,3.3874226829741474,0.5925611548842293,0.7459489600876419,299.3511902308209,0.501877668640418,8.837335783869094,4.535624094406377,1.4708618602943044,338.46022645318004,1.9236445522111754,9.007451977688639,5.128185249290607,1.571551525252276,6.092021973277922,0.018016376581030613,3.426741182993336,0.553820179388902,0.9431658691417488,107.69259823604943,5.940582272705797,20.126565436203464,9.790236203277221,4.9706757342035495,113.78462020932736,6.015226090407559,22.126266720614748,10.344056382666123,5.592307697775923,10.133333071940484,0.09678511192859762,2.3987954043372994,0.596078415996499,0.6614724158276493,162.4174354379805,2.3084478751225106,20.90544813314068,9.55396679046944,5.187368675297177,172.55076850992097,2.9691314146574963,21.486001078654326,10.15004520646594,5.285970088482465,37.241420530924714,0.012027705148244916,3.729374097839809,0.43303977361540363,0.6835212540850174,363.6312913005437,0.501877668640418,8.837335783869094,4.22827082907609,1.4239286599259038,400.87271183146845,1.7808144151339007,8.877633523946095,4.661310602691493,1.5636638310997653,43.28682171774787,0.010023752816611164,3.635008443315293,0.4604981033802965,0.6340942786139684,368.2420609678349,0.501877668640418,8.339355620598553,3.9174687337003715,1.4276111814424044,411.52888268558274,1.9236445522111754,8.47411258548389,4.377966837080668,1.460644908221468,19.196681586312636,0.015587461860947727,3.1945677181601067,0.5484766167517896,0.6602760137593529,181.06990167829343,2.0295808833625415,18.699525537621412,5.173425762236955,4.093349188875211,200.26658326460608,2.341956420828523,18.862299434067957,5.721902378988745,4.154319106851587,43.994735025774126,0.012027705148244916,4.4927169337758315,0.4150446700544729,0.6305580424046323,379.16555051744393,0.501877668640418,8.339355620598553,3.5770334954475844,1.4088016247117952,423.16028554321804,1.7808144151339007,8.47411258548389,3.9920781655020567,1.4767856724796382
c<A>r<297>R<GLN>,111.52573651531897,1.3450611786735254,5.225334216401453,1.9915310092021243,0.8514509780153081,53.03238639376541,2.1461145160769797,4.890651754734861,3.1195521408097298,0.7104329224603797,48.799671535923984,2.199478204868359,4.598925349725528,3.2533114357282655,0.7050975268509087,125.08560512936685,1.321102175071885,5.225334216401453,1.6903460152617142,0.7165486961510852,129.41902729961652,1.2232257234196895,5.225334216401453,1.7974864902724517,0.7493033493801392,87.77928367237774,2.0899089616140776,4.023517406568247,2.659978293102356,0.5080381600892565,143.22325145959553,1.2232257234196895,5.225334216401453,1.5913694606621727,0.6293677177468043,41.10284709605976,0.010960198562584011,5.236568304879452,0.6227704105463601,1.0331943599316307,355.05395539574045,1.202823440231441,12.057361499710396,5.379605384783946,2.172215514793668,396.1568024918002,1.3260678384238367,12.783554532655412,6.002375795330306,2.2846364693428636,11.019332487491182,0.018016376581030613,4.188275703467774,0.5799648677626937,0.9613264244476839,137.99269002417475,1.3454754252716157,13.422691911172478,7.262773159167092,2.430146225339408,149.01202251166592,1.7794466909404392,13.446763762213262,7.842738026929785,2.5506639191318308,9.625425903523157,0.013364868505519212,2.1464926286214308,0.740417377194089,0.7053796241381123,104.44677823562648,5.257376624601648,12.343177097231091,8.034367556586652,2.0491091991378405,114.07220413914965,5.665735916625161,13.755480966620711,8.774784933780742,2.2446511226591697,40.05256926972251,0.010960198562584011,5.236568304879452,0.4944761638237347,0.9536532213788215,367.5534168947203,0.4744872995697733,12.057361499710396,4.53769650487309,2.054527926955523,407.60598616444287,1.303683415113062,12.783554532655412,5.032172668696825,2.2157911068659684,44.298024580349406,0.010023752816611164,3.800686636897777,0.5091726963258553,0.7504409148234731,376.8866915894674,1.202823440231441,12.057361499710396,4.33203093780997,1.9242598162106008,421.1847161698168,1.3260678384238367,12.200524053805289,4.841203634135825,2.002778292018534,30.4158123351558,0.011302816385208914,5.073333292775933,0.6207308639827714,0.9289064876354941,202.928229990369,1.3454754252716157,10.795943115631417,4.141392448783041,1.991831851582235,233.3440423255248,1.7794466909404392,11.173984222338424,4.762123312765812,2.149676689571359,45.403841831588885,0.012503377536524418,3.7772833143510383,0.45403841831588887,0.6606700310285747,373.0171599284734,0.4744872995697733,12.057361499710396,3.730171599284734,1.8182098012634087,418.42100176006227,1.303683415113062,12.200524053805289,4.1842100176006225,1.9067325215648028
c<A>r<298>R<GLU>,122.689821307002,1.3473361808328619,3.6069394243729085,1.8589366864697274,0.6322266357881987,55.5883249702068,2.1461145160769797,4.890651754734861,3.0882402761225998,0.7331858752042689,61.158638441748714,2.199478204868359,5.700053416139703,3.397702135652706,0.8259422616698665,136.9762375414825,1.318770047383927,3.6069394243729085,1.611485147546853,0.5241913739980808,151.6592217154008,1.2155382289759284,3.977523940643661,1.7842261378282447,0.6544961017331419,99.09836081849727,2.0899089616140776,4.0819234750021565,2.678334076175602,0.5048883844937104,164.5336994271131,1.2155382289759284,3.6791482736949623,1.58205480218378,0.5172317812538865,43.07520718793592,0.010724348941083761,5.077291662686422,0.5008745021853014,0.7980410538920123,373.1456778811152,0.5017400770935296,8.231117882110595,4.338903231175758,1.3668098664815291,416.2208850690511,1.3314049051266146,8.31085522503006,4.83977773336106,1.4003181498126152,12.510563456489328,0.018016376581030613,4.188275703467774,0.5957411169756822,0.944969570907308,160.06441427976665,1.3454754252716157,13.422691911172478,7.622114965703174,2.6637205031417057,172.57497773625596,1.7794466909404392,14.048672085380225,8.217856082678855,2.8631953229920675,16.51399561746367,0.013364868505519212,3.88263411793114,0.8256997808731835,0.984341410690118,158.70423059623698,4.737735702785585,11.804561723615052,7.935211529811849,2.0603042677639904,175.21822621370063,4.834520814714183,12.65281174631324,8.760911310685032,2.486343535817045,42.90644110724291,0.010724348941083761,4.614879384104847,0.40099477670320477,0.7259826248423341,421.7155058460199,0.47641986950839055,8.231117882110595,3.9412664097758867,1.3339998213138984,464.62194695326275,1.303683415113062,8.31085522503006,4.342261186479091,1.3755315208184968,53.994959847372996,0.010023752816611164,3.800686636897777,0.47363999866116663,0.6798749336417336,431.18476702535634,0.5017400770935296,8.339355620598553,3.782322517766284,1.4596982017910352,485.1797268727293,1.3314049051266146,8.47411258548389,4.25596251642745,1.4789430595313793,34.271834473062626,0.012210852207349632,5.073333292775933,0.6012602539133794,0.9039399260509089,254.36267397046961,1.3454754252716157,10.795943115631417,4.462503052113502,2.3072728613490803,288.6345084435323,1.7794466909404392,11.173984222338424,5.063763306026883,2.4203159158032665,52.63571084493447,0.010724348941083761,3.7772833143510383,0.4177437368645593,0.6081606824004486,426.8768629325744,0.47641986950839055,8.339355620598553,3.3879116105759874,1.4357041641897486,479.51257377750886,1.303683415113062,8.47411258548389,3.8056553474405463,1.463021108206015
c<A>r<299>R<LEU>,133.9315149847807,1.3473361808328619,3.5257076989255194,1.7393703244776715,0.5538304728221042,42.00517324918151,2.1464670178051115,4.892516975391885,3.2311671730139624,0.8092902176339409,38.78636984313658,2.2035326580266386,3.982075452595175,3.2321974869280488,0.4465762875515301,143.0555694182032,1.318770047383927,3.5257076989255194,1.5720392243758592,0.4635766921127863,149.60488944898387,1.2232257234196895,3.5257076989255194,1.6622765494331542,0.5252164732757952,69.938482741226,2.1464670178051115,4.023517406568247,2.6899416438933077,0.4933073430533363,158.72894388240638,1.2232257234196895,3.5257076989255194,1.5262398450231383,0.4288128662743903,50.288107945919165,0.010003496504368492,3.048114728960284,0.5650349207406647,0.7517871798458481,379.11251580113355,0.4872243825084297,8.383442889458422,4.259691188776782,1.4797487129740166,429.4006237470528,1.3314049051266146,8.507258273059222,4.824726109517448,1.5315934184408795,4.9276143978885525,0.018016376581030613,1.4994710634379445,0.35197245699203944,0.3930147150796885,121.737046902682,5.934144911154419,16.30419989014831,8.69550335019157,3.2789567137205355,126.66466130057056,5.9676172275428625,16.813131355519168,9.047475807183611,3.567200786132726,5.6140501702422,0.013364868505519212,2.1464926286214308,0.46783751418685,0.5417333783430329,81.36109767574175,4.737735702785585,11.148094470269143,6.780091472978479,1.6257156161565718,86.97514784598394,4.834520814714183,11.161459338774662,7.247928987165328,1.760898319268419,47.70742561007502,0.010003496504368492,3.048114728960284,0.45007005292523605,0.6763360221546766,422.7376833658358,0.47641986950839055,8.383442889458422,3.9880913525078845,1.3939389736561203,470.44510897591084,1.3043459787346228,8.507258273059222,4.438161405433121,1.439698622970957,53.37729130402343,0.010003496504368492,3.048114728960284,0.4852481027638494,0.6555763086599343,392.59091417259043,0.4872243825084297,8.383442889458422,3.569008310659913,1.321601593576676,445.9682054766139,1.3314049051266146,8.507258273059222,4.054256413423762,1.4072494684615153,18.645169023392675,0.015587461860947727,2.589055244336926,0.4439325957950637,0.4877354747244365,159.9227396187825,2.0295808833625415,12.052369426765893,3.807684276637678,2.229019921753958,178.56790864217513,2.341956420828523,13.62147122141633,4.2516168724327414,2.345346292634909,53.21853587172292,0.010003496504368492,3.048114728960284,0.45485928095489675,0.6106341430234162,381.98970900881875,0.47641986950839055,8.383442889458422,3.2648693077676816,1.3524704194609263,435.2082448805417,1.3043459787346228,8.507258273059222,3.7197285887225786,1.428601834613598
c<A>r<300>R<CYS>,112.97955169587226,1.3497170178174474,5.227794057664486,1.8829925282645377,0.7599495177867437,34.70820999037224,2.7391919175482915,4.890651754734861,3.1552918173065674,0.6946943272892752,40.89529659858508,2.2160930890019555,4.598925349725528,3.407941383215423,0.5430934777614495,122.09881226561752,1.3253289842033722,4.407276694994665,1.672586469392021,0.657955622336981,134.29775584013353,1.2232257234196895,5.227794057664486,1.814834538380183,0.7640237194460684,80.367422159277,2.2160930890019555,7.1253437455832,3.0910546984337306,1.237523655330475,143.41701640987887,1.2232257234196895,4.407276694994665,1.6484714529871134,0.6689966468815522,34.21404345606433,0.010960198562584011,2.84875648795245,0.5031476978832989,0.6683875361028563,353.58127536783593,1.9833488479164316,9.226087218727628,5.199724637762293,1.2893290625602187,387.7953188239003,2.002053980453087,9.374428951276531,5.702872335645592,1.3640591906163635,5.227205704370355,0.018016376581030613,2.019408432350488,0.3733718360264539,0.509720557195889,134.62025347375868,5.588125975666344,20.726819013276327,9.615732390982762,5.428188381672065,139.84745917812904,5.904761246853356,20.99984727046867,9.989104227009218,5.470878110302244,6.6293231447468415,0.010508912437341866,1.7471209071392977,0.5099479342112955,0.45482307073504,108.9441371562865,3.502326481968396,20.656284733418318,8.380318242791269,5.27240158493818,115.57346030103334,3.5128353944057378,22.107993953465403,8.890266177002564,5.566309488118457,30.03661973789326,0.010960198562584011,2.9050409465105753,0.3952186807617534,0.6111049575548108,348.85555519277733,1.8219827982411516,8.231117882110595,4.5902046735891755,1.23489727706103,378.8921749306706,1.8516951377968494,9.374428951276531,4.985423354350929,1.4079298619652325,42.87634317042492,0.01029729779046118,3.057171590370918,0.4660472083741839,0.67239602047418,402.30928444315106,1.8645518105777228,9.35508097570164,4.37292700481686,1.7392771518343364,445.18562761357606,2.002053980453087,10.190759680492157,4.838974213191044,1.8653340801195821,28.473925699518706,0.010508912437341866,3.6369474093071403,0.632753904433749,0.7973451134151431,206.291684431011,2.0295808833625415,17.23943221408922,4.584259654022467,3.9042703693789975,234.76561013052967,2.341956420828523,20.87637962339636,5.217013558456215,4.339721449272821,41.24147306641769,0.010658905775641436,2.7785884258427913,0.4341207691201862,0.593495266956504,376.5405290692485,1.8219827982411516,9.35508097570164,3.9635845165184054,1.797591920194181,417.78200213566623,1.8516951377968494,10.190759680492157,4.397705285638592,1.947657520851499
c<A>r<301>R<ARG>,99.89664790493096,1.3945299253107282,4.658718398356538,1.884842413300584,0.6222371783964536,45.292202337728135,2.302245469479159,4.890651754734861,3.0194801558485422,0.6692037029550844,52.937980426772874,2.2160930890019555,4.598925349725528,3.5291986951181915,0.5489520266363906,108.44442183584661,1.3249081715907711,4.658718398356538,1.5716582874760379,0.490267349106778,125.2364759092616,1.2155382289759284,4.400271632112186,1.8150213899892986,0.7169927332454497,83.08637547803531,2.207784365025557,4.598925349725528,2.6802056605817843,0.564972858593673,132.80300448011639,1.2155382289759284,4.400271632112186,1.5623882880013693,0.560021640700557,29.98879142768532,0.010960198562584011,5.26871489781249,0.5767075274554869,1.0436352063628334,301.22461186540505,1.9833488479164316,15.286251064308317,5.7927809974116355,2.6327778711935093,331.2134032930904,2.002053980453087,15.337552928899168,6.369488524867123,2.6704385662997536,6.058826445074283,0.013962965199534771,2.019408432350488,0.3564015555926049,0.45854019106362315,127.83368033295092,1.3454754252716157,19.80832287487607,7.519628254879466,4.819613870495754,133.8925067780252,1.7794466909404392,20.105575269707174,7.87602981047207,4.875514954324507,14.43221527113052,0.010508912437341866,2.19718967013754,0.721610763556526,0.6792166359269165,144.68443076905325,3.502326481968396,15.037558553322924,7.234221538452663,2.7691566542788117,159.11664604018375,3.5128353944057378,17.234748223460464,7.9558323020091875,3.17183857053229,25.04787385557087,0.010960198562584011,5.26871489781249,0.41062088287821097,0.901008007419985,312.79538141139636,1.7750567764744574,15.286251064308317,5.127793137891744,2.7430877316995064,337.8432552669672,1.8897020017248083,15.337552928899168,5.538414020769954,2.858861492117671,39.956532652457526,0.01029729779046118,4.15535333292533,0.5549518423952434,0.8495208305836482,290.3715892853861,1.8511954120488099,10.386154052339862,4.032938740074807,1.816399456476112,330.32812193784355,2.002053980453087,11.333737896067447,4.587890582470049,2.0277395239694664,28.77794499434299,0.010508912437341866,6.546868644088933,0.5534220191219806,0.9444319898278298,173.81820685787216,1.3454754252716157,5.988482045654564,3.3426578241898492,1.147584378063675,202.59615185221514,1.7794466909404392,10.475546283272651,3.8960798433118295,1.5024903859885905,37.05665301531571,0.010658905775641436,4.037242504394094,0.49408870687087614,0.762003898311776,277.6382771885362,1.7750567764744574,10.953217459289817,3.7018436958471495,2.061302214542611,314.6949302038519,1.8897020017248083,11.21562706753621,4.195932402718026,2.2441016629049857
c<A>r<302>R<VAL>,100.33354830917811,1.3724009307407512,3.7631932483072053,1.7602376896347038,0.5662052379762672,42.375533901886676,2.7391919175482915,7.34370024950432,3.5312944918238895,1.3643063724136506,56.14307472091025,2.2160930890019555,7.965957816232266,3.7428716480606834,1.2163517164491844,110.6300908244671,1.3253002651735288,3.764665074519478,1.5804298689209586,0.4882858021476479,127.07421036086195,1.2232257234196895,4.005468894984238,1.7407426076830406,0.6314669300471896,81.7844887566514,2.2160930890019555,6.943304523572588,2.9208745984518356,0.9665529866071226,136.36156256174948,1.2232257234196895,3.764665074519478,1.5855995646715055,0.5247328098628719,32.68843243030089,0.010003496504368492,3.585892923320209,0.6053413413018683,0.8524834418631768,263.9582190301233,0.4872243825084297,8.562895403796311,4.888115167224505,1.4567747475088235,296.6466514604242,1.903447984376138,8.58084315820911,5.493456508526374,1.4459993215584346,2.5176753470567066,0.02131869112992746,0.508931465370857,0.20980627892139223,0.15960446585306876,103.30696020816163,5.588125975666344,20.360783823207896,8.608913350680135,4.609420141593618,105.82463555521832,5.840216570291266,20.55017139213284,8.818719629601526,4.686517269018483,13.037690579618154,0.010508912437341866,2.194342724639526,0.6208424085532455,0.5681989033004858,187.72895309073277,3.502326481968396,22.262243925579018,8.93947395670156,5.190147546548223,200.766643670351,3.5128353944057378,22.623774193129577,9.56031636525481,5.173638039649123,30.77163542189124,0.010003496504368492,3.585892923320209,0.4963167003530845,0.7857645801075908,281.4373526561328,0.4872243825084297,8.562895403796311,4.5393121396150455,1.4446481699397316,312.2089880780241,1.903447984376138,8.58084315820911,5.035628839968131,1.5122056214463382,39.548145747765304,0.010003496504368492,3.585892923320209,0.5344344019968285,0.7910615765617391,293.8884494976705,0.4872243825084297,11.27621538027961,3.971465533752304,1.871368247009961,333.43659524543585,1.903447984376138,11.646239369453546,4.505899935749133,1.9611269266231246,28.76486702814346,0.010508912437341866,6.025193166208069,0.6253231962639882,1.0749251858236635,181.7901376293683,2.031610742226121,17.782306630491863,3.9519595136819197,3.120549794055152,210.55500465751174,2.6453692908576034,20.457513770897506,4.577282709945908,3.598903047256733,41.61514940287343,0.010003496504368492,3.585892923320209,0.5475677553009661,0.7257840248002287,263.8136508604332,0.4872243825084297,7.991767997738194,3.4712322481635947,1.5546834096805193,305.42880026330664,1.903447984376138,8.515562450987947,4.018800003464561,1.6966283043839605
c<A>r<303>R<LEU>,124.21486869942137,1.3867190133150364,4.431980581931332,1.910997979991098,0.7470123454415624,34.584265452879606,2.7391919175482915,4.715668380343066,3.1440241320799642,0.68230811402644,43.20522291400208,2.2160930890019555,6.939687195555958,3.6004352428335067,1.0858154058310847,128.79684931976576,1.3253002651735288,4.431980581931332,1.6726863548021527,0.6558021442495907,140.08835821843445,1.2232257234196895,4.431980581931332,1.7960045925440313,0.7220896032291401,63.48754129923893,2.2160930890019555,4.438786706762326,2.645314220801622,0.5378980204345524,144.82494091368469,1.2232257234196895,4.431980581931332,1.609166010152052,0.625995851554006,49.41466834499485,0.010003496504368492,3.560547824952705,0.5882698612499387,0.8540455997162774,455.6852829023727,0.4872243825084297,9.504534637327513,5.424824796456818,1.662861475703724,505.09995124736764,1.9076170305162,9.857298614789562,6.013094657706757,1.6812812731567366,1.4745311455558898,0.02131869112992746,0.4379702673462802,0.16383679395065442,0.1280543608541774,56.301522312140236,5.588125975666344,8.850158477053988,6.255724701348915,0.9478623265858845,57.77605345769612,5.765163618617939,9.288128744400268,6.419561495299569,1.0388898011687633,10.902327250290217,0.010508912437341866,1.9883110696853734,0.6813954531431385,0.5499036040292499,113.53735640725526,3.502326481968396,14.752724383748827,7.096084775453454,2.8613236480014486,124.43968365754546,3.5128353944057378,15.803937781595906,7.777480228596591,2.991763744818666,44.89954906043613,0.010003496504368492,3.542600975616196,0.5345184411956682,0.802102843708748,431.99606402312327,0.4872243825084297,9.504534637327513,5.142810285989563,1.7428920050153816,476.8956130835594,1.9076170305162,9.857298614789562,5.677328727185231,1.834643899091111,52.90459167563256,0.010003496504368492,4.870152999041479,0.5510894966211725,0.8609526390713966,435.13989384583476,0.4872243825084297,9.504534637327513,4.5327072275607785,1.941024506437471,488.0444855214674,1.9076170305162,9.857298614789562,5.083796724181952,2.0416434342007483,16.660175143341966,0.010508912437341866,1.45950875678249,0.41650437858354916,0.4190120546262,136.26929746632112,1.9304294649680367,12.03981459304083,3.406732436658028,1.9446977422906826,152.9294726096631,2.6774497978083525,12.08198074906741,3.8232368152415774,1.8496819849344337,51.98681227551149,0.010003496504368492,5.155076290880153,0.5712836513792472,0.8464735530530513,390.7450305765268,0.4872243825084297,9.504534637327513,4.293901434906888,2.1013957703377204,442.73184285203826,1.9076170305162,9.857298614789562,4.865185086286135,2.2158278406614595
c<A>r<304>R<LEU>,118.26969520049597,1.3878923524262887,4.167259510749626,1.9075757290402577,0.761426263115387,25.44491829937619,2.740774509084334,2.975848448166864,2.8272131443751323,0.08109342697151026,40.68349427004514,2.2160930890019555,4.013960529052791,3.390291189170428,0.44233694625750314,122.80788341184913,1.3253002651735288,4.167259510749626,1.7056650473867936,0.7044376974157261,134.30038491444466,1.2232257234196895,4.167259510749626,1.7906717988592622,0.7378881523386966,58.39939074591722,2.2160930890019555,3.8515265489357806,2.6545177611780555,0.4711461307851853,138.8385731257978,1.2232257234196895,4.167259510749626,1.6333949779505625,0.6702880683393255,43.797245909222326,0.011326423034487831,2.9283224755225037,0.5276776615568955,0.700202014354104,495.9521508492718,1.8635478448894995,14.672163635628067,5.975327118665925,2.21237926282076,539.7493967584942,1.9076170305162,14.713303083620602,6.503004780222821,2.194536521621461,0.8143076606185904,0.02131869112992746,0.3166352711870122,0.13571794343643173,0.09135187349464138,35.16307691354487,5.588125975666344,6.24250520599243,5.860512818924145,0.22533167209314786,35.97738457416346,5.765163618617939,6.263823897122357,5.996230762360576,0.17805663483280632,11.317869709713246,0.010508912437341866,1.9883110696853734,0.7073668568570779,0.5809512947855229,95.53120627095052,3.502326481968396,8.166906694163586,5.9707003919344075,0.9954742163716714,106.84907598066377,3.5128353944057378,8.26604951288922,6.678067248791486,1.006827009569883,38.39343605183241,0.011326423034487831,2.9283224755225037,0.4464353029282838,0.622010580790375,488.83628984949496,1.8635478448894995,14.672163635628067,5.684142905226685,2.298867557678404,527.2297259013275,1.9076170305162,14.713303083620602,6.1305782081549705,2.35092418327597,45.27425648840691,0.01029729779046118,2.528655694064562,0.4527425648840691,0.6410896145502355,477.8897088795791,1.8304621008123831,13.372768078179433,4.778897088795791,2.08046022351302,523.163965367986,1.8430219571839026,13.726325836729185,5.23163965367986,2.115245066238121,17.278376103597413,0.010508912437341866,1.45950875678249,0.42142380740481494,0.4104046267080254,134.42300862755982,1.9304294649680367,6.721011218743049,3.2786099665258495,1.1706386614309732,151.70138473115722,2.6774497978083525,7.02041468946963,3.700033773930664,1.1199944196529141,44.519007289374514,0.010658905775641436,2.483810137400658,0.4589588380347888,0.5796242184523263,445.22975785869,1.8304621008123831,13.372768078179433,4.589997503697835,2.2384301110457634,489.7487651480645,1.8430219571839026,13.726325836729185,5.048956341732623,2.274407440494066
c<A>r<305>R<ASP>,89.72575376419228,1.3990899625519113,3.9987819555672504,1.7945150752838455,0.5420231634531215,34.232658229441704,2.740774509084334,4.715668380343066,3.112059839040155,0.6511069480575424,57.870037014066135,2.191681002791479,4.175898701422157,3.4041198243568314,0.5332805235716063,96.93424350417729,1.3253002651735288,3.9987819555672504,1.5634555403899564,0.4281821264792786,114.97270994228471,1.2155382289759284,3.9987819555672504,1.6907751462100693,0.5535549180948547,78.79272319369151,2.191681002791479,4.175898701422157,2.71699045495488,0.568117723293382,122.18119968226972,1.2155382289759284,3.9987819555672504,1.5272649960283715,0.44500675431781456,20.90424069646439,0.011326423034487831,2.608282619474732,0.40988707247969397,0.6194338581815851,305.85492908223824,1.7165141058382147,14.672163635628067,5.99715547220075,2.5612422236736476,326.7591697787026,1.803257021000079,14.692048554272002,6.407042544680443,2.635417583585752,2.0098193000828246,0.07985562557351233,0.8363568943202768,0.22331325556475828,0.22738339399382773,59.68153417161902,5.519442878711686,13.023567063752182,6.631281574624335,2.2725737535994837,61.691353471701845,5.631279788209483,13.859923958072459,6.854594830189094,2.4890876125094823,17.280439798370615,0.010508912437341866,2.7482649989943777,0.7200183249321089,0.7067667974860085,147.46875495312563,3.502326481968396,8.522392509860993,6.144531456380235,1.139518514376598,164.74919475149625,3.5128353944057378,8.893658158968725,6.864549781312344,1.1916593841694347,16.14527287590957,0.01054458470437769,2.608282619474732,0.3046277901115013,0.5077101449152368,293.3665274014494,1.7165141058382147,14.672163635628067,5.535217498140555,2.6709246605494292,309.51180027735893,1.803257021000079,14.692048554272002,5.8398452882520555,2.790450901836349,31.57199842199127,0.01029729779046118,2.591873129263888,0.4266486273242064,0.6598132197258951,280.74202640169017,1.7165141058382147,8.086724927584385,3.7938111675904076,1.4096459912910158,312.31402482368145,1.803257021000079,8.530368579718754,4.220459794914614,1.5021201096726948,22.940471554344153,0.010508912437341866,1.4911682204369043,0.4681728888641664,0.4552944291348209,177.70729487187492,1.9304294649680367,10.278482635278124,3.626679487181121,1.596153418999677,200.64776642621905,2.6774497978083525,10.475546283272651,4.094852376045287,1.5724412283701874,29.92853290802581,0.010658905775641436,2.591873129263888,0.42755047011465447,0.5497707562631595,238.3838433030457,1.7165141058382147,8.086724927584385,3.4054834757577956,1.507078894735312,268.3123762110715,1.803257021000079,8.530368579718754,3.8330339458724505,1.6121557814037963
c<A>r<306>R<ASN>,92.74490842905178,1.4981786707991536,3.58504457775332,1.8185276162559172,0.5512075397284829,38.61574021541656,2.7515352699525404,4.715668380343066,3.2179783512847133,0.6989252157904368,54.42038898718286,2.2160930890019555,6.939687195555958,3.6280259324788573,0.9732939751290521,99.94046586801268,1.3253002651735288,3.58504457775332,1.5615697791876981,0.4048195200757699,113.98881111302883,1.2239978428180787,3.58504457775332,1.7013255390004303,0.5531100246166513,75.22345127771246,2.2160930890019555,4.292109407405548,2.6865518313468733,0.5373647088937372,121.1843685519897,1.2239978428180787,3.58504457775332,1.5148046068998713,0.4070711735715517,23.084927080099728,0.010455724498961594,2.8007336306586383,0.404998720703504,0.563203598622764,306.91117014381007,1.4618280279397027,8.89325050101165,5.384406493751054,1.6928583887993527,329.9960972239099,1.5758054196764006,9.129021173589138,5.789405214454559,1.7283359260201074,2.69633273878856,0.07985562557351233,0.8363568943202768,0.269633273878856,0.22824706558879312,67.44547485160832,4.925706857032484,13.023567063752182,6.744547485160832,2.3195221136144846,70.14180759039688,5.335687632977448,13.859923958072459,7.014180759039688,2.515361329247518,19.856070868414612,0.010508912437341866,3.789596675837501,0.9025486758370278,0.8858215005200566,150.679956278022,3.502326481968396,14.752724383748827,6.849088921728272,2.5955075570770103,170.5360271464366,3.5128353944057378,15.803937781595906,7.7516375975653,2.609355116345533,19.54700524448865,0.010301436567907274,3.2783914652684896,0.3429299165699763,0.5393532270437295,282.61861136972067,0.5793772059060416,8.89325050101165,4.958221252100363,1.843775549064783,302.1656166142092,1.5076314916285547,9.129021173589138,5.301151168670337,1.8847772852919926,31.258082634391563,0.01029729779046118,2.528655694064562,0.39072603292989455,0.603776285947005,325.77369418491895,1.4618280279397027,8.614673860631463,4.072171177311487,1.7561479752229698,357.0317768193105,1.5758054196764006,9.129021173589138,4.4628972102413815,1.809175925386299,19.889260519996917,0.010508912437341866,1.3878921568287534,0.40590327591830444,0.4095496934232761,187.94009656110805,1.9304294649680367,12.03981459304083,3.8355121747164906,1.9399781075168185,207.82935708110494,2.6774497978083525,12.08198074906741,4.241415450634795,1.8622624015539928,28.84690030636876,0.010455724498961594,2.5211870502167297,0.39516301789546243,0.5235789573927273,268.6606145103277,0.5793772059060416,8.614673860631463,3.6802823905524344,1.9090492667931762,297.5075148166965,1.5076314916285547,9.129021173589138,4.075445408447898,1.9611838202949365
c<A>r<307>R<VAL>,102.71471542113949,1.4981786707991536,4.012871160640057,1.8675402803843544,0.6605778038077067,40.161764135568745,2.7515352699525404,4.715668380343066,3.3468136779640623,0.7616756001416426,65.36938657355137,3.118225823260997,6.9114504950164,3.8452580337383155,0.9484559888401832,114.08447701956383,1.3253002651735288,4.012871160640057,1.653398217674838,0.5853958297850979,130.24890116095727,1.2239978428180787,4.012871160640057,1.7842315227528394,0.6542053463965878,88.59023332438326,2.232009595123627,5.632180933252812,2.8577494620768795,0.7631180937848189,141.09503951743423,1.2239978428180787,4.012871160640057,1.6217820634187843,0.5738431697758349,30.870487009065954,0.010025510132672277,2.8007336306586383,0.49791108079138635,0.6593410537870025,318.3094314041653,1.4618280279397027,8.614673860631463,5.134023087163957,1.4585155980214581,349.1799184132313,1.5758054196764006,9.129021173589138,5.631934167955343,1.5291722348326993,4.7328507500914165,0.07985562557351233,2.5542257232025136,0.47328507500914163,0.7285170030312261,109.33267771307166,5.519442878711686,28.23025106035631,10.933267771307166,7.9938211097294385,114.06552846316306,5.631279788209483,28.43915939558863,11.406552846316306,8.448902075561948,27.675206018835162,0.028050525497808287,6.06896938113011,1.0644310007244293,1.305831731995051,237.4726274671902,3.9665746770009633,22.284727301616897,9.13356259489193,4.822858135978701,265.1478334860254,5.451642053408368,22.32408035661747,10.19799359561636,4.762424517022199,27.993109756118468,0.010025510132672277,3.2783914652684896,0.43739233993935106,0.6690298764715868,312.4444530763123,0.5793772059060416,8.614673860631463,4.88194457931738,1.4957910446657559,340.4375628324308,1.5076314916285547,9.129021173589138,5.319336919256731,1.5634297812824136,42.046101998421236,0.01029729779046118,4.0394323060698225,0.4671789110935693,0.7050803009537471,424.9667517239523,1.4618280279397027,16.674875175577256,4.7218527969328035,3.041698249732924,467.01285372237356,1.5758054196764006,16.771492087911447,5.189031708026373,3.004219608092502,26.45447965972109,0.010658905775641436,6.166746987905331,0.4898977714763165,0.873200853315353,271.80945480179093,1.9304294649680367,22.284727301616897,5.033508422255387,4.257034467048793,298.263934461512,2.6774497978083525,22.32408035661747,5.523406193731704,4.421050160194665,41.28940658073961,0.010455724498961594,4.0394323060698225,0.4801093788458094,0.6525978080673642,384.4888802253938,0.5793772059060416,16.674875175577256,4.470800932853416,3.1946279998350597,425.7782868061335,1.5076314916285547,16.771492087911447,4.950910311699227,3.1579663999052707
c<A>r<308>R<GLU>,101.45043356140452,1.5011321226091348,3.9987819555672504,1.8787117326186022,0.6538482197131248,45.59610053980337,2.7034516321283903,6.172469768306586,3.5073923492156442,1.1840791468520269,57.47031607477072,2.191681002791479,6.579885493107731,3.831354404984715,0.9743431751338406,108.88014398766632,1.3253002651735288,3.9987819555672504,1.6011785880539164,0.5113050099530717,122.33372339186049,1.2239978428180787,3.9987819555672504,1.7476246198837213,0.6241452294987394,82.34265856282049,2.191681002791479,5.378199612381392,2.8394020194076033,0.7675265202629667,130.2316663870699,1.2239978428180787,3.9987819555672504,1.5503769807984513,0.5006513347898486,27.42045423878546,0.01391403140044467,8.136835907768484,0.5273164276689511,1.1651943536322213,271.20587505355513,1.7165141058382147,11.906546777262747,5.215497597183752,1.7691647055227906,298.62632929234053,1.803257021000079,12.517811164478676,5.742814024852702,2.042620386277051,7.457350200266141,0.026440723410864564,3.9677877878028642,0.6779409272969219,1.0957910842676752,123.84907442677935,5.519442878711686,23.759363540690075,11.25900676607085,5.366462574012981,131.3064246270455,5.631279788209483,23.78580426410094,11.936947693367772,5.488524805187056,20.685753666389406,0.020401451946867155,4.042350165428083,0.985035888875686,1.1505660972511456,187.17474894948154,3.9665746770009633,20.55297977035838,8.913083283308644,4.200544851216941,207.860502615871,5.451642053408368,20.67132063084394,9.898119172184334,4.111040117708686,21.212509344786746,0.010301436567907274,6.822415603465153,0.35354182241311244,0.9208544350423771,297.32089578824076,1.7165141058382147,11.906546777262747,4.955348263137346,1.6949818803162757,318.53340513302754,1.803257021000079,12.481157716802969,5.308890085550459,1.868444893794817,35.77695721551299,0.010030830447798955,5.576603693710407,0.4707494370462235,0.8201960694271042,321.2804860460516,1.7165141058382147,12.50428775497969,4.2273748163954155,1.8639739444273986,357.0574432615645,1.803257021000079,13.00123479841291,4.698124253441638,1.9626363081538025,25.326939862268652,0.022336563626256023,4.494958418176132,0.5276445804639303,0.7058222148622093,235.8119332392285,1.9304294649680367,12.50428775497969,4.912748609150594,2.8979519629969293,261.1388731014972,2.6774497978083525,13.00123479841291,5.440393189614525,3.033365038766724,32.587246717357175,0.010030830447798955,4.51902693836314,0.43449662289809565,0.6691600074830499,294.4837934806583,1.7165141058382147,12.50428775497969,3.9264505797421103,1.903358131042596,327.0710401980154,1.803257021000079,13.00123479841291,4.360947202640205,2.0045686649269
c<A>r<309>R<ASN>,69.22366412526844,1.5030330166553856,4.186155877035729,1.9228795590352346,0.7364348985758968,42.46251198993307,2.7515352699525404,6.172469768306586,3.860228362721188,1.2222865278547466,47.69626107491594,2.191681002791479,4.74586929402522,3.668943159608918,0.6138949877889092,80.51986032226552,1.3253002651735288,3.938010624052905,1.6774970900471982,0.6135883584418219,87.44861898002021,1.2239978428180787,3.938010624052905,1.7489723796004042,0.6684271941951722,73.22002073873907,2.191681002791479,5.378199612381392,2.9288008295495627,0.8545204672703782,99.46119299894777,1.2239978428180787,3.938010624052905,1.6042127903056091,0.5919227045673827,9.471252332193052,0.010025510132672277,1.23590738634711,0.305524268780421,0.3602656067205049,154.01841158055814,1.7165141058382147,6.468425862368406,4.968335857437359,1.1471680601259835,163.4896639127512,1.803257021000079,6.885529687276605,5.273860126217781,1.2467701497844101,4.446971735428037,0.07985562557351233,0.9215463529912888,0.4446971735428037,0.36010420645828195,103.17892269452291,5.519442878711686,15.807775193291732,10.31789226945229,3.8475638392330422,107.62589442995097,5.631279788209483,16.66980819766764,10.762589442995097,4.079793209749954,15.802374321193405,0.028050525497808287,3.789596675837501,0.9876483950745878,0.9722441103912989,98.54383394714377,3.9665746770009633,8.522392509860993,6.1589896216964855,1.0554166171363888,114.34620826833716,5.451642053408368,8.893658158968725,7.146638016771073,0.9991231736063397,10.964883916880359,0.010025510132672277,2.627978156799763,0.2811508696635989,0.523208768740869,194.08909486114626,1.7165141058382147,9.719269706598482,4.976643457978109,1.6162718346364637,205.05397877802662,1.803257021000079,10.699397522253541,5.257794327641708,1.8157912887286256,18.51382007243689,0.012559856371519462,2.003931684464688,0.3702764014487378,0.5225239414571794,190.76682361851343,1.7165141058382147,6.290195240625565,3.8153364723702685,1.2001518891278524,209.2806436909503,1.803257021000079,6.656530339787995,4.185612873819006,1.2217207905346517,18.061769768229503,0.028050525497808287,1.6418451047547613,0.46312230174947444,0.444236561501642,175.57220682108272,1.9304294649680367,11.090667337991281,4.501851456950839,2.327231334720702,193.63397658931223,2.6774497978083525,11.344137838643807,4.964973758700314,2.36344363222676,19.696564619815295,0.012559856371519462,1.7797872290332952,0.38620714940814305,0.45025017027198183,187.43286358331486,1.7165141058382147,9.719269706598482,3.6751541879081344,1.6367618221305664,207.1294282031302,1.803257021000079,10.14456545792524,4.061361337316279,1.708381492533046
c<A>r<318>R<GLY>,76.12663265506151,1.4776647481166811,3.818571365187485,1.7703868059316632,0.5282801442431961,31.93798992523272,2.702481748895425,6.163196786377174,3.54866554724808,1.2448257498595416,52.263803118768024,2.186222338708522,6.579885493107731,3.733128794197716,1.1269484483728975,85.46454935409035,1.3258394326975254,4.09791448424797,1.6125386670583086,0.5379047970439202,98.62052836288471,1.2276191786815063,3.583995023443938,1.7003539372911158,0.5648096827305005,71.38833358795993,2.186222338708522,5.20217186179057,2.9745138994983304,0.8970667053959033,107.78622053461159,1.2276191786815063,4.09791448424797,1.5850914784501704,0.5507447443151386,15.284702060218997,0.01030191190208507,7.189227258929606,0.6113880824087599,1.4179969476768273,123.15287714688839,1.456618390995402,16.586583182745997,4.926115085875535,3.050487331228366,138.43757920710735,1.5715195006417246,16.774400020686194,5.537503168284294,3.390624657172158,0.5149965592389094,0.03686387683795189,0.430903005412258,0.17166551974630315,0.183357424963732,20.796113786618562,6.141250886231319,8.488076143102774,6.932037928872854,1.1003345592093006,21.31111034585747,6.178114763069271,8.918979148515032,7.103703448619157,1.2836774341640895,17.966530975764794,0.01611436470933114,3.877364040010143,0.945606893461305,1.0335846661526737,183.24622061784422,4.959589609656725,17.51881282323899,9.644537927254959,3.6023271751171424,201.212751593609,6.149102594070886,17.558614003613854,10.590144820716263,3.677570569625564,12.592252829541193,0.01030191190208507,5.370813616704471,0.3597786522726055,0.8978253937463605,179.08604370920716,0.5819348800621924,16.586583182745997,5.1167441059773475,3.2440795735732575,191.67829653874833,1.5072886881774248,16.774400020686194,5.476522758249952,3.338789921852171,23.00491193328119,0.010030830447798955,6.200751802110467,0.5001067811582868,1.0634840380905883,168.30206422921609,1.456618390995402,8.867828111801899,3.658740526722089,1.6265300208428908,191.30697616249728,1.5715195006417246,9.453585612498795,4.158847307880376,1.8061772192918635,22.35461354596054,0.01794767152026644,5.146769021308067,0.677412531695774,1.0148180241054818,168.361574203075,2.108658356965898,10.833223151126958,5.101865884941667,2.7703289740168717,190.71618774903553,2.592909520568647,11.292162181282414,5.77927841663744,2.9686149540980713,22.938230724184073,0.010030830447798955,5.143175046763201,0.45876461448368144,0.8226273832313009,169.27499598424728,0.5819348800621924,8.071419365453778,3.385499919684946,1.5083236299495102,192.2132267084313,1.5072886881774248,8.396008857151529,3.844264534168626,1.6729238657931127
c<A>r<320>R<ILE>,118.0314946294373,1.3814920455068884,3.8640748577330943,1.8158691481451894,0.6493564180927274,26.43976281384319,2.7034516321283903,6.490608225794332,3.3049703517303985,1.2077004017446107,56.58288807831128,2.191681002791479,5.890218521328731,3.7721925385540853,0.878003774379549,121.22669914094004,1.3249969916430306,3.8640748577330943,1.6381986370397303,0.580458261659388,138.625481878622,1.2223078852882765,3.8067716826158957,1.7114257022052097,0.6000293210405578,67.0695271638694,2.191681002791479,4.867191640403992,2.7945636318278915,0.7053143922837676,141.3254390491485,1.2223078852882765,3.8067716826158957,1.57028265610165,0.5089606094907024,40.56975719552457,0.011812982681093764,3.000433785687745,0.5409300959403276,0.7043624760000758,369.6760517066106,0.4857314197416258,11.577413860034884,4.929014022754808,1.7209898030039787,410.2458089021352,1.5715195006417246,12.582185360880471,5.469944118695136,1.7193238571667193,1.0252627788010003,0.03686387683795189,0.33673965308492093,0.1708771298001667,0.11165693291075682,45.22971688509081,5.834192995727619,14.169349057637081,7.538286147515135,2.9732165347809545,46.2549796638918,5.990870609676069,14.457356232364312,7.709163277315301,3.0299213859850544,17.281475047620866,0.016687412479904573,3.877364040010143,0.7855215930736758,0.9721131380281579,203.7579301993431,4.50693211080943,20.55297977035838,9.26172409997014,3.8713553168459796,221.03940524696395,4.523619523289335,20.575239362348977,10.047245693043816,3.8842737426294676,35.99208626725494,0.01081141414637976,3.000433785687745,0.4674296917825317,0.6362709317211688,367.7335260649751,0.4857314197416258,10.524541536610716,4.77576007876591,1.6598165018050202,403.72561233223,1.5072886881774248,10.749563385087896,5.243189770548442,1.61599449988629,48.07360726052335,0.010030830447798955,3.000433785687745,0.5225392093535147,0.6907264607430204,392.74134900724914,0.4857314197416258,12.50428775497969,4.268927706600534,1.915674192051459,440.8149562677725,1.5715195006417246,13.00123479841291,4.791466915954049,1.9490623708789026,19.445499557592907,0.016687412479904573,4.494958418176132,0.6076718611747783,0.8124738175240698,148.93234528654892,2.189646093826468,12.50428775497969,4.654135790204654,2.846507128578558,168.3778448441418,2.592909520568647,13.00123479841291,5.261807651379431,3.092805423861392,44.680187520610446,0.010030830447798955,3.000433785687745,0.5020245788832635,0.62743938796843,366.33051950435254,0.4857314197416258,12.50428775497969,4.116073252857894,1.9564058490400693,411.0107070249629,1.5072886881774248,13.00123479841291,4.6180978317411565,1.9897181860723607
c<A>r<321>R<PRO>,97.63094811342584,1.3858704307494834,3.856877113151106,1.8079805206189972,0.6104824215706691,33.632428562936035,2.297856312661552,5.4770843936914,3.0574935057214576,0.8351606133955732,40.43538824392037,2.191681002791479,5.890218521328731,3.675944385810943,0.8299906978277946,104.79018702723036,1.3249969916430306,3.856877113151106,1.5877301064731872,0.510986649316149,112.61576909504976,1.2223078852882765,3.4012277971269027,1.7062995317431782,0.5366726628560684,62.57656690580304,2.191681002791479,4.867191640403992,2.720720300252306,0.6291042074226527,119.41628600270026,1.2223078852882765,3.4012277971269027,1.5309780256756444,0.4115444639027528,25.60389712726621,0.010815773004335227,2.3888105523765395,0.44919117767133704,0.6027870642931624,257.90991608989503,0.49137368618403343,8.625176492151525,4.524735369998158,1.2725633800788843,283.5138132171612,1.5715195006417246,8.694420130067083,4.973926547669495,1.2156632241540144,3.573659958006099,0.03686387683795189,1.380530488782334,0.3573659958006099,0.41763554467942465,68.39136390004417,1.3346342939225906,10.095148026266145,6.839136390004417,2.338028881423544,71.96502385805026,1.7692691634237314,10.192939420564208,7.196502385805026,2.4181520124369786,11.45192404257797,0.014420352714383355,3.0364519037667215,0.7157452526611231,0.9027712098867454,125.78591071028384,4.50693211080943,12.427612259788702,7.86161941939274,2.480150019246145,137.23783475286183,4.523619523289335,13.161971270969074,8.577364672053864,2.6905465860358313,22.347397819651526,0.010520658924134452,1.6839347795123603,0.354720600311929,0.42869263317419387,275.3295963602591,0.49137368618403343,8.625176492151525,4.370311053337446,1.2321733208600343,297.67699417991054,1.5072886881774248,8.694420130067083,4.725031653649373,1.1526405955803203,33.72456279794786,0.010030830447798955,2.098563875306941,0.49594945291099796,0.5751264074182432,247.73229086578982,0.49137368618403343,8.625176492151525,3.643121924496909,1.1878403950561307,281.4568536637377,1.5715195006417246,8.694420130067083,4.139071377407908,1.1938130153363409,16.223410199872106,0.01231816069655256,2.1465662658160554,0.4916184909052153,0.48010077902321435,143.59921311538847,1.3346342939225906,10.184747173179858,4.351491306526923,2.423406018338852,159.82262331526059,1.7692691634237314,11.292162181282414,4.843109797432139,2.533982904278666,32.16654113619131,0.010030830447798955,2.098563875306941,0.45952201623130445,0.4908391237628609,246.2428837778952,0.49137368618403343,8.625176492151525,3.51775548254136,1.3028174081796,278.40942491408646,1.5072886881774248,8.694420130067083,3.9772774987726636,1.260522636904315
c<A>r<322>R<LYS>,88.27748708487911,1.3878923524262887,4.082835965448321,1.8391143142683148,0.6479300367606854,46.5748696084907,2.3031672408004944,6.875579254810025,3.8812391340408916,1.6002347779224697,40.073069424748546,3.308028860952655,6.265896252508464,4.007306942474854,0.824807159039523,96.51756995483073,1.3249969916430306,3.9987819555672504,1.5822552451611596,0.5033962037924603,102.86084618133972,1.2223078852882765,4.082835965448321,1.7434041725650802,0.6083984660341786,68.9606999210009,2.2321547965071846,6.0404037490030476,2.9982913009130825,1.1263224793038655,110.58379835504479,1.2223078852882765,3.9987819555672504,1.535886088264511,0.44694432253929495,22.505644060001654,0.010815773004335227,2.3888105523765395,0.5358486680952774,0.6510333614028047,186.9329185783635,1.4553108064922071,7.450267536300004,4.450783775675322,1.4145445467049005,209.43856263836517,1.570898760593687,8.564089135557378,4.986632443770599,1.528314547747324,5.746357486427733,0.03686387683795189,2.897983589709746,0.522396135129794,0.8329130533333038,105.36695579749515,5.834192995727619,18.64335783763204,9.57881416340865,4.040395335050501,111.11331328392289,5.990870609676069,18.81553766592691,10.101210298538446,4.379937376128837,9.535274565338181,0.07154892395421708,2.7114408439560416,0.7946062137781817,0.7002196782751617,85.36224019486488,4.704478391307077,13.068369503728974,7.11352001623874,2.2627365111447153,94.89751476020304,5.772364163396819,13.774306406673382,7.9081262300169195,2.2396543466929137,19.1437190487382,0.010815773004335227,1.9531225761903634,0.44520276857530694,0.4693469343265384,181.6979051800094,0.5775013020147668,7.450267536300004,4.2255326786048695,1.284878034299272,200.84162422874763,1.5015060662257862,8.564089135557378,4.670735447180178,1.3545030865801626,27.485787615282433,0.010030830447798955,3.7827408802964833,0.5185997663260836,0.6723318442619478,193.53360746586478,1.4553108064922071,7.450267536300004,3.6515774993559393,1.3372847252229845,221.0193950811472,1.570898760593687,8.312629651755056,4.170177265682023,1.5126345897975562,16.376919207056154,0.02471330506322822,4.360627075562231,0.5282877163566502,0.7990798799576341,181.8047476054723,2.189646093826468,14.530708035635284,5.864669277595881,3.7979803165998605,198.18166681252842,2.592909520568647,14.560815011344843,6.39295699395253,3.9476143779258757,25.22615536377627,0.010030830447798955,3.7827408802964833,0.5148194972199239,0.6194258928092741,167.639615383212,0.5775013020147668,7.450267536300004,3.4212166404737143,1.3718921379026887,192.8657707469883,1.5015060662257862,8.312629651755056,3.9360361376936384,1.5053457232299194
c<A>r<323>R<LEU>,122.98589470938106,1.3814920455068884,4.2018614708118704,1.8920906878366317,0.7739835771478024,54.692248659663214,2.7034516321283903,6.875579254810025,3.9065891899759437,1.4113272787442868,43.21121266243219,3.308028860952655,6.389892266065291,3.928292060221108,0.8479220505214512,134.192716785149,1.3249969916430306,4.2018614708118704,1.6774089598143624,0.6536506920373442,137.23092786108575,1.2223078852882765,4.2018614708118704,1.782219842351763,0.7365862103493938,76.34210694128555,2.2321547965071846,6.0404037490030476,2.9362348823571365,1.1123999522619816,148.4377499368537,1.2223078852882765,4.2018614708118704,1.6134538036614532,0.6123133455647728,45.02988413622347,0.013467396745024729,3.0713190213271435,0.6085119477868037,0.7076584503326048,354.71761672547046,0.4857314197416258,8.625176492151525,4.7934813071009525,1.5685852264172233,399.74750086169405,1.570898760593687,9.30145246265368,5.401993254887757,1.5994784155897876,12.322329676926435,0.019630706983178925,4.143073176989656,0.821488645128429,1.2541009562568897,151.95996653784692,5.834192995727619,17.90832920087054,10.130664435856461,4.211400354688026,164.2822962147734,5.990870609676069,18.856268072812938,10.952153080984893,4.6703779055162205,8.809784490864637,0.07154892395421708,2.7114408439560416,0.6292703207760455,0.6253250061414001,99.05783858224054,4.704478391307077,13.068369503728974,7.075559898731467,2.1786540465409105,107.86762307310515,5.772364163396819,13.774306406673382,7.704830219507511,2.1043843808064406,42.91149186373992,0.01081141414637976,2.782283093911582,0.5572921021264925,0.6239298116184636,346.9417817243808,0.4857314197416258,8.625176492151525,4.505737424991959,1.532037543104526,389.85327358812066,1.5015060662257862,9.30145246265368,5.0630295271184504,1.5388782818072415,49.459124087994006,0.010030830447798955,3.7827408802964833,0.5318185385805807,0.6565858457972845,399.94368860431337,0.4857314197416258,15.854882467310677,4.300469769938854,2.005990135705036,449.4028126923074,1.570898760593687,15.945713066062465,4.832288308519434,2.035142213728709,22.252609541968916,0.01231816069655256,3.968310244381879,0.6014218795126733,0.8835297186811186,195.06567600697906,2.189646093826468,16.655958067701377,5.272045297485921,3.7813124300751952,217.318285548948,2.592909520568647,17.06904703359574,5.873467176998595,4.044566593768074,49.01024172423476,0.010030830447798955,3.7827408802964833,0.5569345650481222,0.6393266919245392,346.0307103560143,0.4857314197416258,8.625176492151525,3.9321671631365263,1.6621169985529276,395.0409520802491,1.5015060662257862,9.30145246265368,4.489101728184649,1.704777633909334
c<A>r<324>R<PHE>,138.25590302187123,1.3497170178174474,3.8640748577330943,1.7955312080762498,0.5700585851267209,54.98593586749158,2.144976871783952,5.4770843936914,3.4366209917182236,0.9326817939408905,46.05306400200385,3.308028860952655,5.890218521328731,3.8377553335003207,0.7031094950728688,146.2264276567561,1.3207895483120178,3.8640748577330943,1.5556002942208096,0.44631092352301904,153.22855535283492,1.2223078852882765,3.8640748577330943,1.7025395039203879,0.5221631182160072,78.66002618649897,2.144976871783952,4.867191640403992,2.7124146960861713,0.5764974743113578,160.92343132804223,1.2223078852882765,3.8640748577330943,1.5039573021312358,0.37186923063632166,51.95653354014017,0.010815773004335227,5.576165164543685,0.5904151538652292,0.9102431547959566,388.7034097013468,0.4857314197416258,8.625176492151525,4.417084201151668,1.5529858752372447,440.659943241487,1.3359573480666151,9.295040431030888,5.007499355016898,1.657006680624965,19.210436483668875,0.019630706983178925,9.303727091361168,1.280695765577925,2.383678742025903,123.48017469776651,5.834192995727619,14.582466585529858,8.232011646517767,2.1089217459397753,142.6906111814354,5.990870609676069,17.564963190156448,9.512707412095693,3.27471190921088,11.65573756964897,0.014420352714383355,3.0364519037667215,0.6475409760916094,0.827696929849558,127.76692115841587,4.704478391307077,12.427612259788702,7.09816228657866,2.0732402816541544,139.42265872806485,5.409027390991705,12.984633720036602,7.745703262670269,2.2328388495359905,48.131667524201404,0.010520658924134452,5.576165164543685,0.5408052530809146,0.8261623213378694,379.25059259360654,0.4767529356054183,8.625176492151525,4.2612426134113095,1.5654525007755618,427.3822601178079,1.3047070843890283,9.295040431030888,4.802047866492224,1.5761009123813878,53.06601611205872,0.010815773004335227,3.4882431709027717,0.4824183282914429,0.6525293630578389,436.51802619282324,0.4857314197416258,10.0787653937021,3.9683456926620293,1.6037938000142156,489.58404230488196,1.3359573480666151,10.090695481483317,4.450764020953472,1.6298651947337588,21.570162606168946,0.01066762583117864,3.6845305865277567,0.5261015269797303,0.71373158960646,195.92070950913705,2.189646093826468,10.873019143020656,4.778553890466758,2.4003724643634166,217.490872115306,2.592909520568647,10.898041354416097,5.3046554174464875,2.4650436424779762,52.37013578351662,0.01081141414637976,3.209406560552197,0.5289912705405719,0.6354172325969375,368.27191380759166,0.4767529356054183,8.625176492151525,3.7199183212888047,1.6113465583300512,420.6420495911082,1.3047070843890283,8.694420130067083,4.248909591829376,1.587182025840616
c<A>r<325>R<ARG>,127.81696820953755,1.3799193947681987,3.524775576089334,1.800238988866726,0.5337087363608967,51.50103737438977,2.297856312661552,5.4770843936914,3.4334024916259844,0.9054838499508564,66.0586900631592,2.1897958407971996,5.890218521328731,3.669927225731067,0.8238031789536241,136.35549540579154,1.3249969916430306,3.524775576089334,1.5673045448941556,0.4162488413192575,151.7298398336776,1.2223078852882765,3.5525378319473258,1.6858871092630845,0.49201392370047103,92.22252897504572,2.1897958407971996,4.0913110681423985,2.7124273227954623,0.5168653852589348,160.0251030479964,1.2223078852882765,3.5525378319473258,1.509670783471664,0.35162302865814427,42.168157886936015,0.010815773004335227,2.839604900221417,0.540617408806872,0.7209936959097671,331.96987155466525,0.49137368618403343,6.349934633273747,4.25602399429058,1.2799440731560283,374.13802944160113,1.5715195006417246,6.669214979401412,4.796641403097451,1.2952844297248012,8.502881525919223,0.019630706983178925,3.3751418430852276,0.5001695015246602,0.7941012113019659,131.8908151544251,1.3346342939225906,11.816900310669098,7.758283244377947,2.251370464529719,140.3936966803443,1.7692691634237314,11.878797893189876,8.258452745902606,2.3463843184573143,21.750226660168025,0.014420352714383355,3.936533157613084,0.7016202148441298,0.9132989194977527,242.76126468883768,4.704478391307077,13.535037237603902,7.831008538349603,2.4478281865535623,264.5114913490057,5.409027390991705,13.830429271401826,8.532628753193732,2.6337446390966885,38.29210819129903,0.010520658924134452,2.6601677147465725,0.45049539048587095,0.5919014999112607,348.9209651891652,0.49137368618403343,9.828642338409736,4.104952531637237,1.2735795409147173,387.2130733804642,1.502843056987896,9.927361649086919,4.555447922123109,1.235122729814181,48.96585974387604,0.010815773004335227,2.8152526738868655,0.49965163003955143,0.6015209089100829,343.01680784922974,0.49137368618403343,6.910516961903568,3.5001715086656096,1.1484924977878699,391.9826675931057,1.5715195006417246,7.092635587388527,3.9998231387051604,1.1224918622070248,30.430844510151186,0.01231816069655256,4.051412425613677,0.5966832256892389,0.8186341015458766,251.80517287156442,1.3346342939225906,10.873019143020656,4.937356330814989,2.301762262981731,282.23601738171556,1.7692691634237314,11.423742133064636,5.534039556504227,2.371710435940063,46.11801852893748,0.01081141414637976,2.8152526738868655,0.47544348998904623,0.5818670699895482,326.0107058196852,0.49137368618403343,6.910516961903568,3.3609351115431463,1.1907814627978786,372.12872434862265,1.502843056987896,7.092635587388527,3.8363786015321923,1.1173577242029458
c<A>r<326>R<GLY>,121.89817880266219,1.3799193947681987,4.351795210046899,1.8753565969640336,0.6762105510131693,53.942940151338604,2.3031672408004944,5.4770843936914,3.59619601008924,0.7645438482811235,76.3790693784127,2.1897958407971996,4.85529288380411,3.637098541829176,0.6598831205079195,131.43814434889347,1.3249969916430306,4.351795210046899,1.622693140109796,0.5725071855098471,155.42538930898775,1.2223078852882765,4.351795210046899,1.7864987276895143,0.6682934136681333,98.46774215179721,2.1897958407971996,4.0913110681423985,2.6612903284269516,0.43866680701710403,163.6385754163805,1.2223078852882765,4.351795210046899,1.5887240331687427,0.5406622201618817,40.14494334080809,0.010387538204888358,2.9962159986501424,0.5018117917601012,0.6634309071604074,373.3265342496328,0.49204550818649295,11.100474170431255,4.66658167812041,1.6466815591389075,413.47147759044094,1.5729594756124623,11.227717050241335,5.168393469880511,1.6835060486249303,15.450928451492112,0.019630706983178925,4.4377845309564545,1.1885329578070856,1.4793043907598036,105.37805537636662,6.2000317377333545,11.816900310669098,8.106004259720509,1.5525651558814542,120.82898382785874,6.389450738626968,12.316128792017386,9.294537217527594,1.9680589845279868,25.82961207113511,0.0600312293781915,5.710657206114149,0.7596944726804444,1.040621178636936,227.0152911919327,3.6599944474564836,13.535037237603902,6.676920329174491,2.002803603142618,252.84490326306783,4.4820767437236615,13.643599310190073,7.436614801854937,2.0177189972091143,41.28410314859138,0.010520658924134452,3.506669533564926,0.4745299212481768,0.6305200145705946,377.48987201478343,0.49204550818649295,10.382420734728441,4.338964046146936,1.3794219972764317,418.77397516337476,1.502843056987896,10.466749361954836,4.813493967395112,1.4488147586482705,51.230991756968386,0.010387538204888358,2.8152526738868655,0.4657362886997126,0.5501290849819622,420.95867548436166,0.49204550818649295,10.0787653937021,3.826897049857833,1.464123087388997,472.1896672413301,1.5729594756124623,10.537751079898092,4.292633338557546,1.4401210362949308,29.426928792364244,0.01231816069655256,5.697016394242283,0.6843471812177732,0.9627157540207907,192.2881491211097,2.230705505699234,11.580840378979929,4.471817421421156,1.9465116295183433,221.71507791347398,2.647775651721671,12.445459070486082,5.156164602638929,2.063746349653568,49.39251080079684,0.010520658924134452,2.8152526738868655,0.43326763860348105,0.5425222294720343,427.218577885493,0.49204550818649295,10.382420734728441,3.747531384960465,1.5677427199896616,476.6110886862898,1.502843056987896,10.537751079898092,4.180799023563946,1.532246189775347
c<A>r<327>R<LYS>,117.96101768715693,1.3799193947681987,3.641279239983773,1.8147848874947219,0.5636543814125562,47.54631199213205,2.786563238646649,5.51091867612555,3.962192666011004,0.7452488079258398,52.79526390484216,2.1897958407971996,4.586590943357708,3.771090278917297,0.7309243018132561,125.86242000733657,1.3262182912420795,3.641279239983773,1.6136207693248277,0.4747048671124467,135.31004675496524,1.228075281998035,3.3833148810422804,1.6913755844370655,0.5049960479145049,72.21668062042274,2.1897958407971996,4.0913110681423985,2.6746918748304718,0.45938885462709705,142.74989787522296,1.228075281998035,3.3833148810422804,1.5349451384432575,0.3787715319564319,48.12727107783161,0.010815773004335227,5.665748363698874,0.6778488884201634,1.0888596298053246,339.1431741477729,0.49204550818649295,11.062958637385293,4.77666442461652,1.7279125028623434,387.27044522560453,1.9155475715201278,11.079328493101883,5.454513313036683,1.8072310219472096,18.545834509613698,0.04860143101914183,7.0570705195720365,1.5454862091344748,2.1641049035708613,104.08078967927906,6.58567879002959,12.717502342144371,8.673399139939923,2.0469822005106724,122.62662418889275,6.733911479667367,13.825793940011167,10.218885349074396,2.266901246287415,12.706217800074008,0.062313326933939095,1.7171370677414455,0.6353108900037003,0.4750931621487578,129.6883913366772,3.6599944474564836,10.41482019685941,6.48441956683386,1.5811465176029116,142.3946091367512,4.4820767437236615,10.49541703477287,7.11973045683756,1.3734188463052064,45.52546047485204,0.010815773004335227,4.482425256679937,0.5912397464266499,0.9345663301050013,338.46510921010105,0.49204550818649295,9.459722218454601,4.395650768962351,1.3830905080268943,383.9905696849531,1.9155475715201278,9.493236254272777,4.986890515389001,1.4409915132247944,47.95690800864533,0.010815773004335227,4.727889170955439,0.5212707392244057,0.7756381359443248,365.3646165765763,0.49204550818649295,9.093104335334829,3.971354528006264,1.527563563208711,413.3215245852216,1.9155475715201278,9.193121551904476,4.49262526723067,1.5333040966853266,16.901376777035008,0.018638804194773595,3.2747641491718866,0.6760550710814003,0.8002362496733446,103.51684544072799,2.230705505699234,7.824231687239092,4.14067381762912,1.5469114659621506,120.418222217763,2.749384705622839,8.282282376316122,4.81672888871052,1.7736144837468646,46.57324787636708,0.010815773004335227,3.1075930273933388,0.5117939327073305,0.7696546503051969,339.3789122870506,0.49204550818649295,9.459722218454601,3.7294385965609953,1.4214491715331958,385.9521601634176,1.9155475715201278,9.493236254272777,4.241232529268325,1.4164594337533798
c<A>r<329>R<VAL>,121.44506331326502,1.3915179980396208,3.713762238548969,1.785956813430368,0.527135117911344,62.4477646916928,2.5663805646852005,6.98769505584079,4.16318431277952,1.2948600607114518,67.02672865381511,2.1999474849616933,5.807750994614814,3.9427487443420652,0.9430806288113454,133.54894753373398,1.326207018957646,3.713762238548969,1.5898684230206426,0.4304718862232944,142.6775587342225,1.228075281998035,3.3441824143920673,1.659041380630494,0.45836016479666447,95.35200211363545,0.9459825825691656,5.807750994614814,2.8894546095041047,1.0068381075171242,154.33301891845773,0.9459825825691656,3.130719992907838,1.513068812926056,0.3353907110328643,42.66499537774885,0.013081530384429385,5.419895551996138,0.5765539915912007,0.997342125694916,383.3630232100994,1.6688035442202818,11.062958637385293,5.180581394731073,2.100093565203632,426.0280185878483,1.8123566640136717,11.079328493101883,5.7571353863222745,2.1756928334318433,17.66118791520039,0.013538877561440898,4.55557982848811,0.7358828298000163,1.0355556381771387,261.0591039613586,2.954250511299506,19.532505429931916,10.877462665056607,4.5422096177182665,278.72029187655903,3.0694394849111437,20.143442118229373,11.613345494856626,4.677042452192623,24.38653795262833,0.026138557461592882,10.134827379187659,1.1612637120299205,2.0675058767188257,155.64883367322284,2.6025338885349356,15.965552709045156,7.411849222534421,3.0956091596700994,180.03537162585116,2.924901233437738,17.84569331225553,8.57311293456434,3.5581447227493124,42.66581550950218,0.011011963393997348,4.308805406244934,0.5844632261575641,0.8147202933557272,331.65280136126745,1.4038754396533477,9.858846395354306,4.54318905974339,1.8012110374977217,374.3186168707697,1.4904437617551944,10.118858050118948,5.127652285900955,1.926153330200057,49.85708741597567,0.013081530384429385,4.292444386120026,0.5193446605830799,0.8230416056689127,416.6959340855102,1.6281745978030813,10.473872281624836,4.340582646724065,2.0146868937804943,466.5530215014859,1.8123566640136717,10.569790033368566,4.859927307307145,2.0264285036212697,27.776363008402434,0.013346432446489587,4.55557982848811,0.5786742293417174,0.8464854330241206,350.64999956429233,1.9616067045299133,19.203388837966543,7.30520832425609,5.019828886250206,378.4263625726948,2.041597484024158,19.753659144929976,7.883882553597808,5.148989513202519,52.02627285386634,0.01059994254496388,3.8445095294552267,0.5717172841084213,0.8396643380770431,356.8523495191479,1.4038754396533477,9.858846395354306,3.9214543903203065,1.8572952634032978,408.87862237301425,1.4904437617551944,10.118858050118948,4.493171674428728,1.921024202753028
c<A>r<330>R<SER>,128.29868230235093,0.8820858586368502,3.5725600120732426,1.7819261430882074,0.4934581459863876,62.76769069899871,2.295578095475105,6.348008357993865,3.487093927722151,0.9296448255711443,84.93934219039176,2.1999474849616933,4.956660029780317,3.6930148778431198,0.7519236549089914,138.51750113369363,0.8820858586368502,3.0414327229365985,1.5221703421285013,0.299693732438796,158.78098368822614,0.8820858586368502,3.5673852530920516,1.653968580085689,0.48981422701802774,111.12067380104205,0.9459825825691656,4.687455334032752,2.645730328596239,0.5830413185038623,168.40082754729391,0.8820858586368502,2.904868252050007,1.4643550221503818,0.2791851515388623,45.26423937806817,0.011816363447904266,5.643709093173598,0.587847264650236,1.0490911101279885,374.91230201866375,0.49274363125732634,10.473872281624836,4.8689909353073215,1.9560967473935378,420.1765413967319,1.8123566640136717,10.569790033368566,5.4568381999575575,1.998139994873457,22.541433680939733,0.012371132106533622,5.926195010585808,0.834867914108879,1.2929050627569976,256.7094294794813,1.3283706677411828,17.343357276078677,9.507756647388195,4.197483196353134,279.250863160421,1.7628564745629673,18.133165558941265,10.342624561497074,4.334748470032475,26.153995887641052,0.0364597861820517,3.2599914259717373,0.726499885767807,0.7606441239726626,255.82311816846425,2.6025338885349356,17.91859856575047,7.106197726901785,3.180880307179391,281.9771140561053,2.924901233437738,18.15803543918865,7.832697612669591,3.0600590695635623,44.59975966939422,0.011011963393997348,5.5771742673042155,0.5717917906332592,0.9634673303567618,333.332853737805,0.49274363125732634,10.3170210825931,4.273498124843654,1.8745264221862674,377.93261340719926,1.4904437617551944,10.341796650980612,4.845289915476913,1.9478371541184623,51.50067117300445,0.013081530384429385,3.7527697691097357,0.472483221770683,0.6953350324814973,410.01204533254383,0.49274363125732634,10.473872281624836,3.7615783975462738,1.6389042936603893,461.51271650554827,1.6749864972952597,10.569790033368566,4.2340616193169565,1.6291149677818344,34.3573078924331,0.014078540594873346,3.685327251685628,0.5632345556136573,0.7797925126480038,268.265372518343,1.3283706677411828,14.193604791199732,4.397792992103984,2.392317001263721,302.6226804107762,1.7628564745629673,14.28302548922712,4.961027547717642,2.4093121178491987,51.26728589613022,0.01059994254496388,3.0268466004765333,0.47469709163083534,0.6566649438970998,360.3219952313906,0.49274363125732634,8.859895603125153,3.336314770661024,1.4921611325310384,411.5892811275208,1.4904437617551944,9.040219175225996,3.8110118622918594,1.5004295136110293
c<A>r<331>R<TYR>,109.00429251543301,0.8820858586368502,3.0414327229365985,1.7031920705536407,0.4328931178468202,64.80596922504097,2.2982073315750573,5.232044131289895,3.410840485528472,0.7437921108220511,71.72248776833383,2.13215018883905,4.956660029780317,3.5861243884166916,0.8087559840305214,124.0794764115579,0.8820858586368502,3.0414327229365985,1.477136623947118,0.23878989536150372,134.35405196347122,0.8820858586368502,2.555304714356464,1.5806359054526027,0.3942109783665665,105.248366736908,0.9459825825691656,4.687455334032752,2.6312091684227,0.5737274972073009,149.45469037411897,0.8820858586368502,2.555304714356464,1.423378003563038,0.20297534052127056,33.776147730514396,0.013081530384429385,3.56609304352385,0.5629357955085733,0.8758201953724449,286.04810705722207,0.49274363125732634,8.888821289105408,4.767468450953701,1.5861206350260688,319.8242547877365,1.9176969221067872,9.415048528554799,5.330404246462275,1.5519607992433482,14.795855754900629,0.012371132106533622,4.395841419390617,0.6725388979500285,1.1249547759675522,179.93953263007705,1.333012967533307,17.914386003845323,8.179069665003503,3.7789417370033678,194.73538838497768,1.7667611089293402,18.124039713643487,8.851608562953531,3.579899934646236,26.067325553948635,0.03649427969229713,2.8981556108294093,0.8689108517982879,0.6554702581262944,191.86601653037178,2.9049833986300655,17.91859856575047,6.395533884345726,2.7321197131066435,217.93334208432043,3.712287122769396,18.15803543918865,7.264444736144014,2.552981221690859,33.01653056020668,0.011011963393997348,4.4568544462125175,0.5002504630334346,0.8520568727622536,295.3717907077716,0.49274363125732634,8.888821289105408,4.475330162238963,1.6647924837156403,328.3883212679783,1.4904437617551944,9.113841065782374,4.975580625272399,1.5503304884497195,39.94724404721924,0.010239530698707977,3.022467837015883,0.4993405505902405,0.6694451701846592,274.1656544828261,0.49274363125732634,8.888821289105408,3.427070681035326,1.426869523521047,314.11289853004536,1.6749864972952597,9.415048528554799,3.926411231625567,1.4278199622086514,33.32510348172446,0.014078540594873346,3.9199434538261784,0.6287755373910275,0.8747894555989039,208.9661695732961,1.333012967533307,9.65141708888865,3.942757916477285,1.6041162681152996,242.29127305502055,1.7667611089293402,13.571360542714828,4.571533453868312,1.8670417408185098,40.26115372561561,0.010239530698707977,3.40392514771416,0.5096348572862736,0.6989439542403441,244.075946207472,0.49274363125732634,8.888821289105408,3.0895689393350882,1.3940063899898163,284.3370999330876,1.4904437617551944,9.113841065782374,3.599203796621362,1.377961196052295
c<A>r<332>R<ILE>,134.66857078749192,0.8820858586368502,4.0398045633321855,1.7719548787827883,0.5954050498530673,58.07096045774886,2.3091236151694496,4.682588851879291,3.629435028609304,0.6682220478505241,78.88899271983071,2.13215018883905,5.243593107662835,3.5858633054468503,0.817559561848534,143.84779202296448,0.8820858586368502,4.0398045633321855,1.5467504518598332,0.44516623344701167,162.0860049833428,0.8820858586368502,3.5672997792408445,1.6372323735691192,0.49745291376888606,105.453987389172,0.9459825825691656,4.935911232989643,2.703948394594154,0.6843525096348786,171.94515533188974,0.8820858586368502,3.5672997792408445,1.4822858218266357,0.37329738678796287,50.17708556109348,0.013392137248136038,3.993726031325439,0.6045431995312467,0.890937960925295,406.5153816439281,0.49274363125732634,11.924060892532907,4.897775682456965,1.7286994317189117,456.69246720502167,1.9176969221067872,11.982914062525989,5.502318881988213,1.6359460330586444,15.982726621676314,0.012371132106533622,3.0542866345111968,0.7264875737125597,0.9239890968863164,179.6552518163756,5.598851238689576,17.34000573664548,8.166147809835254,2.5958166309439155,195.63797843805193,6.519875160257694,17.353693899284615,8.892635383547814,2.31328350810766,27.87914505553701,0.016906989387443616,4.117029386677025,0.8712232829855315,0.7681066184655923,224.5908645093118,2.9049833986300655,17.91859856575047,7.018464515915994,3.066898445495956,252.47000956484885,3.712287122769396,18.15803543918865,7.889687798901527,2.9166165004558238,46.026463633016675,0.011011963393997348,4.4568544462125175,0.5171512767754682,0.8478176437796993,402.4698189920002,0.49274363125732634,11.924060892532907,4.522132797662924,1.719297845216093,448.4962826250169,1.4904437617551944,11.982914062525989,5.039284074438392,1.6301567567183242,56.60043786385721,0.010239530698707977,3.105272796969695,0.5442349794601655,0.7252124959555698,391.6108396809807,0.49274363125732634,8.888821289105408,3.7654888430863527,1.5258151184451119,448.21127754483786,1.5615567219680646,10.73838837717056,4.309723822546518,1.6089433940602826,36.31734824543241,0.011585829223367483,4.117029386677025,0.6052891374238736,0.8920520227618979,289.3972721798324,1.9616067045299133,13.608206052393143,4.823287869663873,2.400848824204426,325.71462042526485,2.1283157287648837,13.722809610562143,5.428577007087748,2.5573471889920163,54.46744013371009,0.010239530698707977,3.40392514771416,0.5187375250829532,0.7324818400357915,362.4203149445906,0.49274363125732634,8.888821289105408,3.451622047091339,1.5688489379036166,416.88775507830064,1.4904437617551944,10.73838837717056,3.9703595721742917,1.6446608603590889
c<A>r<333>R<GLN>,112.89169000091302,0.8820858586368502,4.0398045633321855,1.7919315873160797,0.6254522219783943,50.40292298629542,2.2982073315750573,4.682588851879291,3.600208784735387,0.6698723594032738,69.31555344718407,2.13215018883905,5.243593107662835,3.648187023536004,0.7938205849492568,120.96999747412889,0.8820858586368502,4.0398045633321855,1.550897403514473,0.45983912015216216,140.45590638589908,0.8820858586368502,4.0398045633321855,1.6922398359746877,0.5743297788284581,94.61127953705679,2.13215018883905,4.935911232989643,2.782684692266376,0.5884254390004672,149.56403866064247,0.8820858586368502,4.0398045633321855,1.5261636598024741,0.46311063738024827,40.2992165014382,0.013671653608279932,3.155986161150638,0.6606428934662001,0.8138651166576463,318.29479899444937,0.49274363125732634,11.924060892532907,5.21794752449917,1.6521472822328926,358.5940154958876,1.9176969221067872,11.982914062525989,5.878590417965371,1.5996764616722925,15.01047668742687,0.04643486667938035,2.8790073708252883,0.833915371523715,0.9332012815360641,120.70259476976372,1.333012967533307,9.667689920563134,6.705699709431318,1.7073122934545562,135.71307145719058,1.7667611089293402,9.714124787242515,7.539615080955032,1.6370015591824483,17.727458046613044,0.013963572203071095,3.1849329738050223,0.8441646688863355,0.7353922379370481,136.72933790613615,4.056515449447943,10.11883792575577,6.51092085267315,1.5877379773494895,154.4567959527492,4.806812277132682,11.3013401655084,7.355085521559485,1.4203834037861187,35.04040999513336,0.010229149647003943,3.4877509309574215,0.5153001469872552,0.6939378656826019,321.97958363313273,0.49274363125732634,11.924060892532907,4.734993876957835,1.5749807216077523,357.0199936282661,1.9176969221067872,11.982914062525989,5.25029402394509,1.5437916044456654,48.59166754761861,0.010875703250941449,3.2508194388718294,0.5925813115563245,0.7195217284520911,338.1134017669956,0.49274363125732634,8.888821289105408,4.1233341678901905,1.6207214801662138,386.7050693146142,1.693602326212356,10.73838837717056,4.715915479446514,1.6849662732423045,26.718755624122146,0.011585829223367483,3.3421901056758143,0.607244446002776,0.8470862993429303,202.69003072730186,1.333012967533307,13.608206052393143,4.606591607438679,2.268972326956961,229.408786351424,1.7667611089293402,13.722809610562143,5.2138360534414545,2.1224068933418505,47.88448852938149,0.010229149647003943,3.40392514771416,0.6061327661947025,0.7552518028013162,291.06922282645803,0.49274363125732634,8.888821289105408,3.6844205421070635,1.6106111967870202,338.9537113558395,1.693602326212356,10.73838837717056,4.290553308301766,1.6938421290125525
c<A>r<334>R<CYS>,112.02214729363284,1.3885874408020316,4.112457472658698,1.7781293221211563,0.5726218085961969,55.10227827032768,2.998636028340118,5.069633793915952,3.6734852180218454,0.5592075987944969,77.33628047891769,2.1999914150908157,5.243593107662835,3.866814023945884,0.6778764137030652,122.95900686344427,1.325955032611112,4.112457472658698,1.556443124853725,0.45059898486189826,142.10664098400713,1.2252725240608187,4.034353156889235,1.6917457260000848,0.534688250603233,104.20857136719722,2.1999914150908157,5.035953658878185,2.8946825379777006,0.7355008894803408,152.7791773771028,1.2252725240608187,4.034353156889235,1.527791773771028,0.41179821175798786,42.24695027301191,0.013671653608279932,5.188563041859446,0.782350930981702,1.1787041103779676,283.0399942244312,2.816784633347197,8.862259358529627,5.241481374526504,1.3182610640164527,325.28694449744313,3.2231666103339967,9.35289392548136,6.023832305508206,1.4637427099141826,17.899281062506425,0.04976584227198089,6.5169319175974785,1.193285404167095,1.7115279577006495,100.48260853802753,4.531333476849113,8.671440465161368,6.698840569201836,1.1727944208928285,118.38188960053395,6.519875160257694,11.048265394446592,7.89212597336893,1.1301076176381952,33.18381368325485,0.011337718532422159,7.833600230882865,1.1851362029733874,1.5884989299778243,214.51882312365387,3.6479063882907212,20.520164390945865,7.661386540130495,3.351116980468623,247.70263680690869,4.806812277132682,21.27277485284091,8.84652274310388,3.8703612887002015,40.912831182484936,0.010229149647003943,5.188563041859446,0.5762370589082385,1.0321784994676049,347.16621171799784,1.9530858654636631,9.850668577271108,4.889664953774617,1.601374061058933,388.07904290048276,1.9647022010228175,9.998919467075869,5.4659020126828555,1.7632280900224504,50.58625781470806,0.010875703250941449,5.2245782350721965,0.6403323774013678,1.0199790273647213,347.20793187860363,1.8579397990197322,8.862259358529627,4.395037112387388,1.438639109590338,397.7941896933117,1.8906449819646676,9.213224380791651,5.0353694897887555,1.4812131887712268,36.35600519345992,0.011914515866703113,6.498836961587788,0.6610182762447259,1.089526533773829,268.11609236056756,2.1364465755332276,13.608206052393143,4.87483804291941,2.5694742054819195,304.4720975540275,2.938836773731479,19.938011583545833,5.535856319164137,3.016046394137353,48.82336201041927,0.010229149647003943,4.909607166238054,0.6027575556841884,0.9954586263140643,320.08469699225066,1.8579397990197322,8.862259358529627,3.951662925830255,1.4690203475098496,368.9080590026699,1.8906449819646676,9.14262743510729,4.554420481514444,1.5552175081436759
c<A>r<335>R<LYS>,70.08947190371993,1.5103327215718723,3.3308310603535918,1.7522367975929982,0.4421937706185195,41.12247872485639,2.998636028340118,5.069633793915952,3.7384071568051267,0.6467842884224491,63.1921510930322,2.193112756568274,4.843404746545136,3.717185358413659,0.8860867984604345,79.6246470487687,1.3271317591060623,3.3308310603535918,1.5312432124763211,0.2920449956046512,95.85595132933864,1.2252725240608187,3.542797661056402,1.65268881602308,0.502407301047543,81.9885805151406,2.193112756568274,4.497926462606476,2.8271924315565724,0.6765397619182166,104.35478819410321,1.2252725240608187,2.797978880271712,1.4907826884871886,0.3132359360522984,18.516316414850284,0.010147852228886478,4.778733496609572,0.8416507461295584,1.160200691472138,117.12485533725999,2.816784633347197,8.519963638064837,5.323857060784545,1.5474683045200537,135.64117175211027,3.2231666103339967,10.164031705980829,6.165507806914103,1.640161310017245,11.848296035285946,0.052237136937861806,5.2494022395612525,1.1848296035285946,1.5654474040782527,68.71537932989986,4.865517710198446,8.671440465161368,6.871537932989986,1.1071797727918444,80.5636753651858,6.519875160257694,11.048265394446592,8.05636753651858,1.2922319201218342,23.687878674782016,0.013963572203071095,3.913485345783016,1.1279942226086674,1.2214311655230208,162.28166395081257,3.6479063882907212,12.275977767350014,7.727698283372027,2.292390100748776,185.96954262559458,4.806812277132682,12.750338664958516,8.855692505980695,2.43317160789153,17.94278854540771,0.010229149647003943,4.778733496609572,0.5437208650123548,0.9343385975746454,155.35542492073728,1.9530858654636631,9.850668577271108,4.707740149113251,1.7339347440180821,173.29821346614503,1.9647022010228175,9.998919467075869,5.251461014125607,1.882461493922817,25.587969660726365,0.010113011363448443,5.2245782350721965,0.5686215480161414,0.9165608514710577,199.8349313608237,2.1169321193856376,7.235342560096797,4.440776252462749,1.2579993848810382,225.42290102155008,3.01900005311705,7.667627974147119,5.00939780047889,1.1702671938803282,25.455263856937723,0.011914515866703113,3.3421901056758143,0.6208600940716518,0.8643889907843288,222.33406587560717,2.1364465755332276,13.608206052393143,5.422782094527004,2.584614474162267,247.78932973254487,2.991438282354828,13.722809610562143,6.043642188598655,2.5597439732180742,26.072417908628076,0.010113011363448443,4.909607166238054,0.532090161400573,0.9124561936760838,194.72262294552183,1.9530858654636631,7.235342560096797,3.973931080520854,1.3773395554770094,220.7950408541499,1.9647022010228175,7.352656905312976,4.5060212419214265,1.379990718982353
c<A>r<339>R<TYR>,82.00909409036423,1.3560549386522558,3.906404552951035,1.9071882346596332,0.7214329900995744,38.125344171857584,2.1434822125425463,5.722489141405279,3.8125344171857583,0.9377312100355071,46.77101686351823,2.1914665960806716,5.2630299826670015,3.8975847386265188,0.8801154120850988,88.10408192453832,1.316799174623796,3.871046741815665,1.6315570726766355,0.5911018511805305,99.40431353695456,1.2252725240608187,3.7836140460803405,1.7750770274456171,0.6436990864186117,68.24089469797151,2.1434822125425463,5.128387798530117,2.9669954216509353,0.913749827856401,106.10658486947821,1.2252725240608187,3.7836140460803405,1.583680371186242,0.5438726027074525,25.46728051669574,0.014121437297600181,4.497560422411306,0.6530071927357882,0.976337342178803,194.3991377752841,0.4876754268764216,8.862259358529627,4.984593276289336,1.6901589586695114,219.8664182919798,1.3303822669019776,9.9021651442621,5.637600469025124,1.809988241366002,11.45885759134015,0.11508698820318841,5.416066010893903,1.145885759134015,1.5602067305621212,75.46197067431763,5.632199383552688,11.225998304375253,7.546197067431763,1.697256403932223,86.92082826565779,6.619554731487392,11.341085292578441,8.692082826565779,1.499294891530425,12.18711246034697,0.010514826132087762,2.722808111277285,0.641426971597209,0.7945596247058162,175.97506435574041,3.0221376628342114,20.720254298584223,9.26184549240739,4.992669771133766,188.1621768160874,3.126201782941416,20.737000544992277,9.9032724640046,4.907074782595873,24.923892816090593,0.011616335559154312,4.592756717843821,0.49847785632181185,0.8535477266720304,242.1530622185976,0.4735051449133607,10.316777574546904,4.843061244371952,1.9001356513885557,267.0769550346882,1.3032072779363915,10.33157937104486,5.341539100693764,1.9528749098938663,31.99413740969279,0.010875703250941449,3.8971805782880953,0.5713238823159427,0.8727511518220769,255.88947356772815,0.4876754268764216,8.862259358529627,4.569454885138002,1.6646298560821677,287.8836109774209,1.3303822669019776,9.9021651442621,5.140778767453945,1.651044166013466,22.729726906284405,0.012730151042386062,9.114016875892894,0.7576575635428136,1.688038601744699,163.84452594955042,2.291754500366551,16.13869558672468,5.461484198318347,3.268823343578177,186.5742528558348,2.938836773731479,16.556816824909568,6.21914176186116,3.680955301807566,32.224408724412584,0.010397875999514028,3.8971805782880953,0.5282689954821735,0.8077577388882646,261.7426336808094,0.4735051449133607,9.835043839417267,4.290862847226383,1.787506484149824,293.96704240522195,1.3032072779363915,9.887379831850753,4.819131842708557,1.77895374798873
c<A>r<340>R<ARG>,88.6863299333915,0.8820858586368502,3.897278556146452,1.7737265986678301,0.580184121823341,38.53508465408818,2.2982073315750573,4.682588851879291,3.5031895140080165,0.7251074235783884,67.41955553083613,2.13215018883905,4.625126573140044,3.3709777765418067,0.7317468315825588,95.03198554859239,0.8820858586368502,3.3308310603535918,1.5327739604611677,0.39812681391591104,116.08426161602185,0.8820858586368502,3.2688098127592253,1.6349896002256599,0.4868476307446432,87.20249477409439,2.13215018883905,4.519540724543907,2.7250779616904497,0.5363768656216543,122.9283244732597,0.8820858586368502,2.983527799211667,1.4810641502802375,0.34053164297990324,27.29460513976448,0.014121437297600181,2.954247683481565,0.6498715509467734,0.8320011913960711,207.9721123567897,0.4876754268764216,8.888821289105408,4.951716960875945,1.5504329580833627,235.26671749655418,1.9177199474771385,9.415048528554799,5.601588511822719,1.5602453432461896,10.591375982529353,0.024485048080973293,2.8790073708252883,0.7565268558949538,0.8780790036970466,95.58955842783172,1.333012967533307,9.667689920563134,6.82782560198798,1.8926244049529124,106.18093441036108,1.7667611089293402,9.714124787242515,7.584352457882934,1.831155983141267,22.272378978887122,0.013963572203071095,3.1849329738050223,0.8566299607264278,0.7872027899759715,164.7760588246822,3.0221376628342114,16.979699200496952,6.337540724026239,2.7941274714138533,187.04843780356933,3.126201782941416,17.059504433112828,7.194170684752667,2.6098327077245767,23.668887227671497,0.013239774226063261,3.4877509309574215,0.5145410266885108,0.7333820541345852,217.22946834059144,0.4876754268764216,10.316777574546904,4.722379746534597,1.6205021722763535,240.89835556826293,1.9177199474771385,10.33157937104486,5.236920773223107,1.551198719309503,34.176725724566275,0.010239530698707977,3.2508194388718294,0.4813623341488208,0.6809727023362483,286.3876884201054,0.4876754268764216,8.888821289105408,4.033629414367682,1.6133576662538964,320.56441414467173,1.5615567219680646,9.415048528554799,4.514991748516503,1.5666411908442455,25.545000281309154,0.013963572203071095,2.6730954548969734,0.5008823584570422,0.6602298947385731,226.48858670437323,1.333012967533307,12.102964547721967,4.440952680477906,1.9232604142333969,252.03358698568238,1.7667611089293402,12.121413192048214,4.941835038934949,1.9112350335483563,32.40296776312868,0.010239530698707977,3.40392514771416,0.4836263845243086,0.6982059088832295,243.2745895435802,0.4876754268764216,8.888821289105408,3.6309640230385103,1.5215608373082643,275.6775573067089,1.5615567219680646,9.14262743510729,4.114590407562819,1.4687298327004248
c<A>r<341>R<SER>,89.2210324173805,0.8820858586368502,4.215112919813325,1.7494320081839314,0.5845240659370624,45.22048833977361,2.2982073315750573,4.682588851879291,3.4784991030595083,0.7357858749992398,50.48643166783817,2.13215018883905,4.625126573140044,3.3657621111892113,0.8126358575750742,100.70592231455879,0.8820858586368502,4.215112919813325,1.549321881762443,0.4887664081968553,108.20197709013064,0.8820858586368502,4.215112919813325,1.6149548819422483,0.518950578862527,78.15525345367404,0.9459825825691656,4.519540724543907,2.6950087397818634,0.7070119454875149,119.71232150183184,0.8820858586368502,4.215112919813325,1.4779298950843436,0.4297610768507376,25.30092554099579,0.013392137248136038,3.56609304352385,0.5271026154374123,0.8213174831122091,239.95785607406015,0.4876754268764216,9.383521298981577,4.999122001542919,1.5163827934466236,265.2587816150559,1.9177199474771385,9.415048528554799,5.526224616980332,1.4239808360401296,14.353382208542275,0.024485048080973293,4.395841419390617,0.9568921472361517,1.2021098981374203,106.07476176937678,1.333012967533307,10.324161965954374,7.071650784625119,2.1458383385808544,120.42814397791906,1.7667611089293402,10.660782406951823,8.02854293186127,1.959411647519038,15.322411418337763,0.01844864432624682,1.6405488541129056,0.8064427062283034,0.47668266103398116,107.87131095688187,2.9049833986300655,12.102964547721967,5.677437418783256,1.8839766726877702,123.19372237521964,3.712287122769396,12.121413192048214,6.483880125011559,1.7827941887945522,28.28458513197809,0.013239774226063261,4.4568544462125175,0.5892621902495435,0.896117263376126,216.07577505284473,0.4876754268764216,9.835043839417267,4.501578646934266,1.5303713315998428,244.36036018482284,1.9177199474771385,9.859010022172358,5.090840837183809,1.3970104878922533,28.66617611486556,0.010239530698707977,2.4175874934788624,0.4215614134539053,0.6063138956376625,268.2621559379086,0.4876754268764216,9.383521298981577,3.9450317049692436,1.5486661253476735,296.9283320527741,1.5615567219680646,9.415048528554799,4.366593118423149,1.4527201595170904,24.594859257221536,0.01844864432624682,2.6457618263119187,0.5346708534178595,0.6451644280747442,212.0314919740266,1.333012967533307,12.102964547721967,4.609380260304926,2.0387116732721817,236.62635123124812,1.7667611089293402,12.121413192048214,5.144051113722785,1.9819373711355075,33.02453848172432,0.010239530698707977,2.9115725755114785,0.5080698227957587,0.7055403683472727,236.79741801755375,0.4876754268764216,9.835043839417267,3.643037200270058,1.6124590986872385,269.8219564992781,1.5615567219680646,9.859010022172358,4.1511070230658165,1.5017967223866486
c<A>r<342>R<ASP>,83.33832609318529,0.8820858586368502,3.5653973353457555,1.7362151269413602,0.47716849232563735,40.63598625541964,2.2982073315750573,5.232044131289895,3.3863321879516364,0.820901233828202,51.321169890527294,2.13215018883905,4.625126573140044,3.421411326035153,0.7590650585891132,92.08744860793126,0.8820858586368502,3.5653973353457555,1.5096303050480535,0.3174432346228236,104.24450373496089,0.8820858586368502,3.5653973353457555,1.6288203708587639,0.4721580604028121,72.30821495679956,0.9459825825691656,3.564135193520353,2.5824362484571273,0.5266887886818803,112.56915402439444,0.8820858586368502,3.5653973353457555,1.4619370652518757,0.3197536552246747,24.10514733907079,0.013606929927755473,3.067248075693481,0.5021905695639748,0.7567638928567963,241.30013548087265,1.9027357958984794,10.473872281624836,5.027086155851514,1.6162338009908372,265.4052828199434,1.9257992695424573,10.569790033368566,5.529276725415488,1.6774572772531366,7.593482608158216,0.024485048080973293,4.395841419390617,0.7593482608158216,1.249303605214661,66.83425276654123,1.333012967533307,10.324161965954374,6.6834252766541224,2.8113991899100514,74.42773537469944,1.7667611089293402,10.660782406951823,7.442773537469944,2.7701410964564075,12.498765449033218,0.055892115439512224,1.6405488541129056,0.7811728405645761,0.4572779742247837,86.29659150201951,2.9049833986300655,7.020117503471738,5.393536968876219,1.2004879605896641,98.79535695105272,3.712287122769396,7.429225682679933,6.174709809440795,1.1892373711083426,23.167784149019585,0.01370861600901696,3.785191281042618,0.5148396477559908,0.7227848762974892,202.24098596233853,1.4038754396533477,8.769616775371617,4.494244132496411,1.6191281647666798,225.4087701113581,1.4904437617551944,8.999935963328923,5.009083780252403,1.627409824977809,29.676004286888187,0.010239530698707977,2.4175874934788624,0.44963642858921493,0.5855785332334211,246.22911648942193,1.5273944499595018,10.473872281624836,3.7307441892336657,1.4859321297861197,275.90512077631007,1.693602326212356,10.569790033368566,4.1803806178228795,1.4915289321188545,16.80430917581701,0.014078540594873346,2.5507761267764044,0.4308797224568464,0.5532330981979315,155.9055686961027,1.333012967533307,9.667689920563134,3.997578684515454,1.7279955653474677,172.7098778719197,1.7667611089293402,9.705816198967366,4.4284584069723,1.6683555252815099,29.913844132609928,0.010239530698707977,3.40392514771416,0.49856406887683213,0.6532112190745919,195.95979132885282,1.4038754396533477,6.069469783218892,3.265996522147547,1.2810413494834054,225.87363546146273,1.4904437617551944,6.552563613114202,3.7645605910243787,1.3397426385012345
c<A>r<343>R<ARG>,80.33616111444968,1.4357070141451407,2.9400420225768364,1.7852480247655484,0.4341159629250309,52.6104890656489,2.295578095475105,5.454283667814151,3.5073659377099267,0.8154635818570692,50.55650279178638,2.1961927188185224,4.761083246639078,3.3704335194524253,0.8061628784963517,92.79874009179674,1.3258333081956128,2.555304714356464,1.5212908211769958,0.24073180580800865,102.75642096351326,1.2260455583636656,2.9400420225768364,1.6845314912051355,0.4595436854613819,84.78300061117059,0.9459825825691656,5.454283667814151,2.734935503586148,0.6993075780592917,115.24445445538322,0.9459825825691656,2.849273599113424,1.4966812266932885,0.3091999801546171,17.302951594390358,0.014251361296073739,2.6481572319649453,0.42202320961927703,0.6101974104906162,207.4796458207726,1.4797421198281882,10.473872281624836,5.060479166360307,1.9314490129708637,224.78259741516294,1.5828907425178982,10.569790033368566,5.482502375979584,1.9443573172632471,11.752641292725198,0.013538877561440898,4.395841419390617,0.691331840748541,1.1221034544390311,118.00181599104963,1.3283706677411828,13.610060272789497,6.941283293591154,2.6788366975786317,129.75445728377483,1.7628564745629673,13.75587377314283,7.632615134339695,2.5976015044721983,12.379922090872867,0.0364597861820517,4.187048499018871,0.7737451306795542,0.961077055947398,95.44285220825418,2.6025338885349356,8.711785928753898,5.965178263015886,1.469896177514731,107.82277429912705,2.924901233437738,9.989855612292828,6.7389233936954405,1.5392885044277569,19.19018036419943,0.01370861600901696,2.4745211649366947,0.4462832642837077,0.4937990270918144,182.13959662505442,0.5792263042912964,7.772965070327928,4.2358045726756846,1.7680724362755518,201.32977698925384,0.9365222917095204,8.88687492271471,4.682087836959392,1.8180984007477419,28.171956424106963,0.010239530698707977,2.9709696633556044,0.4401868191266713,0.5879708255554862,242.77860033362788,1.4797421198281882,10.473872281624836,3.7934156302129356,1.4643600709338065,270.95055675773483,1.5828907425178982,10.569790033368566,4.233602449339607,1.4221211232375253,20.85298432553573,0.014078540594873346,3.557200837408452,0.4533257462072985,0.6513890622186611,233.40296208987888,1.3283706677411828,17.96495574212372,5.073977436736498,3.8615164914142133,254.2559464154146,1.7628564745629673,18.178878073764025,5.527303182943796,3.783606525533766,29.831017579261907,0.010239530698707977,2.9709696633556044,0.48114544482680494,0.6091198647847383,203.4556866303966,0.5792263042912964,6.069469783218892,3.281543332748332,1.3099481572157208,233.28670420965847,0.9365222917095204,6.552563613114202,3.7626887775751365,1.3073924539938921
c<A>r<344>R<ARG>,85.91918763323945,1.5044578289994879,3.819977653638566,1.8678084268095532,0.6038355034016153,43.79308536845387,2.3001574179226227,5.61367767548545,3.6494237807044896,1.1466251662114946,49.40677685619541,2.1897958407971996,4.961000336659306,3.800521296630416,0.886316850343673,95.42778666637207,1.326207018957646,3.819977653638566,1.617420112989357,0.4970273532253446,104.04598892836516,1.228075281998035,3.819977653638566,1.7340998154727527,0.5938384044990251,74.38965352046256,0.9459825825691656,5.454283667814151,2.861140520017791,0.9215940093873027,112.90935048102506,0.9459825825691656,3.819977653638566,1.5467034312469186,0.4595514118238164,26.275999957975642,0.01636985571659011,5.321554744431758,0.6110697664645498,0.9966281406669735,230.9013786510829,1.9027357958984794,11.062958637385293,5.369799503513556,2.120679062111812,257.17737860905856,1.9257992695424573,11.079328493101883,5.980869269978106,2.1831583322539703,10.609669214845827,0.013538877561440898,4.806280752629,0.8841391012371522,1.3918538555897464,92.26720766226876,1.3302206522333933,13.610060272789497,7.68893397185573,3.346160245721905,102.87687687711458,1.7693108594942333,16.24518957286451,8.573073073092882,3.830857136452474,16.70383957848648,0.026138557461592882,10.134827379187659,1.39198663154054,2.6813787745426536,93.16505120275701,4.889101391891927,15.632039381886216,7.7637542668964175,2.9027500356035874,109.86889078124351,5.96412592629507,15.829249273946193,9.155740898436958,3.300117076952745,25.011900881076997,0.012654827406253233,4.072022909863575,0.5955214495494523,0.8516335617848829,200.77992851273143,1.4038754396533477,10.137247412220077,4.780474488398367,1.964407967612288,225.79182939380846,1.4904437617551944,10.159425695224055,5.37599593794782,1.9918453497883162,30.641443511401732,0.013202784027782855,5.313883615392294,0.5283007501965816,0.8618468792032523,258.0382360401925,1.9027357958984794,10.473872281624836,4.44893510414125,1.8858626878378693,288.6796795515942,1.9257992695424573,10.569790033368566,4.977235854337831,1.9382368600145663,16.81492847485727,0.013346432446489587,4.806280752629,0.5604976158285756,0.94577378104937,177.25164676075408,1.3302206522333933,19.10601506716199,5.908388225358469,4.232152040807355,194.06657523561137,1.7693108594942333,19.11936149960848,6.468885841187046,4.4718465874749045,30.095609953925724,0.01059994254496388,3.9765576675987724,0.5279931570864163,0.8220796961984522,236.78812633856663,1.4038754396533477,10.137247412220077,4.154177655062572,1.8621568661467853,266.8837362924923,1.4904437617551944,10.159425695224055,4.682170812148987,1.8835575690773512
c<A>r<345>R<GLU>,105.41858072583535,1.3925414108945355,3.868509882453002,1.8824746558184884,0.6152950244203732,59.0419316585713,2.295578095475105,6.98769505584079,3.936128777238087,1.3150950154033183,50.09652516649891,2.1897958407971996,4.622926702583081,3.5783232261784934,0.855935316109597,119.15106105315027,1.3225189649322873,3.4223367518727366,1.6548758479604204,0.49391108148202817,123.97443865487638,1.2256595982513792,3.868509882453002,1.7461188542940336,0.5817556871120192,80.28039521817135,2.1897958407971996,4.242201590683908,2.676013173939045,0.4590521100911465,137.842334599579,1.2256595982513792,3.4223367518727366,1.5843946505698736,0.4513075551813863,39.989364539218286,0.01636985571659011,5.028961987685598,0.8331117612337143,1.1192492211933693,233.2416762485745,1.9027357958984794,11.062958637385293,4.859201588511969,1.9407094259584854,273.2310407877928,1.9257992695424573,11.079328493101883,5.692313349745683,1.969111849540837,22.112242073792785,0.013538877561440898,5.102498664985696,0.921343419741366,1.2556332348745414,257.8414793718317,1.3283706677411828,17.95437427675006,10.743394973826321,4.217036971537192,279.9537214456245,1.7628564745629673,19.46746692975635,11.664738393567688,4.510747935387491,12.526557452240384,0.017549962948642417,4.430978006689362,0.659292497486336,1.0490191750805853,155.73644621049465,2.6025338885349356,24.10917363391951,8.196655063710244,4.91245251681034,168.26300366273503,2.924901233437738,24.126723596868153,8.855947561196581,4.92628235875475,39.157848116057096,0.012654827406253233,3.506669533564926,0.6419319363288049,0.8288682634038836,264.79690819643747,0.8299147803063534,11.250556811508432,4.340932921253073,1.8535828943020354,303.9547563124946,0.9365222917095204,11.34092474524879,4.9828648575818795,1.8784242512812392,45.12798818705012,0.012590623697937176,4.816565964958837,0.6267776137090295,0.8751664852887713,294.26468390268667,1.4862377537194789,9.093104335334829,4.087009498648426,1.6903042371224308,339.3926720897368,1.9257992695424573,9.222516657606416,4.713787112357455,1.7049785953613565,17.891562867237184,0.01613922175821081,2.179978128674037,0.4835557531685725,0.5386135235873979,193.16660890486787,1.3283706677411828,16.846913042330527,5.220719159591024,3.2939802598292074,211.05817177210506,1.7628564745629673,16.95010378866334,5.704274912759596,3.2923401145213025,46.066457141981054,0.01059994254496388,3.3517060716633242,0.5419583193174242,0.720272972571411,316.30338202707964,0.8299147803063534,9.459722218454601,3.721216259142113,1.5825483728499612,362.36983916906064,0.9365222917095204,9.493236254272777,4.2631745784595365,1.5921074600168836
c<A>r<346>R<ASP>,95.60670035703941,1.3799193947681987,3.4223367518727366,1.738303642855262,0.4872250334676062,51.49443978683986,2.297856312661552,5.4770843936914,3.6781742704885616,0.9220651998402689,66.25077880993018,2.1897958407971996,6.284699429224594,3.897104635878246,1.0073225156036059,109.49246808491209,1.3187606844073119,3.8266791078172187,1.5641781154987442,0.44386845693972155,120.52313418002821,1.223759078458377,3.4223367518727366,1.6510018380825782,0.4917827128331261,90.5810373722278,2.1897958407971996,4.804331546469193,2.8306574178821187,0.7134329919593368,133.75991974211018,1.223759078458377,3.8266791078172187,1.5199990879785248,0.4116187231766709,31.177341950034243,0.010815773004335227,3.478099776482569,0.6928298211118721,0.8756800507282586,191.04285583057555,0.49204550818649295,11.062958637385293,4.2453967962350125,1.7504548723039406,222.2201977806098,1.9155475715201278,11.14952837948169,4.938226617346884,1.7626603766554214,11.291515849191924,0.06189758252077837,4.4377845309564545,0.7527677232794616,1.1137654461705506,123.1385847132147,1.3346342939225906,12.717502342144371,8.20923898088098,2.5817829950078903,134.4301005624066,1.7692691634237314,13.825793940011167,8.96200670416044,2.8566738217773833,23.705846707774718,0.03817639141545648,3.936533157613084,0.9117633349144122,0.9000187955263155,210.5773850662552,3.6599944474564836,13.457732631492775,8.09913019485597,2.659663223141625,234.2832317740299,4.5926774102672345,13.830429271401826,9.010893529770382,2.6940104129794817,33.07855783272315,0.010520658924134452,3.506669533564926,0.5422714398807074,0.7636797083527093,262.78328483384365,0.49204550818649295,9.828642338409736,4.307922702194158,1.6236328447313089,295.8618426665668,1.8519808022983604,9.927361649086919,4.850194142074866,1.6081088492727942,34.76360710111461,0.010815773004335227,3.1788593067803914,0.5431813609549158,0.698173880822051,227.95858933148293,0.49204550818649295,8.325645587547626,3.5618529583044207,1.3297661359844568,262.7221964325975,1.9155475715201278,8.596090564517752,4.105034319259336,1.2602382678594874,22.022141351763874,0.01231816069655256,2.1742981037834,0.500503212540088,0.488467646072114,240.7835838730199,1.3346342939225906,12.604654689465178,5.47235417893227,2.8387919437847304,262.8057252247838,1.7692691634237314,12.825056462674748,5.97285739147236,2.87293821566793,35.789777235473224,0.010784024708275552,3.3517060716633242,0.4648023017593925,0.6494659690612453,281.0953576595742,0.49204550818649295,9.459722218454601,3.6505890605139504,1.6552519596402007,316.88513489504743,1.8519808022983604,9.493236254272777,4.115391362273344,1.6057761255013892
c<A>r<347>R<TYR>,128.68448010842164,1.3799193947681987,3.697230574624872,1.8124574663157977,0.5679951829532374,56.06651569119741,2.5782213098460174,7.627134665849407,4.004751120799815,1.2666607273976587,84.69574708552098,2.1897958407971996,5.2799419417642754,3.682423786326999,0.8880536876395675,139.39183754228696,1.3187606844073119,3.884189363817483,1.6208353202591508,0.49503979824642547,161.20819849389358,1.2223078852882765,3.697230574624872,1.6969284051988798,0.5365467597578794,107.50695571391562,2.1897958407971996,4.869303407546595,2.829130413524095,0.7052034411493753,170.96447655041197,1.2223078852882765,3.4223367518727366,1.5542225140946544,0.4195932659571861,44.741063139275866,0.010815773004335227,3.478099776482569,0.6391580448467981,0.8011570620532353,312.5435296573541,0.49137368618403343,12.501515127427638,4.46490756653363,1.9717923939701105,357.28459279662997,1.9155475715201278,13.026744508162869,5.104065611380428,1.952755823350091,12.054833160807492,0.04869184166136442,4.700157853302546,0.709107832988676,1.121098304539935,175.44949771402128,6.2000317377333545,16.631501717777837,10.320558689060075,3.5281634364999874,187.50433087482878,6.389450738626968,20.214796820184194,11.029666522048752,4.1746182150433,32.48999550432126,0.014420352714383355,3.9700298807266616,0.7555812907981688,0.9344624985260163,378.14426057639974,3.6599944474564836,22.062754348242436,8.79405257154418,3.588415302708687,410.63425608072106,4.5926774102672345,22.08506440037252,9.54963386234235,3.50180094846642,46.35210797237539,0.010520658924134452,5.454002418713953,0.5453189173220634,0.8396674562885795,374.1038971063978,0.49137368618403343,12.23517701867354,4.401222318898798,1.8920131578668213,420.45600507877316,1.7012232347751892,12.26569451477978,4.9465412362208605,2.006090464554366,56.97033336352658,0.010815773004335227,3.1788593067803914,0.5179121214866053,0.6927549295659053,445.0335061206027,0.49137368618403343,11.576484214562697,4.0457591465509335,1.8016767250869137,502.0038394841293,1.8805632476146532,11.701448823014625,4.563671268037539,1.7494412433178625,37.23297837154685,0.01231816069655256,4.45429540596426,0.7160188148374395,0.9013687170895691,331.8120682539386,2.1327224268763985,17.84496561412584,6.3810013125757425,4.060776519553292,369.0450466254855,2.545654426744061,18.041991687423522,7.097020127413183,4.103317528192824,56.34202514997047,0.010255120230477033,4.101457263325539,0.4695168762497539,0.7051971416298597,447.6448743747773,0.49137368618403343,8.915019258942266,3.730373953123144,1.4417634308411156,503.98689952474774,1.7012232347751892,9.513226440794835,4.199890829372898,1.4777675790787184
c<A>r<348>R<TYR>,132.67707124073286,1.3497170178174474,4.351795210046899,1.8953867320104694,0.7201199845149668,53.146990082151525,2.309213508434625,5.493603633661343,3.7962135772965375,1.055479845706525,69.98897071509991,2.2026753801450196,5.2799419417642754,3.888276150838884,0.8258405550585467,141.2098997748548,1.3187606844073119,3.881120551495659,1.6612929385277033,0.6070744974493354,157.52792736560667,1.2223078852882765,4.351795210046899,1.7699767119731087,0.6659578412617323,94.36572011583743,2.2025927429976027,5.210853032859694,2.859567276237498,0.7898564382848459,165.25421331531197,1.2223078852882765,3.8640748577330943,1.5889828203395382,0.530936063644454,51.98178663329794,0.010815773004335227,5.508443934506882,0.6930904884439726,0.9795436679661909,363.30524701744605,0.49137368618403343,12.992206245569434,4.844069960232614,2.1936051971211206,415.287033650744,1.9155475715201278,14.781702205465137,5.537160448676587,2.377900641892952,8.70911173467079,0.014578472400312847,2.98249660462659,0.669931671897753,0.7613524769579599,124.21391345618531,4.563259123287253,15.41344808367404,9.554916419706561,3.3858031169776095,132.9230251908561,4.6489475447114135,17.564963190156448,10.224848091604315,3.8336208468340613,22.567986766600967,0.014420352714383355,4.310965162785596,0.683878386866696,0.8067722114245288,257.1465959657812,5.049354989814901,15.037558553322924,7.792321089872158,2.329704960257532,279.71458273238227,5.409027390991705,15.346665478541738,8.476199476738856,2.437650211654744,50.464245551092176,0.010520658924134452,5.933537618905344,0.5800487994378412,0.958661512607615,393.99895809225836,0.49137368618403343,12.992206245569434,4.528723656232855,2.0399209812069747,444.4632036433505,1.7012232347751892,14.781702205465137,5.108772455670695,2.2482284628531253,58.10079400396694,0.010815773004335227,2.6882505376297408,0.5234305766123147,0.6157290091135307,473.16523162030734,0.49137368618403343,12.992206245569434,4.262749834417183,1.9384512753399799,531.2660256242742,1.9155475715201278,14.781702205465137,4.786180411029497,2.0181755215621675,29.745205907090103,0.010528401792846864,4.45429540596426,0.7082191882640501,1.026968544918495,266.2268324109873,2.1327224268763985,17.01582414726022,6.338734105023507,3.374471203728228,295.9720383180774,2.545654426744061,17.20992453987964,7.046953293287557,3.33437625574436,58.64721952940696,0.010255120230477033,4.101457263325539,0.5099758219948431,0.7492279798870591,453.3308729324764,0.49137368618403343,12.992206245569434,3.942007590717186,1.8807798916323955,511.9780924618833,1.7012232347751892,14.781702205465137,4.451983412712028,2.0023507975847923
c<A>r<349>R<ASP>,128.15351219657705,1.3497170178174474,5.741567022098795,1.9127389880086128,0.8208381955674059,55.89305877721566,2.144976871783952,5.8585600007181196,3.4933161735759786,0.8344893189445323,65.96156898468375,2.2026753801450196,5.732912884384443,4.1225980615427344,0.8710132642138406,140.20830956796357,1.3207895483120178,4.096778988228021,1.6691465424757568,0.6569099861700942,150.46433227602728,1.2223078852882765,3.920312221370385,1.7912420509050866,0.6548097650893158,95.01842401127145,2.144976871783952,4.848565735857233,2.879346182159741,0.7354692439285307,163.301628251637,1.2223078852882765,3.920312221370385,1.6168478044716534,0.5685030555621907,50.36356804299689,0.014913339950382465,4.608309147714085,0.6540723122467128,1.055813111044021,438.7871810047264,0.49204550818649295,14.805796181581172,5.6985348182432,2.31269400108657,489.1507490477233,1.3359573480666151,14.990913031624242,6.352607130489913,2.4564326780435355,10.316809412253466,0.014578472400312847,3.3271108278463686,0.6448005882658416,0.7704643518627885,168.573794364178,5.37606481810144,20.87198116731838,10.535862147761126,4.625571692871824,178.89060377643148,6.033404649861103,21.330545739153862,11.180662736026967,4.72122485594593,22.81548293833636,0.0600312293781915,4.860332295521564,0.8775185745513985,1.036128120061725,206.35250986148026,5.348996161613513,17.256830284195757,7.936634994672318,2.4402897108315775,229.1679927998166,5.409027390991705,17.421662587976073,8.814153569223716,2.407360159765031,54.21019025791487,0.01081141414637976,4.878585865448413,0.6610998811940837,1.025444261863753,392.8262906138769,0.4767529356054183,10.953217459289817,4.790564519681426,1.6954689295387968,447.03648087179175,1.3047070843890283,12.26569451477978,5.451664400875509,2.01636584648058,56.25046403670074,0.01193008778121829,4.971893792702087,0.5921101477547447,0.9359642634086782,470.9869442046527,0.49204550818649295,12.58900489497887,4.957757307417396,2.071839417444981,527.2374082413534,1.3359573480666151,12.776539888507568,5.549867455172141,2.0593235705326567,28.264492254437034,0.010528401792846864,4.101457263325539,0.6144454837921094,0.9100055296358185,297.46924205431526,2.160512976124892,17.256830284195757,6.4667226533546796,3.6333051875086726,325.73373430875233,2.6924996528287783,17.421662587976073,7.08116813714679,3.584496817394539,62.20255267900274,0.010255120230477033,5.15948911621647,0.575949561842618,0.9455848157909916,471.32199055751545,0.4767529356054183,10.953217459289817,4.36409250516218,1.7219565241086578,533.5245432365182,1.3047070843890283,11.21562706753621,4.940042067004798,1.839410165317131
c<A>r<350>R<ILE>,137.83890800270132,1.37042800635756,3.827026254167697,1.8136698421408068,0.6260718968709044,51.07682017572823,2.5782213098460174,5.288586913380133,3.648344298266302,0.6728774659992707,63.29933527073349,2.2026753801450196,5.732912884384443,4.219955684715567,0.9858306982396536,149.10180340932985,1.1725751971437104,3.827026254167697,1.638481356146482,0.5632074427915826,157.04480610547387,1.227129072680439,3.827026254167697,1.7070087620160204,0.5659787089106781,85.15925379108911,2.2026753801450196,5.732912884384443,2.8386417930363037,0.7686950333064632,168.2267223547563,1.1725751971437104,3.827026254167697,1.5722123584556664,0.49374766692006755,49.525367919378176,0.013869601569170165,3.1637916497228913,0.5966911797515443,0.8041227117960036,397.95997128312854,0.48821962641977734,10.867036288166219,4.794698449194319,1.6477703933492645,447.4853392025067,1.5629336400173712,10.884425201112077,5.391389628945864,1.5552650334502902,9.921518209362215,0.010676675312708994,2.930703508545374,0.5511954560756787,0.6436341656774648,174.33039306820706,5.37606481810144,21.637107797135513,9.685021837122614,4.85327348499109,184.25191127756926,6.033404649861103,21.835792977354735,10.236217293198292,4.687778439822844,23.225157147556587,0.06258022992655299,3.6623053708512323,0.9290062859022634,0.9611215312549,216.78698150513696,5.490613323915795,17.256830284195757,8.671479260205478,3.0966387803163573,240.01213865269352,5.883961641128394,17.421662587976073,9.600485546107741,3.173404893110881,52.3520043948449,0.013869601569170165,3.393685375168154,0.5882247684814034,0.7763153054242334,387.4916192576373,0.48821962641977734,8.677526268202712,4.353838418625138,1.3762448786372696,439.8436236524822,1.7012232347751892,9.134380726390823,4.942063187106542,1.3717077502251904,54.32597414100275,0.01154648808748071,3.939374912959913,0.5173902299143119,0.7367099782984666,451.0758375271793,0.48821962641977734,10.0787653937021,4.295960357401707,1.6148928533254718,505.401811668182,1.5629336400173712,10.090695481483317,4.813350587316019,1.584310349137477,26.092523399002772,0.013888118049619536,4.952533839829876,0.6523130849750693,0.999862194883276,246.2608901628048,2.160512976124892,17.84496561412584,6.15652225407012,3.9616731327907595,272.35341356180754,2.6924996528287783,18.041991687423522,6.808835339045189,3.9930266159907144,57.58719079576469,0.010255120230477033,3.939374912959913,0.5096211574846433,0.7110967586565738,454.21157371803463,0.48821962641977734,8.915019258942266,4.019571448832165,1.4310445651302541,511.79876451379937,1.7012232347751892,9.258778636902763,4.529192606316808,1.4360114142429057
c<A>r<351>R<GLN>,127.74238166272875,1.3450611786735254,3.650494375713188,1.8513388646772282,0.6225791163542301,70.46341691875038,2.1461145160769797,5.711767854725994,3.7086008904605463,0.9636412492718821,67.57204448982901,2.2026753801450196,5.235738805616658,3.97482614646053,0.7016700973811256,142.5515841741874,1.1725751971437104,3.650494375713188,1.6017031929683978,0.4956922161626924,147.75361391462707,1.2227549122564212,3.5003812834225814,1.6983174013175526,0.5451799377059532,102.24859862920236,2.0899089616140776,4.370864284656547,2.763475638627091,0.5997771832272941,161.19475550051772,1.1725751971437104,3.133642219609431,1.5064930420609133,0.3531230458090793,42.92261872654598,0.013869601569170165,4.51747166398019,0.5879810784458352,0.9117392901800503,394.5743539777998,0.48821962641977734,14.942250391823109,5.405128136682189,2.1486573885369733,437.49697270434575,1.3260678384238367,15.441178292857327,5.993109215128024,2.100967994109388,27.053705642693693,0.010676675312708994,5.583918046684062,0.9328864014721963,1.3717429500235645,273.81814845946565,4.2075671720212995,16.09637222911465,9.442005119291919,3.4527308166413717,300.8718541021593,4.292598797952724,16.282473469363715,10.374891520764114,3.701223131166482,30.28101397994759,0.06258022992655299,6.358952732659805,1.1215190362943552,1.54435274479958,240.3574616361509,5.0868812206435905,16.345003773254575,8.90212820874633,3.1336433121849567,270.6384756160985,5.788849178417509,16.55481873009639,10.023647245040685,3.2689694794612167,48.54121376786241,0.012823742404365124,4.51747166398019,0.6223232534341334,0.8172763153458409,363.6261688968698,0.4744872995697733,10.184513424400393,4.661873960216279,1.7934858366233755,412.1673826647322,1.303683415113062,10.879933206188806,5.284197213650413,1.813300129392013,48.26414255322675,0.010025405368814688,4.993679001530518,0.5134483250343271,0.8563432823307765,424.8598786028597,0.48821962641977734,10.810873232971971,4.5197859425836135,1.998478207214923,473.12402115608654,1.3260678384238367,11.040479053453405,5.033234267617942,1.9884374207073876,38.88877150342787,0.010281260762668332,5.1131137884132425,0.6591317203970826,1.0602280054213695,342.3842000370744,2.160512976124892,14.249701422371118,5.803122034526685,2.9035114439938443,381.2729715405022,2.6924996528287783,15.051288410414067,6.462253754923767,3.044754027482329,52.4447792501065,0.010255120230477033,5.083820743199476,0.5141645024520245,0.7658160229344334,423.361576415291,0.4744872995697733,9.453303816445441,4.15060369034599,1.8448660822930047,475.8063556653975,1.303683415113062,9.463804579290352,4.6647681927980145,1.8511264812249686
c<A>r<352>R<LEU>,137.05806997087365,1.3815502580817534,3.8390023920484895,1.877507807820187,0.704825847965135,61.233209550323714,2.291909113123158,5.643412167880354,3.827075596895232,0.9108567914920296,56.87482932856061,2.860473309867506,5.637782112645104,4.0624878091829,0.6842487790107601,156.55322435959707,1.3223972817162135,3.8390023920484895,1.7394802706621897,0.6672570300894899,156.79775941860555,1.226014390039,3.932034319090539,1.7817927206659723,0.6386168764078908,89.04404759981787,2.2307410914903794,4.055054081963904,2.8723886322521897,0.5284122099454457,174.62138301845928,1.226014390039,3.724780454673363,1.6630607906519932,0.5634273381054243,54.06949714451204,0.013869601569170165,4.466923813562802,0.6675246561050869,0.936855540344289,418.27152912090304,0.48821962641977734,11.628477623901745,5.163846038529667,1.9283861789801695,472.3410262654151,1.796483142310212,12.014753765069887,5.831370694634755,1.8722976200919434,19.993323835126926,0.010676675312708994,5.724866606212368,0.8330551597969552,1.3085432309360758,239.10359658876973,5.37606481810144,15.628848925018474,9.962649857865406,2.8600935817182283,259.0969204238967,6.033404649861103,15.643264207970844,10.795705017662362,2.878550835980236,13.414876593972496,0.022630908323932886,3.8434720735454775,0.8943251062648331,1.0407279402249887,161.99674956919262,4.560142308969262,28.407042852768427,10.799783304612841,7.085244398903366,175.41162616316507,6.446870263935643,28.492041803860964,11.694108410877671,6.698914358259821,64.08717384253143,0.012823742404365124,4.466923813562802,0.6045959796465229,0.9012731125443059,530.2303681150256,0.48821962641977734,11.461169382179833,5.002173284104015,1.951011968254068,594.3175419575571,1.7514407401148633,11.64560998176848,5.606769263750539,1.9433896746015473,60.60374576381046,0.01154648808748071,4.993679001530518,0.5941543702334359,0.8932332450364429,457.07095791228807,0.48821962641977734,10.810873232971971,4.481087822669491,1.6177823441155437,517.6747036760985,1.796483142310212,10.920452946291293,5.075242192902927,1.5804000744453104,27.74460587846822,0.010281260762668332,5.1131137884132425,0.6305592245106414,1.1360889487814563,251.48140269501164,2.1814631363643002,28.407042852768427,5.715486424886628,3.9858420102706362,279.2260085734798,2.896476726508225,28.487284038632758,6.346045649397269,4.112191355397413,68.71650321167682,0.01154648808748071,5.083820743199476,0.5679049852204696,0.915296207424593,526.3454377416592,0.48821962641977734,8.90483993041289,4.349962295385613,1.595062574390713,595.0619409533359,1.7514407401148633,9.119927545096804,4.917867280606082,1.5851118630346146
c<A>r<353>R<SER>,130.27673757274061,1.3815502580817534,4.34700463671083,2.004257501119086,0.8114823307475818,68.08782490674903,2.291909113123158,5.534589567159792,3.7826569392638354,1.0108655815215255,58.99750029556316,2.195674552295302,4.510823082606362,3.6873437684726973,0.6211361633607266,142.2403641771915,1.3223972817162135,3.963608600621262,1.6933376687760895,0.5982201143737813,148.96277461125396,1.226014390039,3.886810871953239,1.8166192025762677,0.6708252864829569,93.53617294650365,2.195674552295302,3.724780454673363,2.6724620841858187,0.38229101153826694,162.52581109355165,1.226014390039,3.886810871953239,1.6091664464708084,0.5037499580758231,55.76164520644185,0.0140834518588564,4.058825684999478,0.7853752845977725,0.9417933264729352,403.0067310564332,1.690714857666535,10.810873232971971,5.676151141639904,1.8950525576858306,458.7683762628751,1.796483142310212,11.040479053453405,6.461526426237677,1.9696990052005787,29.454235262570585,0.04359086362775422,5.9189143886376545,1.2806189244595907,1.5555632952509866,240.8659138673047,7.962025224145009,14.048435603433973,10.4724310377089,1.734292944602929,270.32014912987523,9.160996274689872,14.228512915074203,11.753049962168488,1.5224802684757814,16.37944017896396,0.027533882232331663,3.8434720735454775,1.0919626785975973,1.1725865741127988,115.92142964214713,4.560142308969262,14.725306664367963,7.728095309476475,3.1732052712843415,132.30086982111106,6.348844411408448,14.839212029674389,8.82005798807407,2.9878985796884483,56.638188498547166,0.013464983807459419,4.51747166398019,0.6663316293946725,0.9810864128478773,443.424959131436,1.690714857666535,11.223984973579718,5.216764225075718,1.8257994532796256,500.06314762998323,1.7514407401148633,11.246659479445903,5.883095854470391,1.9363402230458497,62.47360397625318,0.01154648808748071,4.053646703991626,0.6646128082580126,0.9126539205682013,433.27285043301663,1.690714857666535,10.810873232971971,4.609285642904433,1.7140059788475703,495.74645440926986,1.796483142310212,10.920452946291293,5.273898451162445,1.830551503161153,25.91202051327334,0.010281260762668332,4.611946345790155,0.5398337606931946,0.9856029415391315,248.57317463662844,2.47055230323258,14.725306664367963,5.178607804929759,2.5355429765929034,274.48519514990176,2.5913116409750923,14.786367549957227,5.718441565622953,2.687380171256248,61.99554671264108,0.01154648808748071,5.890712161470503,0.5904337782156294,0.9953519608203095,446.54030975922524,1.690714857666535,8.90483993041289,4.252764854849764,1.7010692914919092,508.53585647186634,1.7514407401148633,9.122778389188621,4.843198633065394,1.7648259599466383
c<A>r<354>R<ILE>,124.38049615387504,1.386372600135687,3.9734166072127,1.9434452524042976,0.7546078590368285,64.06421725010043,2.3016737711177266,5.721361439386064,4.004013578131277,1.1446449070595233,75.04831258090617,2.860473309867506,5.460705547137859,3.9499111884687457,0.5836675556608737,134.6972801693107,1.3223972817162135,3.9734166072127,1.6629293848063047,0.6142828523790578,153.22373216147884,1.226014390039,3.932034319090539,1.8240920495414148,0.6695629297868619,101.42738860938232,2.229962147050198,4.9056301503042405,2.817427461371731,0.5794803031842546,161.2430822467545,1.226014390039,3.287597420793718,1.5964661608589557,0.47682783732914774,45.448901421727875,0.012412330091118307,5.870716558896895,0.605985352289705,0.9459972868041657,428.64050725646575,0.49459721325388273,12.854056173066056,5.715206763419544,2.1995146035253037,474.08940867819365,1.796483142310212,13.00682373135931,6.321192115709248,2.2317814318755724,29.185749947537424,0.09135969720449388,9.876211408446537,1.5360921025019696,2.456870755806323,207.49350489631297,8.156073006570296,19.190657650858384,10.920710784016473,2.6680735896888583,236.6792548438504,9.160996274689872,20.122796361129943,12.456802886518442,3.104979455981354,32.86969931240774,0.028206685924693886,8.079360967919271,1.8260944062448745,2.0575840652717594,147.71477908872748,4.327503075042841,17.853932109833295,8.206376616040416,3.613957853358232,180.58447840113521,5.203527764578658,21.34170026633619,10.03247102228529,4.1599381603978225,45.89785112139223,0.012412330091118307,5.416479293474412,0.552986158089063,0.914423031382888,452.9540769092764,0.49459721325388273,12.854056173066056,5.457278035051523,2.0443679459995034,498.8519280306686,1.796483142310212,13.00682373135931,6.010264193140586,2.056060132740144,64.41209140304983,0.01166258393710784,4.418445649320045,0.6441209140304983,0.9228558785393962,454.1761160394533,0.49459721325388273,8.957979418550167,4.5417611603945325,1.6054863174021587,518.5882074425032,1.796483142310212,9.2071727221469,5.185882074425032,1.6555198294091256,39.51802590440407,0.013245568639689509,7.437014046302025,0.7748632530275308,1.5677930944438565,305.735130138836,2.4927669676990263,14.344277321816662,5.9948064733105095,3.019076096140455,345.25315604324,2.738630526450253,15.2107514885097,6.769669726338039,3.334198651752238,63.04606931321744,0.01166258393710784,5.023664029972377,0.6004387553639756,0.951279102841619,461.56494647581053,0.49459721325388273,8.392263667819861,4.395856633102958,1.5908713748976333,524.6110157890279,1.796483142310212,8.71214133527787,4.996295388466932,1.6041939590047458
c<A>r<355>R<LYS>,83.31093838237217,1.3937809872216778,3.930371732033248,1.8934304177811858,0.7358302965985981,48.24832101306675,2.7112496262259436,7.736399425430105,4.824832101306675,1.744816281769546,50.26668615920062,2.210642797876566,5.957386048624811,3.866668166092355,0.960606428781338,93.463713781749,1.3223972817162135,3.930371732033248,1.6993402505772544,0.6484791427401642,105.02466732019333,1.2267926303472163,3.4454165039046036,1.8107701262102298,0.6404366882538031,74.60138267470396,2.210642797876566,6.45424045483413,3.1083909447793316,1.002339832137907,114.92897517611235,1.2267926303472163,3.4454165039046036,1.6656373213929325,0.5680543021253491,25.591871865538653,0.014537061298089071,4.166381577515674,0.6734703122510172,1.0139744282745613,230.39729202612057,1.690714857666535,12.854056173066056,6.063086632266331,2.43123341228819,255.9891638916592,1.796483142310212,13.731717197491573,6.736556944517347,2.6684215132787408,7.529015773162097,0.18853614525114182,1.509584464356621,0.7529015773162098,0.5048122621896574,145.23574428979828,8.567538982051701,23.164539025285194,14.523574428979828,5.255709726598359,152.76476006296036,9.207079952214766,23.697059788505676,15.276476006296036,5.3055251757062685,14.674946429919732,0.09932980099653577,5.020623686017167,1.334086039083612,1.4648824985397846,121.42521631881891,4.560142308969262,24.433915412613715,11.038656028983537,5.976337577745258,136.10016274873865,6.5626140763983045,24.53324521361025,12.37274206806715,6.05314910540727,25.744485071160852,0.013738747546102825,3.8576401139907013,0.6279142700283135,0.996860499607716,229.21029854040557,1.690714857666535,12.854056173066056,5.590495086351355,2.3683296077816145,254.95478361156646,1.796483142310212,13.00859814703744,6.21840935637967,2.573868874838739,37.717086001564965,0.014537061298089071,5.457539638505619,0.6735193928850887,1.030684029943475,268.4896301209619,1.690714857666535,11.390483419632801,4.794457680731463,1.9919342964627096,306.2067161225269,1.796483142310212,11.405490264639266,5.467977073616552,2.0773758856447913,22.825696469919254,0.013245568639689509,7.1819454644842295,0.7133030146849767,1.3432404514724294,254.90916763713335,2.4927669676990263,23.164539025285194,7.965911488660417,5.143826680093419,277.73486410705266,2.9962238974973756,23.17901027035778,8.679214503345396,5.298588342706727,37.839195398184295,0.012742219879219974,5.457539638505619,0.6203146786587589,0.9975952184193627,272.4889577477986,1.690714857666535,8.925806745255613,4.467032094226207,1.8596743674753222,310.32815314598287,1.796483142310212,9.234364327089093,5.087346772884965,2.0132478533237905
c<A>r<356>R<GLY>,59.49023275795721,1.5011489102018252,4.51264500274283,2.124651169927043,0.8987558467558869,18.12479715095481,2.7112496262259436,5.534589567159792,3.6249594301909616,1.0114843211798374,35.364285161921224,2.210642797876566,5.460705547137859,3.929365017991247,0.8353167503386099,62.636625869425664,1.3223972817162135,4.51264500274283,1.8422537020419314,0.8556577852343251,72.75759720942446,1.2267926303472163,4.202178183830931,1.9146736107743278,0.7999573011624358,43.23877121494804,2.210642797876566,4.9056301503042405,2.8825847476632025,0.772549915050811,75.41214513604157,1.2267926303472163,4.202178183830931,1.7139123894554904,0.7238529386538571,9.893047128316319,0.010183336669414622,1.872661877257439,0.41221029701317996,0.5389415882354123,129.22783419173584,1.690714857666535,12.854056173066056,5.384493091322327,2.2112466798229273,139.12088132005215,1.796483142310212,13.731717197491573,5.796703388335506,2.254264994164277,1.458834485099331,0.2528907447268196,1.2059437403725113,0.7294172425496654,0.47652649782284584,19.410594523454165,9.371931865311126,10.03866265814304,9.705297261727083,0.33336539641595664,20.869429008553496,10.291553402869859,10.577875605683637,10.434714504276748,0.1431611014068892,8.11379530549575,0.11454100654450272,2.657301668919777,1.6227590610991498,0.8317544420482686,31.76193679670837,4.882081968652528,9.238303420987222,6.352387359341674,1.6134585277624756,39.87573210220411,7.106862679366575,10.900316285186124,7.975146420440822,1.471041668650889,8.926303125894997,0.010183336669414622,1.872661877257439,0.3433193509959614,0.4784501846466401,135.05558411373408,1.690714857666535,12.854056173066056,5.194445542835926,2.4299437534130095,143.9818872396291,1.796483142310212,13.00859814703744,5.537764893831888,2.4156293203448427,16.92309569726023,0.010183336669414622,4.221068444779444,0.48351701992172086,0.7988229446078478,153.12352732996874,1.690714857666535,9.558899641588368,4.374957923713392,1.725603971156383,170.04662302722897,1.796483142310212,9.582924892801113,4.858474943635113,1.845659103803731,6.306502827653672,0.022963377712641453,1.6620128641989016,0.450464487689548,0.44020371139415554,74.88089051158408,2.4927669676990263,9.238303420987222,5.348635036541721,2.199631438800041,81.18739333923776,2.9962238974973756,10.900316285186124,5.799099524231268,2.329148613250813,15.680271481743457,0.010183336669414622,4.221068444779444,0.44800775662124165,0.7719654207188063,150.23463573490653,1.690714857666535,9.558899641588368,4.292418163854473,1.867886568312463,165.91490721665002,1.796483142310212,9.582924892801113,4.740425920475715,2.0148140350356423
c<A>r<357>R<LYS>,97.09187186347984,1.386372600135687,4.60175354089362,1.867151381989997,0.694820528242225,42.028040229092184,2.7112496262259436,5.534589567159792,3.502336685757682,0.7806561906656886,54.70553768836921,2.1987353050535874,5.460705547137859,3.9075384063120864,0.7713080079515398,104.1073774979579,1.3191370052887645,4.60175354089362,1.6016519615070446,0.5195541936088234,115.13839191483291,1.2251958382776682,4.202178183830931,1.7184834614154165,0.577092582822823,74.18075831683105,2.1987353050535874,4.9056301503042405,2.747435493215965,0.6094068980477506,122.64667164632083,1.2251958382776682,4.202178183830931,1.5330833955790104,0.42308448080578376,30.388759978546908,0.010183336669414622,3.0208032576511723,0.6077751995709382,0.7873238844026259,256.42683111820634,0.49459721325388273,12.854056173066056,5.128536622364127,2.203273589346927,286.8155910967533,1.796483142310212,13.00682373135931,5.7363118219350655,2.2165632176109615,8.723458874275126,0.0506649095549605,3.7864066466070803,0.7269549061895938,1.0281535455643598,114.31704459369962,3.527116386452917,19.190657650858384,9.526420382808302,3.9035573801688805,123.04050346797473,4.459741473794349,19.418707776258582,10.253375288997894,4.003145176157606,21.315709444390066,0.03510361705848375,4.72454815192625,1.2538652614347097,1.2082857169575254,117.07228283248219,4.327503075042841,13.498277576736882,6.886604872498952,2.3039480291001864,138.38799227687227,5.029308066784108,13.533381193795366,8.140470133933663,2.0448628334704404,28.211292931796287,0.010183336669414622,3.092133243735665,0.4949349637157243,0.6975614599850412,265.3667436625242,0.49459721325388273,12.854056173066056,4.655556906360073,2.030852764464574,293.5780365943205,1.796483142310212,13.00682373135931,5.150491870075799,2.131490146711371,38.78573191747198,0.010183336669414622,4.221068444779444,0.5462779143305913,0.8065274835037712,279.3781538352864,0.49459721325388273,8.217514998909792,3.934903575144879,1.3908022140577116,318.16388575275835,1.796483142310212,9.234364327089093,4.481181489475469,1.4460698672438665,23.770691386047126,0.012436634995367513,7.670069244003873,0.6991379819425625,1.3699392425047303,171.47202553268107,2.2568294296806926,11.708918240053436,5.043294868608267,2.3483737171759462,195.24271691872823,2.9962238974973756,11.74227554712774,5.742432850550831,2.514784793963312,38.39472885023212,0.010183336669414622,4.221068444779444,0.4986328422108067,0.8371183950253915,289.86697727636033,0.49459721325388273,8.217514998909792,3.76450619839429,1.4619003844694767,328.2617061265924,1.796483142310212,9.234364327089093,4.263139040605096,1.5209478186394143
c<A>r<358>R<LYS>,84.04012788754851,1.386372600135687,3.295183965477127,1.788087827394649,0.5105802516252907,47.15434170325981,2.7065919023799307,6.68927185030195,3.6272570540969085,1.1166115160083825,50.35696333489412,2.195970960298808,5.025689008562866,3.8736125642226247,0.8159458926247345,95.99814801481605,1.3191370052887645,3.295183965477127,1.5737401313904271,0.3916039470246668,103.08451688754616,1.2251958382776682,3.196833196611931,1.6899101129105927,0.5264137001835054,74.67102183470048,2.195970960298808,4.939491127382811,2.7655934012852033,0.6333771755194285,114.41980178993362,1.2251958382776682,3.0236727914242256,1.5255973571991148,0.3791096380381012,21.08537691898821,0.010183336669414622,3.0208032576511723,0.5857049144163392,0.7638260841485419,172.6733950755172,0.49459721325388273,9.061252910021722,4.796483196542145,1.5114176534324344,193.75877199450542,1.9229061389805429,9.0821175721459,5.382188110958484,1.3465391074612811,4.62955579826698,0.027445347690452593,1.082489819160184,0.3857963165222484,0.3081822270365042,129.7991516364791,2.4453321086969027,23.738671572424437,10.816595969706592,6.414458299819579,134.42870743474612,2.967499092067892,24.51441191332296,11.202392286228843,6.411809734246198,16.73603901036164,0.018787541523554552,2.616191664541592,0.8808441584400863,0.71466768697898,133.72698475606649,4.327503075042841,11.455279111057507,7.038262355582447,1.9605756385397821,150.46302376642814,5.029308066784108,11.474066652581062,7.919106514022533,1.7382436524389886,23.38475808213509,0.010183336669414622,4.902751182316786,0.487182460044481,0.85541640916185,207.3777861367103,0.49459721325388273,16.80700319152129,4.320370544514798,2.361922917507941,230.7625442188454,1.8514573814736823,17.081247429490436,4.807553004559279,2.335301265194462,30.075536678971943,0.010183336669414622,2.624378199784294,0.4556899496813931,0.5948773344675485,258.46504417886354,0.49459721325388273,8.609955160824256,3.916137033013084,1.2899718588438895,288.54058085783544,1.9229061389805429,8.64304866085159,4.3718269826944764,1.2769576381308478,17.1153098436056,0.012436634995367513,2.661615644311519,0.48900885267444577,0.6037851859188532,175.2672073046188,2.1839416826638285,11.708918240053436,5.0076344944176805,2.4589811370530743,192.3825171482244,2.3993651733681753,11.74227554712774,5.496643347092125,2.432373891064352,33.9844055252256,0.010183336669414622,5.381002948678168,0.4786535989468394,0.8491419166791728,245.26311164865035,0.49459721325388273,8.609955160824256,3.4544100232204276,1.283095858992514,279.24751717387596,1.8514573814736823,8.64304866085159,3.9330636221672672,1.306537420097125
c<A>r<359>R<ASN>,98.59227889220456,1.386372600135687,3.3634711247495583,1.7296891033720099,0.4732104927199099,44.047155959157685,2.6968035725719175,5.021395365640284,3.3882427660890526,0.686050114001235,63.9679987984743,2.195970960298808,5.025689008562866,3.762823458733782,0.7600319099929386,109.28571203609047,1.3191370052887645,3.3634711247495583,1.5392353807900068,0.3709061667967724,124.47156252947401,1.2251958382776682,3.3685828523655834,1.65962083372632,0.5059083166744178,81.82916939427528,2.195970960298808,4.939491127382811,2.6396506256217833,0.5138061539331357,134.26344120405395,1.2251958382776682,3.295183965477127,1.508577991056786,0.37471635964643313,25.443347767195284,0.010183336669414622,3.202906219201328,0.5088669553439057,0.7087423534225475,244.86596963718796,0.49459721325388273,9.45137071207887,4.897319392743759,1.6033975172582366,270.3093174043832,1.8783123616568709,9.56875576795732,5.4061863480876635,1.4668835417668147,4.158580607339537,0.049439524851763395,1.1672938503443149,0.41585806073395365,0.39579726399305815,67.34271291779174,2.4453321086969027,11.708918240053436,6.734271291779175,3.032366166043712,71.50129352513129,2.967499092067892,11.802552462662048,7.150129352513129,2.8975016279534906,21.651398757867778,0.018787541523554552,4.72454815192625,0.9021416149111574,1.0149820624771173,174.3670479594183,4.327503075042841,12.033442324196187,7.265293664975762,2.3203241040460014,196.01844671728608,4.940103051971683,12.263048060297123,8.16743527988692,2.0911507906557225,21.621875755283106,0.010183336669414622,2.7678466116188503,0.3664724704285272,0.49959201776979695,254.35648794948764,0.49459721325388273,9.061252910021722,4.311126914398096,1.5405407812545784,275.97836370477074,1.8783123616568709,9.0821175721459,4.677599384826623,1.4801822578300912,37.50216289061502,0.010183336669414622,2.624378199784294,0.457343449885549,0.6136702158438762,311.1011869281332,0.49459721325388273,8.609955160824256,3.7939169137577218,1.2208402863649679,348.60334981874814,1.8783123616568709,8.64304866085159,4.25126036364327,1.201934534066717,22.53614876756668,0.010291540649211228,5.044816705032037,0.524096482966667,0.8800318328003504,194.22444936017655,2.1839416826638285,11.708918240053436,4.51684765953899,2.1940073852406257,216.76059812774324,2.3993651733681753,11.74227554712774,5.040944142505657,2.271127241491282,37.51039694163676,0.010183336669414622,3.253807333644481,0.421465134175694,0.6018280419204729,320.1643461205304,0.49459721325388273,8.609955160824256,3.5973522036014653,1.3571838984538493,357.6747430621672,1.8783123616568709,8.64304866085159,4.018817337777159,1.3218375117949122
c<A>r<360>R<ILE>,150.09079405586564,1.3766148139600782,3.9931846107366504,1.8761349256983206,0.7404239737845661,34.747684248834005,2.6968035725719175,4.508438611383984,3.158880386257637,0.5454365391584493,55.75671898822968,2.860473309867506,4.805305373998948,3.9826227848735485,0.5512190593479749,156.24832668048504,1.3191370052887645,3.9931846107366504,1.698351376961794,0.685503417364137,170.09259394318607,1.2251958382776682,3.9931846107366504,1.7904483572966956,0.7125378620780012,67.25912616585933,2.231955868920702,3.556338053803575,2.5868894679176666,0.33542828814811537,175.8813055478436,1.2251958382776682,3.9931846107366504,1.6437505191387252,0.644681180751531,64.16329334918498,0.01170000833559115,3.202906219201328,0.5886540674237154,0.7899991075467571,520.9270607054877,0.49451700966096723,9.45137071207887,4.779147345921906,1.4879062228796827,585.0903540546726,1.5921989273058905,9.56875576795732,5.36780141334562,1.4500777973844245,3.407572176116328,0.049439524851763395,1.1672938503443149,0.425946522014541,0.4293985354039695,42.77864984397894,2.4453321086969027,9.459777409165326,5.3473312304973675,2.117603540403362,46.18622202009527,2.967499092067892,9.563174393728985,5.773277752511909,2.0550226713236732,13.881459634636355,0.019897045833410232,2.616191664541592,0.7306031386650713,0.714108753371281,141.00902546272857,4.3856899445290765,18.485403986057975,7.421527655933083,3.0735787004112174,154.8904850973649,4.940103051971683,18.889451628988432,8.152130794598152,2.8918756545240516,59.83818149526155,0.01170000833559115,2.8572534394217524,0.5248963289058031,0.710617227655316,510.12164048992895,0.49451700966096723,8.836998034637872,4.474751232367797,1.425957442929285,569.9598219851905,1.525217263287871,9.042059725872146,4.999647561273601,1.4296437822451766,71.52441033226174,0.010521338179578787,2.8572534394217524,0.5298104469056425,0.6876578958295745,546.8379007632797,0.49451700966096723,8.836998034637872,4.050651116765034,1.3253621274520737,618.3623110955414,1.5921989273058905,8.86077776324425,4.580461563670677,1.3692773331052235,12.890649148055347,0.010291540649211228,2.661615644311519,0.41582739187275314,0.5425856842253823,115.4780786604577,2.081823130836767,10.523706080643024,3.725099311627668,1.993834937079597,128.36872780851303,2.3993651733681753,10.71604455533699,4.14092670350042,1.9042553784770788,70.78488811024714,0.010521338179578787,3.253807333644481,0.5204771184576995,0.6878568438668924,530.8710895409104,0.49451700966096723,8.836998034637872,3.9034638936831643,1.4277840242577338,601.6559776511575,1.525217263287871,8.86077776324425,4.423941012140864,1.4449822342894825
c<A>r<362>R<GLU>,97.11449436479951,1.3766148139600782,3.5734365763992204,1.7341873993714199,0.49669537528759516,37.70962481578329,2.6968035725719175,5.457016605021612,3.1424687346486078,0.7584289947812408,58.37027986603174,2.195674552295302,4.596136200091157,3.6481424916269836,0.7322323715786669,104.72126370889892,1.3191370052887645,3.5332886976880067,1.5176994740420133,0.34606999513912784,119.4175011541304,1.2251958382776682,3.4084974642340544,1.6358561801935672,0.4762223379916811,74.51641757589661,2.195674552295302,3.724780454673363,2.569531640548159,0.3500096050764862,127.064418376941,1.2251958382776682,3.4084974642340544,1.4774932369411744,0.3310085005613606,31.572565125029286,0.010183336669414622,3.2326166486997323,0.5846771319449867,0.7889657424995852,235.12231689711766,0.4904709957704796,6.409692628015364,4.354116979576253,1.1923442266887923,266.694882022147,1.8783123616568709,6.874532173009939,4.938794111521241,1.187167046050263,8.371406845194818,0.03442799018747955,5.230262699843539,0.7610369859268016,1.455928880251642,68.89955805592973,2.4453321086969027,11.708918240053436,6.263596186902703,2.756134195550486,77.27096490112456,2.967499092067892,12.888183119072043,7.024633172829505,3.261196905097039,20.4580547193004,0.019897045833410232,2.616191664541592,0.7054501627344966,0.7129221452604936,223.0265703901111,4.3856899445290765,14.018972521256956,7.690571392762451,2.6490015386482484,243.48462510941147,4.940103051971683,16.016382416380857,8.396021555496947,2.6154133440476754,27.958539875873278,0.010183336669414622,5.048533972859005,0.43685218556051997,0.7839578461684151,248.7333323751969,0.4904709957704796,5.914119539414969,3.8864583183624517,1.153319789655262,276.6918722510702,1.8783123616568709,6.874532173009939,4.323310503922972,1.1500029498027575,35.88208092970781,0.01015383962180394,2.624378199784294,0.44298865345318283,0.6073405491094307,279.1339752758969,0.4904709957704796,5.914119539414969,3.4460984601962577,0.9663683622016334,315.01605620560474,1.8783123616568709,6.05235356513494,3.8890871136494414,1.0396850704343308,24.00975636986616,0.010291540649211228,3.6760854841488726,0.500203257705545,0.687340346293911,203.08245378368298,1.8526825958260815,11.708918240053436,4.230884453826729,2.2142334737753986,227.09221015354913,2.3993651733681753,11.74227554712774,4.731087711532274,2.3769861559360606,37.31461707344353,0.01015383962180394,4.25644838140683,0.4289036445223394,0.6818190075496627,277.552946957043,0.4904709957704796,5.914119539414969,3.190263758126931,1.088230665771389,314.86756403048656,1.8783123616568709,6.05235356513494,3.619167402649271,1.086419123954062
c<A>r<363>R<SER>,133.2387233214146,1.3815502580817534,3.52163292177531,1.7531410963344025,0.5261257388705143,57.23839560854221,2.6968035725719175,5.643412167880354,3.3669644475613065,0.887481987673975,65.94578389864301,2.195674552295302,4.627768745804298,3.6636546610357232,0.5903941708614362,145.71133729028656,1.3191370052887645,3.52163292177531,1.5501206094711337,0.4061041641034067,156.089600065326,1.2267926303472163,3.4084974642340544,1.6430484217402739,0.4797538211757839,95.23062237536276,2.195674552295302,3.788281612932054,2.6452950659822987,0.3823587350841125,168.6352624777532,1.2267926303472163,3.4084974642340544,1.492347455555338,0.3506902730869932,50.05863843834315,0.010183336669414622,3.237060378693167,0.6257329804792894,0.8133122710034244,370.7287859518883,0.49451700966096723,10.810873232971971,4.634109824398604,1.5008769785909688,420.7874243902314,1.8783123616568709,10.920452946291293,5.259842804877893,1.4463378690550717,18.204231706697733,0.03442799018747955,5.230262699843539,0.9581174582472491,1.4971708203689937,154.82718082569255,2.4453321086969027,12.540779987945143,8.148798990825924,3.1428487910586984,173.0314125323903,2.967499092067892,13.379664527241507,9.106916449073173,3.5248518199940064,25.833986546165846,0.019897045833410232,4.283113824217104,0.956814316524661,1.1600127112432947,204.40183802584886,3.435678968721959,14.590998882156782,7.57043844540181,3.0784014949558856,230.2358245720147,3.506535774607163,16.016382416380857,8.527252761926471,3.073342296790364,47.64950461869083,0.010183336669414622,5.048533972859005,0.4912320063782559,0.8075753419359227,420.0175609203302,0.49451700966096723,11.223984973579718,4.33007794763227,1.555631542229166,467.66706553902105,1.8783123616568709,11.246659479445903,4.821309954010526,1.5322063897642704,55.730052896338776,0.01015383962180394,3.829456272005733,0.5066368445121707,0.7216141003870402,418.1654135092586,0.49451700966096723,10.810873232971971,3.801503759175078,1.4261358787133886,473.8954664055974,1.8783123616568709,10.920452946291293,4.308140603687249,1.418987168591947,36.07399855587985,0.010281260762668332,6.649133207860661,0.5726031516806325,1.0699354155384881,259.6122765319006,1.8526825958260815,11.708918240053436,4.120829786220645,1.9947536744248706,295.6862750877804,2.3993651733681753,11.74227554712774,4.693432937901276,2.239868583893793,58.723325682024324,0.01015383962180394,4.25644838140683,0.48133873509856,0.7429834052069797,435.6243607006775,0.49451700966096723,8.04324795145044,3.5706914811530943,1.449329505691439,494.34768638270185,1.8783123616568709,8.06414270547452,4.052030216251654,1.4026237880205281
c<A>r<364>R<PHE>,130.21319614878794,1.3766148139600782,3.827026254167697,1.7596377857944316,0.6227859328021731,39.68955831552067,2.291909113123158,5.643412167880354,3.053042947347744,0.8308353744722456,38.14141200337057,2.860473309867506,3.775736355419325,3.4674010912155064,0.24645194745643198,140.55140584699274,1.3253982806073363,3.827026254167697,1.5971750664430993,0.5263086987825987,146.30406773777173,1.2273373995191543,3.775471228690968,1.7012100899740898,0.597076290552661,65.28182778181667,2.2399188888685124,3.315308070781581,2.611273111272667,0.31618219048530494,156.1546225210076,1.2273373995191543,3.775471228690968,1.561546225210076,0.4871796134617676,46.013742946935146,0.01238804948128358,3.2262946277675066,0.613516572625802,0.8127021120955997,330.4424508932974,0.485403534146883,14.64685519104114,4.405899345243966,1.7770864704787763,376.45619384023263,1.8783123616568709,14.74361102984087,5.019415917869768,1.7269573974434076,3.631041760985271,0.03442799018747955,1.9712252358446705,0.3300947055441155,0.5404588711891274,72.51247365519049,2.4453321086969027,11.268116316696478,6.592043059562772,2.9306436601771875,76.14351541617577,2.967499092067892,12.733632069696753,6.922137765106888,3.169963972976898,10.417884121707244,0.019897045833410232,2.239175228916009,0.6945256081138163,0.6724276305225239,92.44091874097273,4.3856899445290765,8.060287552948466,6.162727916064849,0.9483674029978165,102.85880286268,4.940103051971683,8.985663099409827,6.857253524178666,0.9219072685153837,43.99570277455626,0.011775512992750148,3.2262946277675066,0.45356394612944595,0.6978281229353573,399.9263406419328,0.485403534146883,11.223984973579718,4.122951965380751,1.6273334414337421,443.92204341648915,1.7514407401148633,11.246659479445903,4.576515911510198,1.6625370461108626,51.10951307029961,0.01015383962180394,3.2262946277675066,0.5215256435744858,0.688648580906671,360.2228597405128,0.485403534146883,8.060287552948466,3.6757434667399265,1.2995420966424684,411.3323728108124,1.8783123616568709,8.985663099409827,4.197269110314412,1.3717939461865016,19.56763233607637,0.010291540649211228,1.441765668850513,0.4348362741350305,0.39932252118211103,158.89450757910305,1.8526825958260815,8.060287552948466,3.530989057313401,1.5277597439790758,178.46213991517942,2.3993651733681753,8.719438138136642,3.9658253314484315,1.5382508071209118,54.001239943447246,0.01015383962180394,3.2262946277675066,0.47788707914555084,0.6051725419741606,391.6230076145914,0.485403534146883,8.060287552948466,3.4656903328724904,1.447468991641105,445.62424755803863,1.7514407401148633,8.653329669590942,3.943577412018041,1.531823538369019
c<A>r<365>R<VAL>,93.46731813767333,1.3766148139600782,4.469267698388494,1.7308762618087654,0.5711049217054747,27.573355643954763,2.6968035725719175,5.457016605021612,3.0637061826616403,0.8480309903073389,48.41518376048251,2.195674552295302,6.524859803290717,3.724244904652501,0.932449761041083,97.39367082069927,1.3253982806073363,3.4084974642340544,1.521776106573426,0.3194951565002214,114.15125476490209,1.2291766744591865,4.469267698388494,1.678694923013266,0.5778813823419029,62.975615721340816,2.195674552295302,6.524859803290717,2.7380702487539486,0.8656580649019057,118.05524517018863,1.2291766744591865,3.4084974642340544,1.5135287842331875,0.37355514320889033,25.998455845543738,0.0140834518588564,2.286561187421613,0.5531586350115689,0.6485661494030824,213.401759809811,0.485403534146883,9.054012819124182,4.54046297467683,1.5210617514652052,239.4002156553547,1.9053945428472843,9.360927084751001,5.093621609688398,1.4318738132490556,1.3260316416340006,0.03442799018747955,0.9039110721295565,0.22100527360566677,0.3093386938077728,36.69316253568269,5.0342878463907255,9.101776472464962,6.115527089280448,1.3725910733845463,38.01919417731669,5.175923956185146,10.005687544594519,6.336532362886115,1.6641688454780215,11.458815527442859,0.019897045833410232,2.239175228916009,0.6740479722025211,0.7007421243430965,101.93533039023885,3.435678968721959,7.739864292620041,5.996195905308167,1.0877013666313018,113.3941459176817,3.506535774607163,7.927929974856523,6.670243877510688,1.1019630427546503,19.446656160253998,0.011775512992750148,2.286561187421613,0.3352871751767931,0.48614654060724904,249.70228605738473,0.485403534146883,9.054012819124182,4.305211828575599,1.4137050429944988,269.14894221763876,1.8775871624534886,9.360927084751001,4.640499003752392,1.35823203430998,29.83167398233028,0.01015383962180394,2.2110244232033374,0.420164422286342,0.5235170118505227,257.8614689458868,0.485403534146883,9.054012819124182,3.6318516752941807,1.3860967863586398,287.69314292821707,1.9053945428472843,9.073223131922312,4.052016097580522,1.3125925902036641,14.94060439988505,0.010291540649211228,1.441765668850513,0.393173799996975,0.403958258531728,128.1171966678396,1.8526825958260815,10.616056136308544,3.3715051754694634,1.5223798819946246,143.05780106772468,2.585642937641679,10.673687635739322,3.764678975466439,1.4554482104245203,26.896587630322564,0.01015383962180394,1.441765668850513,0.3634674004097644,0.4021575497233128,249.0997665988279,0.485403534146883,9.054012819124182,3.366213062146323,1.4717057244394078,275.9963542291504,1.8775871624534886,9.073223131922312,3.729680462556087,1.3871896394722143
c<A>r<366>R<ASP>,87.97338450082339,1.39432768766693,3.9120021254267927,1.9124648804526823,0.7109330429705317,45.45915878638714,2.291909113123158,5.643412167880354,3.2470827704562244,1.0338169194788083,50.081312473234426,2.195674552295302,5.109408513216089,3.5772366052310303,0.6749083715173636,97.35819451242521,1.3253982806073363,3.8425417096315773,1.596035975613528,0.47053296385300925,105.18842957304476,1.2267926303472163,3.9120021254267927,1.7244004848040124,0.6083429016258726,75.48519269405006,2.195674552295302,3.572961342936847,2.602937679105174,0.3599518374321257,115.23254825456102,1.2267926303472163,3.457460155382284,1.5162177401915924,0.385419985276114,23.994270928745383,0.010183336669414622,2.512982902600502,0.5332060206387863,0.655183923649451,247.32595560358942,1.8989902564283057,12.27476544550359,5.496132346746432,2.135540283165022,271.32022653233474,1.9217948095524298,12.288366483373462,6.029338367385217,2.1942232907795525,9.874814577931307,0.03442799018747955,3.2077510307045625,0.7053438984236647,0.9654417126824001,103.46575884341723,1.3578084564371693,11.268116316696478,7.390411345958374,3.1445845212434063,113.34057342134854,1.7749405009924584,13.379664527241507,8.095755244382039,3.6597330245721866,14.36359691452394,0.028206685924693886,3.934740900228995,0.7559787849749442,0.9435095278661093,117.84536155913594,3.435678968721959,7.981655342392514,6.202387450480839,1.185237904824669,132.2089584736599,3.506535774607163,8.985663099409827,6.958366235455784,1.2435686488531548,19.081562089969967,0.010183336669414622,2.3427648772561867,0.30776713048338655,0.44084259275031373,292.0265158938143,1.7049713845826773,11.223984973579718,4.710105095061521,1.6895496833451311,311.1080779837843,1.7514407401148633,11.246659479445903,5.017872225544909,1.7879347722277745,28.674496614253492,0.01015383962180394,2.410438040824733,0.4344620699129317,0.5781294614695209,272.3911580898447,1.8989902564283057,10.810873232971971,4.127138758937041,1.666843743262614,301.06565470409816,1.9217948095524298,11.26920545932422,4.561600828849972,1.694764656345937,24.08222367736933,0.01210594088091943,4.611946345790155,0.4914739525993741,0.7287204673628003,183.9785627328758,1.3578084564371693,7.962025224145009,3.7546645455688936,1.5751333939762204,208.06078641024513,1.7749405009924584,8.719438138136642,4.246138498168268,1.7146788021499508,28.950432224438366,0.01015383962180394,3.388182789434854,0.39658126334847077,0.5504551608462601,275.171566133356,1.7049713845826773,7.962025224145009,3.7694735086761098,1.686598151011063,304.1219983577944,1.7514407401148633,8.653329669590942,4.16605477202458,1.688700090012207
c<A>r<367>R<TYR>,133.76717385781313,1.3809627474520694,3.9120021254267927,1.9386546935914948,0.7455739204596586,53.474710288365515,2.291909113123158,5.643412167880354,3.5649806858910345,1.2200066123480413,65.56021200304825,2.195674552295302,5.109408513216089,3.6422340001693474,0.654870714455756,143.4380351838171,1.3253982806073363,3.8425417096315773,1.6875062962802012,0.596348470047092,157.2579405655805,1.2271640430814204,3.9120021254267927,1.7870220518815965,0.6586705626459483,92.42071117699179,2.195674552295302,4.123973170817787,2.7182562110879935,0.4577951797944782,167.49109018010753,1.2271640430814204,3.650494375713188,1.6104912517318033,0.5200903057280285,54.96109461140712,0.010130803393799681,4.575190648550951,0.6466011130753779,0.9300287862443111,442.6272158294669,0.48821962641977734,12.27476544550359,5.207379009758434,2.1653743451777205,497.58831044087407,1.8123566640136717,12.288366483373462,5.853980122833812,2.175696447831364,12.277656586513771,0.03442799018747955,3.2077510307045625,0.6820920325840985,0.8623160370491552,151.68645441677404,1.3578084564371693,13.075153642113037,8.427025245376335,3.1744451426162703,163.96411100328783,1.7749405009924584,14.171365257292027,9.109117277960435,3.5433374733703737,22.453060275146743,0.028206685924693886,5.462437805606051,0.8981224110058698,1.2727600690350174,183.28590253136946,3.435678968721959,14.590998882156782,7.331436101254778,2.62567739047714,205.73896280651618,3.506535774607163,16.34620567723443,8.229558512260647,2.9856918580785328,48.88306719201253,0.010130803393799681,4.575190648550951,0.47002949223088974,0.8078296254954215,479.5643547612455,0.48821962641977734,11.223984973579718,4.61119571885813,1.842067169042632,528.4474219532581,1.7514407401148633,11.246659479445903,5.08122521108902,1.9496727309210913,61.45720333541413,0.010130803393799681,3.931853807887954,0.5344104637862098,0.8067774259829907,478.1752883480457,0.48821962641977734,10.810873232971971,4.15804598563518,1.6457988884586299,539.6324916834598,1.8123566640136717,10.920452946291293,4.692456449421389,1.7240088137413578,29.93345798613189,0.01210594088091943,4.611946345790155,0.4827977094537402,0.7703819437385695,259.5405952146288,1.3578084564371693,8.576207831582906,4.186138632494013,1.7584182891289857,289.47405320076075,1.7749405009924584,8.963370799448743,4.668936341947754,1.9191171758657195,60.24691462663338,0.010130803393799681,4.495016591343028,0.48586221473091434,0.777453963840174,481.13463363303185,0.48821962641977734,8.90483993041289,3.8801180131696116,1.7216347661003977,541.3815482596651,1.7514407401148633,9.119927545096804,4.3659802279005255,1.7903289415706043
c<A>r<368>R<VAL>,118.359831418077,1.3806116503910815,3.9120021254267927,1.849372365907453,0.6345192639583105,47.89176515827396,2.291909113123158,4.592249428910286,3.192784343884931,0.6332126364961155,63.750987794471136,2.195674552295302,6.3235792440916665,3.984436737154446,0.9173618887710484,126.34746424750013,1.3253982806073363,3.457460155382284,1.5793433030937516,0.4371794494610545,139.48962856123475,1.2241748139591941,3.9120021254267927,1.7220941797683302,0.5941188137448737,85.31310139654136,2.195674552295302,4.687455334032752,2.6660344186419174,0.5381540818758229,147.69057756907026,1.2241748139591941,3.457460155382284,1.5225832739079408,0.3995957375892847,38.44128503722835,0.010130803393799681,3.6134031190299156,0.6515472040208194,0.8931583931761404,314.0490177448199,0.48821962641977734,14.426203640805625,5.32286470753932,2.7885331418757104,352.4903027820482,1.8123566640136717,14.437632484919405,5.974411911560139,2.77876734642038,5.803132638378056,0.038609761371782625,2.13289627648372,0.4463948183367735,0.5338068934236061,111.0229965127387,1.3578084564371693,16.664896158143165,8.5402305009799,4.277377245721789,116.82612915111675,1.7749405009924584,16.809957467538673,8.986625319316673,4.3587516716158285,20.166201478689537,0.041424638432786764,4.600347394376136,0.9602953085090256,1.081613058031012,151.82615831697905,3.435678968721959,13.662360189321191,7.229817062713288,2.3053025902683375,171.99235979566856,3.506535774607163,16.488629533437177,8.190112371222313,2.5844671033436777,34.970261358652365,0.010130803393799681,4.478809641295546,0.47904467614592283,0.8513516789566389,329.8322986807635,0.48821962641977734,13.598128144258226,4.518250666859774,2.26325054165857,364.8025600394159,1.7514407401148633,14.106280944269189,4.997295343005697,2.3624052271925593,47.73928137182323,0.010130803393799681,3.8820952840807186,0.5551079229281771,0.8793048875234697,355.55028465475283,0.48821962641977734,10.54872389259458,4.1343056355203815,1.727710454520167,403.2895660265761,1.8123566640136717,10.624647691999542,4.6894135584485594,1.8561989643687806,22.86584718663031,0.01210594088091943,3.354574150253544,0.4397278305121214,0.6105711774677863,246.55209164465901,1.3578084564371693,13.662360189321191,4.741386377781904,2.4423998684912966,269.41793883128935,1.7749405009924584,15.663959875699721,5.181114208294026,2.5506627136315916,47.05643168040057,0.010130803393799681,4.500156445695488,0.5114829530478323,0.8684677789258668,350.17671645356916,0.48821962641977734,10.54872389259458,3.8062686571040127,1.877713699088838,397.23314813396973,1.7514407401148633,10.624647691999542,4.317751610151845,1.9653635986174003
c<A>r<369>R<ALA>,78.56463552819181,1.5061921949622945,3.9779912051903135,1.9641158882047953,0.6859339265568716,38.027278444776414,2.291909113123158,4.592249428910286,3.1689398703980345,0.6765838916676048,49.154098931597346,2.195674552295302,5.2007591459331115,3.7810845331997958,0.7665721094296217,83.74008982897963,1.3253982806073363,3.6306012490070665,1.5800016948864082,0.43925594110051064,97.68818465779978,1.2241748139591941,3.9120021254267927,1.809040456625922,0.6361776658033282,69.56962049292865,2.195674552295302,4.687455334032752,2.6757546343434098,0.5526695757089362,102.70520944283541,1.2241748139591941,3.0512500838398435,1.5329135737736628,0.39666079356831085,23.463350751598973,0.013081530384429385,4.968565824234137,0.7110106288363325,1.2827633191378325,195.5475844051914,1.8989902564283057,12.38984105317013,5.925684375914891,2.5426902342698803,219.0109351567904,1.9217948095524298,13.505866742067045,6.636695004751224,2.768306699074729,5.645125455079058,0.038609761371782625,2.13289627648372,0.4704271212565882,0.5488054714574082,105.7680235338787,1.3578084564371693,16.664896158143165,8.814001961156558,4.34122776981839,111.41314898895776,1.7749405009924584,16.809957467538673,9.284429082413146,4.407835117412416,11.64235886556239,0.041424638432786764,2.222463393507243,0.7276474290976493,0.641246228079354,105.91087057804361,3.435678968721959,10.54872389259458,6.619429411127726,1.651567554598262,117.553229443606,3.506535774607163,10.624647691999542,7.347076840225375,1.7089045051099736,19.213432919003033,0.011775512992750148,4.968565824234137,0.5056166557632377,1.0863902760726438,180.5203726243153,1.8658116494607384,12.38984105317013,4.750536121692508,2.0758539846631696,199.73380554331837,1.8775871624534886,13.505866742067045,5.256152777455746,2.5059013712041502,30.434521616677547,0.01015383962180394,3.9893146886851945,0.5852792618591836,0.9279057964498525,203.85567535983228,1.8989902564283057,7.42855396445907,3.920301449227544,1.3566872585519134,234.2901969765098,1.9217948095524298,8.766761119136422,4.505580711086727,1.6783259448572467,19.202477172770756,0.01210594088091943,3.354574150253544,0.417445155929799,0.5735756131972335,198.94108329289952,1.3578084564371693,10.54872389259458,4.324806158541294,1.9458878040333756,218.1435604656703,1.7749405009924584,10.624647691999542,4.742251314471093,1.9896490902102955,28.28408083879131,0.01015383962180394,3.5082043250168873,0.554589820368457,0.8223542444126831,177.57316872706974,1.8658116494607384,7.42855396445907,3.481826837785681,1.3475322645067045,205.85724956586105,1.8775871624534886,8.766761119136422,4.036416658154138,1.6841631760547575
c<A>r<370>R<VAL>,71.05605069472188,1.3806116503910815,3.195220954343538,1.8219500178133814,0.5272112721217463,32.07789270428083,2.731894324062143,3.9467192555729436,3.5642103004756476,0.32701077631438874,63.72032272937334,2.1983718684015066,4.956660029780317,3.982520170585834,0.6903016826410332,76.59765351039016,1.3253982806073363,3.195220954343538,1.563217418579391,0.39745455205887725,95.87015927652564,1.2241748139591941,3.615267983509708,1.711967129937958,0.5772242748760023,73.92989158672809,2.1983718684015066,4.7676010417523775,2.843457368720311,0.7074324376017022,101.06414633927304,1.2241748139591941,3.615267983509708,1.53127494453444,0.4500458347882745,12.730570415615107,0.0163907443011162,2.878768469986401,0.5786622916188685,0.7618769338552348,116.83112244316658,2.4634869860121853,11.924060892532907,5.310505565598481,1.7666697054908012,129.5616928587817,2.613090467247953,11.940451636834023,5.88916785721735,1.7890781974854784,5.374957758661681,0.07388552994765263,2.13289627648372,0.5972175287401869,0.7296503273193168,66.88114425493973,5.272188704331711,9.626180019481808,7.431238250548859,1.3838321481013025,72.2561020136014,5.598631062580317,10.049942443080894,8.028455779289045,1.5786953401697386,26.634941010118553,0.024296431603112012,4.600347394376136,1.1580409134834153,1.2854030401138719,170.00683431356538,4.66717250100578,11.649672279268998,7.391601491894147,1.9568765024815828,196.64177532368396,5.550706159091807,11.75014496687789,8.549642405377563,1.9373495198965183,11.742437551883958,0.011775512992750148,2.1945024107340103,0.41937276971014137,0.6276244168826843,121.7235925763,1.8658116494607384,11.924060892532907,4.347271163439286,1.855613852577138,133.46603012818395,1.8775871624534886,11.940451636834023,4.766643933149426,1.9529267376585444,23.616882911767114,0.010529564660269664,3.6318794360033415,0.4920183939951482,0.8296411392484396,212.0060398651342,2.153726362401585,7.981655342392514,4.416792497190296,1.6504053431450472,235.6229227769013,2.215783714979204,8.766761119136422,4.908810891185444,1.780097347036689,23.570826904588518,0.011585829223367483,4.117029386677025,0.6043801770407312,0.9455124601652242,230.31343229292725,1.9865244628765595,12.37081074784237,5.90547262289557,2.253967141583153,253.88425919751577,2.6800828595543766,12.576038288030233,6.509852799936302,2.399088367023199,23.11616035591629,0.010529564660269664,3.5082043250168873,0.5136924523536953,0.7677765637682952,179.57970319044966,1.8658116494607384,7.981655342392514,3.9906600708988815,1.7773392449526804,202.69586354636596,1.8775871624534886,8.766761119136422,4.504352523252577,1.9212613940805554
c<A>r<371>R<GLU>,75.55398273987433,1.5061921949622945,5.552756611842228,1.8888495684968583,0.7575135120620773,45.79018727321606,3.477220458210267,6.6072219212790895,4.162744297565097,1.1041867356411905,56.74518948211281,2.193217892275778,4.7676010417523775,3.783012632140854,0.8207101565214628,83.77216626840192,1.3266885021198107,5.552756611842228,1.6110031974692676,0.6417266636317145,94.63675742683037,1.2241748139591941,3.615267983509708,1.6899420969076853,0.547118913496137,73.0259116929834,2.193217892275778,4.7676010417523775,2.7046633960364224,0.6171932518623007,102.50732520243706,1.2241748139591941,3.615267983509708,1.5074606647417215,0.402879462778318,18.394951538487845,0.013601037869872101,2.522237015773161,0.5748422355777452,0.7565350859587393,176.4327660367262,2.4634869860121853,12.27476544550359,5.513523938647694,1.9000279423123556,194.82771757521408,2.613090467247953,13.505866742067045,6.08836617422544,2.005839172697803,10.711769359363,0.10135870583328543,2.13289627648372,0.7651263828116429,0.7548373035306336,144.20167486608761,5.272188704331711,22.320281766955304,10.300119633291972,4.876822158898832,154.9134442254506,5.598631062580317,24.007299902294815,11.065246016103615,5.003417903160475,15.510638118936924,0.024296431603112012,2.8183742398781213,0.912390477584525,0.8268416960323021,127.10545962620586,4.66717250100578,11.649672279268998,7.4767917427179915,2.0332456834504757,142.6160977451428,5.89882904152849,11.705646776863846,8.389182220302517,1.8149388355345304,22.84390062383123,0.014995785401538786,4.6887161892360645,0.6718794301126833,1.0024154322407994,152.5530505982606,1.9534268885217898,8.81715055283098,4.486854429360606,1.3685200113310867,175.39695122209184,1.9684226739233286,13.505866742067045,5.15873385947329,1.913430054952407,21.002168258298276,0.010079819108396393,3.1211982031465384,0.4118072207509466,0.6689789211963352,222.1449928069478,2.153726362401585,10.002514085289476,4.355784172685251,1.5497618154554644,243.14716106524608,2.215783714979204,10.425623582352937,4.767591393436198,1.579662979014052,18.24326083730682,0.011067733306738603,2.371850969924708,0.5528260859789945,0.7591548181697589,192.14699178441992,1.9865244628765595,12.37081074784237,5.8226361146793915,2.620035630633737,210.39025262172672,2.6800828595543766,12.576038288030233,6.375462200658386,2.5743797239511754,24.613680859926326,0.013056880287578565,2.9826755497838953,0.5127850179151318,0.7098451098546292,198.04867046915115,1.9171632278676043,10.002514085289476,4.126013968107316,1.784286959666886,222.66235132907747,1.9684226739233286,10.425623582352937,4.638798986022447,1.822429701238398
c<A>r<372>R<GLN>,80.34880936556355,1.5041168441030774,3.691051722278327,1.826109303762808,0.5768633239179951,37.809642297443816,3.315776018013691,4.656227987515431,3.7809642297443817,0.3682901867405499,63.40072776492271,2.193217892275778,4.7676010417523775,3.7294545744072183,0.7911175589161474,87.95770613406667,1.325508424901243,3.588823076497813,1.599231020619394,0.4481129611342212,104.40502103822155,1.2210707479703011,3.1290974100581757,1.6839519522293798,0.5216517127080375,78.99991108510184,2.193217892275778,4.7676010417523775,2.8214253958964943,0.668193935674446,111.7416367237946,1.2210707479703011,3.1290974100581757,1.530707352380748,0.39037346738500067,24.455947618340943,0.019653649938904394,2.5657262904297635,0.5687429678683941,0.7060369092841463,218.8454774970212,3.170502535597052,8.520210647629028,5.089429709233051,1.0915223531284584,243.30142511536215,3.361199425692469,8.930731134714367,5.658172677101446,1.0960479485357013,8.45663979293063,0.07531779643212744,2.7085333097963593,0.7687854357209664,0.8802855445004135,76.8258795719562,5.243818883453969,9.830230165818648,6.984170870177835,1.2688173168555223,85.28251936488684,5.894845512491737,10.194669158848608,7.752956305898803,1.1690943694698357,24.296559284795784,0.024296431603112012,3.7325870813993642,1.012356636866491,0.9910521719119822,169.12218616199584,5.000397163971684,11.649672279268998,7.046757756749827,1.8222271740479055,193.4187454467916,6.061008724152284,11.705646776863846,8.059114393616317,1.5738098911194842,24.002245500292844,0.010229149647003943,2.9156447232766878,0.46158164423640086,0.6967155287868306,235.83398210629548,1.895036543275637,7.720689090729138,4.535268886659528,1.2114431138873327,259.8362276065883,1.913658120727931,8.829483404391045,4.996850530895928,1.242535299680758,33.994303351645314,0.011054463445585583,3.1211982031465384,0.4999162257594899,0.7244721160803784,286.5981324256786,2.2099433767855317,6.82022308865362,4.214678418024685,1.1113175049230481,320.59243577732394,2.6335382457006973,6.950135218074802,4.714594643784175,1.0305861900220155,24.048040612527902,0.011067733306738603,2.3522885648435192,0.5465463775574523,0.6471704215844382,244.24191726181743,1.9865244628765595,12.37081074784237,5.550952665041305,2.2099127266089384,268.2899578743453,2.9258714847715694,12.576038288030233,6.0974990425987565,2.1412770111444246,34.034924227752796,0.010229149647003943,2.9826755497838953,0.4932597714167072,0.7110039372793522,272.65362912569117,1.895036543275637,7.6864663441710945,3.9515018713868284,1.2440987986140757,306.688553353444,1.913658120727931,7.710949289697437,4.444761642803536,1.1847100964218045
c<A>r<373>R<LEU>,113.607510756982,1.3913903621203882,4.037900923826707,1.8624182091308523,0.6450296852677524,64.01640936939519,2.431323490589831,6.139407070051461,3.7656711393761877,0.8047672608840746,74.14696566098345,2.187015212632854,4.497926462606476,3.5308078886182597,0.7246554829848623,126.4775455229208,1.3225140692560045,4.037900923826707,1.6009815888977317,0.5143587451488839,139.55569819961278,1.2155567185915892,3.879547511115401,1.681393954212202,0.5360934481554037,103.11922465522798,2.187015212632854,3.752848262924346,2.644082683467384,0.47071350202415824,152.38657540307508,1.2155567185915892,3.879547511115401,1.5087779742878722,0.38633206233984047,42.85939472241738,0.012820924304756787,3.184299665836795,0.6803078527367837,0.8126421090879841,314.052239294429,3.1656580344470058,8.520210647629028,4.984956179276651,1.0495965901304407,356.91163401684645,3.8733293440181757,8.930731134714367,5.665264032013436,1.1225100270966628,26.564427390895226,0.014492332034251376,8.077259231824698,1.1549751039519662,1.7913618543444363,210.7570320904931,3.79129011232817,23.325845476266295,9.163349221325788,4.949640289203197,237.32145948138836,4.9372875096921565,23.340337808300546,10.318324325277755,5.087690469048157,28.171925393229273,0.016309394294708568,3.7325870813993642,1.0061401926153313,0.8474978028997676,168.7744798242013,3.735278310404283,9.340310750839308,6.027659993721476,1.3569057663704587,196.9464052174306,4.216432153162948,9.78973098900868,7.033800186336807,1.3800955859456234,43.474447990496344,0.010229149647003943,2.9156447232766878,0.5367215801295845,0.7430447844669957,368.2126922427067,1.47783347897348,7.829371538315172,4.545835706700083,1.2476091667244638,411.687140233203,1.5334929631793113,8.829483404391045,5.082557286829667,1.3588797750219328,50.74557192486685,0.010079819108396393,4.074961459450766,0.5231502260295552,0.7828469546883225,394.6469261444622,1.6864904909525649,6.833596841545841,4.068525011798579,1.1239344522693633,445.39249806932906,1.9745582028300395,7.06823991426013,4.5916752378281345,1.1702465336398815,30.485378880175872,0.011067733306738603,3.768177759838374,0.5080896480029312,0.6804292166325078,287.5218313494645,1.5975878087774618,10.913845379257737,4.792030522491075,2.0658616920640647,318.00721022964035,1.9956157337969769,11.384405126613068,5.300120170494006,2.100514470908866,51.30802980956992,0.010172316618398902,3.9364388060881232,0.488647902948285,0.751199139918111,401.4934092496933,1.47783347897348,7.6864663441710945,3.8237467547589836,1.2666480865801117,452.8014390592632,1.5334929631793113,7.710949289697437,4.3123946577072685,1.3111244003197586
c<A>r<374>R<ASP>,78.19752770081703,1.5041168441030774,3.7094841907095963,1.8185471558329542,0.5520129982169762,42.95385020721253,2.431323490589831,5.054058885207999,3.579487517267711,0.6723369480089075,54.114976913547245,2.193112756568274,4.497926462606476,3.6076651275698164,0.717160618444951,86.9848855982201,1.3225140692560045,3.7094841907095963,1.5533015285396448,0.4099637552404525,96.7450422901669,1.2155567185915892,3.1486050078835026,1.6397464794943541,0.46861210067919223,76.10353616033929,2.193112756568274,4.634465430083305,2.7179834342978317,0.6467158173019494,105.11791567212876,1.2155567185915892,2.9308811041762053,1.4599710510017883,0.26095661696001543,23.770480718416316,0.012820924304756787,3.3243458865017423,0.5942620179604079,0.8270455535385137,197.30010397586466,3.1656580344470058,8.520210647629028,4.932502599396616,1.2072544643255019,221.07058469428097,3.890875856889013,8.930731134714367,5.526764617357024,1.3006415718499726,13.810261643782578,0.043235280684461586,5.189217880847375,1.2554783312529616,1.6192631853745834,75.69061803793011,3.79129011232817,11.138491812585016,6.8809652761754645,2.0815991583355844,89.50087968171269,4.9372875096921565,11.739552593337496,8.136443607428426,2.251741452370269,19.171801320053373,0.016309394294708568,3.7325870813993642,0.9585900660026686,0.9352347076110544,138.60726559113118,5.168581123817603,13.151053974183014,6.930363279556559,2.112816323966608,157.77906691118454,5.815181215473803,13.217895610850942,7.888953345559227,1.9024914516534903,22.390689987233497,0.010858376388395818,3.3243458865017423,0.43903313700457836,0.6542204165222352,224.14941988025112,1.47783347897348,7.720689090729138,4.395086664318649,1.2946033707741926,246.5401098674846,1.5334929631793113,8.829483404391045,4.834119801323228,1.4434963547985369,28.937988110570892,0.010172316618398902,2.3773542749752057,0.4521560642276702,0.6580032501434244,246.79486767842718,1.6864904909525649,6.850170056308343,3.8561698074754247,1.1264080787969344,275.7328557889981,1.9745582028300395,7.087398666644887,4.3083258717030954,1.1961328204894601,21.94898998674906,0.012660488945439141,3.768177759838374,0.5353412191890015,0.7246748617704822,192.15169267008332,1.5975878087774618,8.64642059236212,4.6866266504898375,1.9857387049079427,214.1006826568324,1.9956157337969769,9.453062393351736,5.2219678696788385,2.131867083329401,26.4148660797264,0.010172316618398902,2.8531413863363895,0.39425173253322987,0.5878049561576025,249.8887110281985,1.4083482992864447,7.6864663441710945,3.729682254152216,1.2572699212542089,276.3035771079249,1.5334929631793113,7.710949289697437,4.123933986685446,1.2929595198454549
c<A>r<375>R<GLY>,53.982830830841934,1.5041168441030774,3.9505241167626055,1.9279582439586405,0.6647967787560961,30.092327401776817,2.431323490589831,5.054058885207999,3.761540925222102,0.9272889710345262,43.98458184448492,2.193112756568274,4.496238095964877,3.383429372652686,0.782558910555367,60.12567187681099,1.3225140692560045,3.9505241167626055,1.6250181588327295,0.5593397084376859,70.77611535294967,1.2155567185915892,3.9505241167626055,1.685145603641659,0.5946360301602174,59.20845815478973,2.193112756568274,4.634465430083305,2.691293552490442,0.6540659857497874,76.50447188347749,1.2155567185915892,3.9505241167626055,1.5000876839897548,0.4371699234694224,10.112198660126447,0.012820924304756787,1.9666338199704985,0.48153326952983083,0.6322893481149143,98.89038975549283,3.1656580344470058,10.293073516405457,4.709066178832992,1.580750564440984,109.0025884156193,3.890875856889013,10.520722883207725,5.190599448362824,1.5149505528552734,8.552652723786938,0.32644294413726627,3.755597867330355,1.4254421206311563,1.1366797522767003,42.42338192718489,3.79129011232817,11.138491812585016,7.070563654530815,2.6980750412371592,50.976034650971826,4.9372875096921565,11.739552593337496,8.49600577516197,2.877529296262822,8.614446635139117,0.016309394294708568,2.1889708947649735,0.5742964423426078,0.5998785270325987,106.78117803126315,3.7689855381477173,13.151053974183014,7.11874520208421,2.716081107176898,115.39562466640227,3.904575932378081,13.217895610850942,7.693041644426818,2.5105204298801196,8.867312595339847,0.010858376388395818,1.6766949667679425,0.32841898501258693,0.4764635624628441,109.58415077986228,1.47783347897348,9.585983213901272,4.05867225110601,1.5939521316623062,118.45146337520214,1.5334929631793113,9.603030103861615,4.387091236118597,1.603988064908197,12.955635778500447,0.010172316618398902,2.288019187000754,0.3321957891923192,0.5616496977291475,150.45572588197047,1.6864904909525649,10.293073516405457,3.85783912517873,1.6302141353428974,163.4113616604709,1.9745582028300395,10.520722883207725,4.190034914371049,1.6074364618364327,13.237143401368122,0.012660488945439141,2.2716605599791473,0.4727551214774329,0.6112801816245604,132.58967095379558,1.5975878087774618,8.64642059236212,4.735345391206985,1.986395665952194,145.8268143551637,1.9956157337969769,9.453062393351736,5.2081005126844175,2.211309962007624,11.381103645070336,0.010172316618398902,2.183340546309225,0.27758789378220333,0.48086221193664247,152.3666070589452,1.4083482992864447,9.585983213901272,3.716258708754761,1.7297629967924635,163.74771070401553,1.5334929631793113,9.603030103861615,3.9938466025369643,1.6813716343367031
c<A>r<376>R<ASP>,59.48869834314125,1.4989516958718598,3.985248017875823,1.9829566114380417,0.7475156447767868,23.836886955518295,2.431323490589831,4.348563337563567,3.4052695650740423,0.6375293968209359,40.847570192806224,2.202454307873879,4.648962960525596,3.7134154720732933,0.7329792587649054,64.1305363687439,1.3225140692560045,3.985248017875823,1.6876456939143132,0.6690134289441229,72.33396718405484,1.2155567185915892,3.9489440550761685,1.7222373139060676,0.604820511336033,51.254942819298286,2.202454307873879,3.746388887602178,2.697628569436752,0.5754374653613024,76.97580520965748,1.2155567185915892,3.9489440550761685,1.5395161041931495,0.48878262676095885,8.412578628209012,0.014519761579611767,1.9666338199704985,0.38238993764586415,0.44562984095151154,130.96585984588728,3.1656580344470058,15.011815493172435,5.952993629358513,2.739875375226494,139.3784384740963,3.890875856889013,15.026335254752047,6.335383567004377,2.6064818409061945,3.3707346372952998,0.4239628743768993,1.4985831415037474,1.1235782124317666,0.4951303652204284,13.724729515573927,3.79129011232817,5.4201147679304995,4.5749098385246425,0.6663892719300873,17.095464152869226,4.9372875096921565,6.868303389345153,5.698488050956409,0.8396150392450997,11.453753471858036,0.13559039423036356,2.0820336425609742,0.8181252479898597,0.5378390346892338,81.65503790987077,3.735278310404283,8.971405752214196,5.832502707847913,1.3199115424756165,93.10879138172879,3.904575932378081,9.436287349364294,6.650627955837771,1.4464768110792392,7.3779950702998045,0.010858376388395818,1.108932974568761,0.2837690411653771,0.3310706662680535,133.55016054825046,1.47783347897348,15.011815493172435,5.1365446364711715,2.876637703060082,140.92815561855028,1.5334929631793113,15.026335254752047,5.420313677636549,2.8180700736307123,12.908802934014055,0.010172316618398902,1.7937926133526734,0.4164129978714211,0.5401612546477321,130.71842042985554,1.6864904909525649,10.293073516405457,4.216723239672759,1.976317711673581,143.6272233638696,1.9745582028300395,10.520722883207725,4.633136237544181,1.9654964711228307,10.636828285197025,0.026302709894297394,2.008156702643067,0.40910878019988556,0.4501109484398913,118.6372762529736,1.5975878087774618,8.971405752214196,4.562972163575908,1.7737447578359222,129.27410453817063,1.9956157337969769,9.362410409446387,4.972080943775794,1.9226803055355215,12.002536880429496,0.010172316618398902,1.7937926133526734,0.37507927751342174,0.5027276984331802,123.38232926218097,1.4083482992864447,9.585983213901272,3.8556977894431554,1.971862992000556,135.38486614261046,1.5334929631793113,9.603030103861615,4.230777066956577,1.9831631534358813
c<A>r<377>R<ASN>,87.10264779643076,1.4989516958718598,4.229017607949611,1.9796056317370627,0.7408043384813314,41.515633988982536,2.431323490589831,5.131328717099364,3.459636165748545,0.7339982797042687,64.77379163414174,2.1476902139145757,4.648962960525596,3.4091469281127234,0.8034335127784664,95.24175224811967,1.3215681025821444,4.039520203081977,1.670907934177538,0.6360966180485929,110.56572332642712,1.2155567185915892,3.9489440550761685,1.7275894269754237,0.5954478398112685,84.94205388441512,2.1476902139145757,3.6343341415295525,2.6544391838879724,0.47119076055229336,118.38565825162144,1.2155567185915892,3.9489440550761685,1.5374760811898889,0.4565145357245871,17.584631238108148,0.012820924304756787,2.582033131505886,0.4396157809527037,0.6485195655598904,221.57201342354438,3.1656580344470058,15.011815493172435,5.539300335588609,2.1451348367444574,239.15664466165254,3.890875856889013,15.026335254752047,5.978916116541313,2.0605886034617096,4.052042572308888,0.2027619694557785,1.4985831415037474,0.8104085144617776,0.5493732956547037,50.66356438650109,3.79129011232817,30.15568325453296,10.132712877300218,10.061199244690483,54.71560695880998,4.9372875096921565,30.35844522398874,10.943121391761995,9.7482416635875,23.077588331575864,0.016309394294708568,3.7325870813993642,0.8547254937620691,0.8484783309831208,159.39783069225086,3.078941436357127,9.340310750839308,5.903623358972254,1.471794624055837,182.4754190238267,3.203297813499447,9.78973098900868,6.758348852734322,1.6466304879083193,17.54368876730901,0.010858376388395818,2.227666009245876,0.3732699737725321,0.5427098813821437,231.37991760403474,1.47783347897348,15.011815493172435,4.9229769702986115,2.2777773434365463,248.92360637134374,1.5334929631793113,15.026335254752047,5.296246944071143,2.2589025102892397,24.947497409442022,0.010172316618398902,2.430902358757134,0.4228389391430851,0.6245954959997381,240.3947017189039,1.6864904909525649,10.293073516405457,4.07448646981193,1.59150965187149,265.34219912834595,1.9745582028300395,10.520722883207725,4.4973254089550165,1.6050874106588209,21.22262844669215,0.01681363810420189,2.2716605599791473,0.45154528609983297,0.5570965796999707,215.53283753060623,1.5975878087774618,9.821356364442181,4.5858050538426856,1.7986771770956411,236.7554659772984,1.9956157337969769,9.853300870291386,5.0373503399425195,1.9176039744657318,24.618804650200698,0.010172316618398902,2.5215881163266776,0.3846688226593859,0.588883507899606,255.00508757787975,1.4083482992864447,9.821356364442181,3.984454493404371,1.8191258700278015,279.6238922280804,1.5334929631793113,9.853300870291386,4.369123316063757,1.79969633396545
c<A>r<378>R<LYS>,104.69483308930701,1.3913903621203882,3.985248017875823,1.8367514577071404,0.598551946776977,49.773719594131,2.431323490589831,5.054058885207999,3.5552656852950717,0.6307177610066559,72.59020178630479,2.1476902139145757,4.479337842658178,3.456676275538323,0.6482637191054129,112.93291422838392,1.3225140692560045,3.985248017875823,1.5685126976164434,0.4729570811235314,130.52198354468408,1.2155567185915892,3.189483662334179,1.6521770068947352,0.47739309058291307,96.60028907116514,2.1476902139145757,4.634465430083305,2.6833413630879206,0.5658042255805765,138.34558016831974,1.2155567185915892,3.189483662334179,1.4717614911523378,0.2939580915991513,26.303725037434504,0.012820924304756787,2.582033131505886,0.4782495461351728,0.6535292914873052,295.52284955134473,2.7098686032049955,15.011815493172435,5.373142719115359,2.1950224967319256,321.8265745887792,2.7611769145400373,15.026335254752047,5.851392265250531,2.132366807487946,16.091591102535254,0.043235280684461586,5.189217880847375,1.072772740169017,1.4575792222631432,100.64301985055681,3.79129011232817,11.138491812585016,6.709534656703787,1.8370611487509114,116.73461095309207,4.9372875096921565,11.739552593337496,7.782307396872805,2.0229608134303696,20.97426165163853,0.016309394294708568,3.7325870813993642,0.8067023712168665,0.8220950443667053,163.88462616095057,3.078941436357127,13.151053974183014,6.303254852344253,2.164871517447913,184.8588878125891,3.203297813499447,13.217895610850942,7.1099572235611195,2.102888998048314,25.215899249537873,0.010858376388395818,2.1220478300489525,0.39399842577402927,0.5030738811403356,306.38867373744415,1.47783347897348,15.011815493172435,4.787323027147565,1.9525106789600055,331.604572986982,1.5334929631793113,15.026335254752047,5.181321452921594,1.934801434218001,35.182854833296915,0.010172316618398902,2.3773542749752057,0.4238898172686375,0.5872619659976999,329.4511338924094,1.6864904909525649,11.565264909111647,3.9692907697880653,1.6508633141382418,364.63398872570633,1.9745582028300395,11.995473571376309,4.393180587056703,1.688626430716598,27.449820606880806,0.012660488945439141,3.768177759838374,0.5179211435260529,0.7133240259694327,232.93558758368,1.5975878087774618,9.821356364442181,4.395011086484528,1.980809479697684,260.3854081905608,1.9956157337969769,9.853300870291386,4.912932230010581,2.1004429662080253,32.97019656432208,0.010172316618398902,2.8531413863363895,0.39250234005145335,0.5390745929062258,320.94656641964957,1.4083482992864447,9.821356364442181,3.8207924573767804,1.6674933280638784,353.9167629839717,1.5334929631793113,10.176334891700588,4.213294797428235,1.652597014325602
c<A>r<379>R<TYR>,114.70769462282102,0.8820858586368502,5.05771311923915,1.8207570575050955,0.6880325054679611,44.67435353070376,2.431323490589831,7.42915521223351,3.7228627942253136,1.1939201201610175,62.09995638229822,2.1476902139145757,4.228722626132855,3.4499975767943454,0.6708246472895303,120.96347360135266,0.8820858586368502,5.05771311923915,1.5916246526493771,0.5732159839225311,136.66147296599652,0.8820858586368502,3.5151948817923495,1.6666033288536162,0.5262609211888601,84.42438615971479,2.1476902139145757,4.252334185640981,2.7233672954746706,0.5583970523096757,142.44773714880003,0.8820858586368502,3.5151948817923495,1.499449864724211,0.3771521824811246,35.55440727869499,0.012820924304756787,5.068455212837,0.5007662996999294,0.8530168514896588,378.2810949951172,0.4933014950565848,15.011815493172435,5.327902746410102,2.256358111415949,413.83550227381227,1.925166855247916,15.026335254752047,5.828669046110032,2.3566183219045924,8.178288870982279,0.043235280684461586,5.189217880847375,0.8178288870982279,1.5271954819122564,87.06572615847381,5.243818883453969,26.31573616798414,8.706572615847382,5.98989502964699,95.24401502945608,6.317992187210081,26.50363549411713,9.524401502945608,5.806493879054555,15.827056361155208,0.016309394294708568,3.4248782663024144,0.7536693505312003,0.839619630466249,221.9110247989629,3.078941436357127,21.846830618532294,10.56719165709347,6.900105594348641,237.7380811601181,3.203297813499447,22.089956213934357,11.320861007624671,6.956673248017627,34.44912178712347,0.010858376388395818,5.068455212837,0.4593216238283129,0.7993220553871528,361.733501589737,0.4933014950565848,15.011815493172435,4.823113354529826,2.057270632008949,396.1826233768604,1.5334929631793113,15.026335254752047,5.282434978358139,2.2076363044567198,41.983760981250036,0.010172316618398902,5.332173934255859,0.4664862331250004,0.7693933829371687,366.4613407265033,0.4933014950565848,11.923197475395682,4.0717926747389255,1.8547961320833901,408.4451017077534,1.5615567219680646,12.194774035321682,4.538278907863926,1.9968628102043802,22.48384508655739,0.024421838835595455,5.134476660558814,0.5620961271639348,0.9756350956952438,203.82370900897058,1.5975878087774618,18.943441071068264,5.0955927252242645,4.059208294050834,226.30755409552796,1.9956157337969769,19.565554720382547,5.657688852388199,4.302328578301009,39.98693508696941,0.010172316618398902,5.332173934255859,0.4543969896246524,0.7507246076717785,335.0175592424175,0.4933014950565848,11.923197475395682,3.8070177186638356,1.8225517952713477,375.0044943293869,1.5334929631793113,12.194774035321682,4.261414708288488,1.9567855151776754
c<A>r<380>R<ASP>,84.30337412471522,1.3885874408020316,5.283643683142003,2.0072231934456006,0.951064417223648,29.040029120243414,2.6311438709044954,3.660635428666997,3.2266699022492684,0.37915222389323916,49.70187214167736,2.1932531434093563,4.878627078845158,3.550133724405526,0.7910121896995668,88.8073652758068,1.3265047147121172,5.283643683142003,1.7078339476116693,0.8291851294471235,101.02930500467276,1.2221919748638768,4.483302507333038,1.7724439474503995,0.733832056428489,64.78524944900317,2.1932531434093563,4.878627078845158,2.6993853937084658,0.6293803158036169,106.1982276766503,1.2221919748638768,4.483302507333038,1.5850481742783629,0.6286612176568244,23.51081594974417,0.010198379240492272,5.068455212837,0.5343367261305493,0.8780013296424924,240.22079960427618,0.4933014950565848,13.53108514431915,5.4595636273699135,2.0157038843757213,263.7316155540203,1.925166855247916,13.825934798167514,5.993900353500462,2.2008017891706952,5.603700746223277,0.05771409819401008,3.0653584147238977,0.8005286780318966,0.9984371157517198,39.41845437374741,3.8757586307074234,7.170870423226916,5.631207767678201,0.9971389611098649,45.02215511997069,5.357782634450245,7.228584521420926,6.431736445710099,0.591598856264326,10.781603415733564,0.016309394294708568,2.3275409185573483,0.634211965631386,0.7178380700362385,162.1762217234018,3.729722357330502,21.846830618532294,9.5397777484354,5.798282009793442,172.95782513913537,3.7807625891612413,21.89626302542233,10.173989714066787,5.712653697618702,22.614853004146973,0.010198379240492272,5.068455212837,0.5139739319124312,0.8475606794863709,208.65150102239022,0.4933014950565848,11.27924717467522,4.742079568690687,1.7450338580678209,231.26635402653721,1.7603184823708238,13.03869057956141,5.256053500603119,2.0550991558935503,26.194551361026882,0.010767690804394547,3.197112249098989,0.40299309786195203,0.5924193841423864,274.28524427041793,0.4933014950565848,11.565264909111647,4.21977298877566,2.0979172517807028,300.4797956314448,1.5615567219680646,12.194774035321682,4.622766086637612,2.2153681188524423,11.535671589766652,0.024421838835595455,3.3512811626041987,0.39778177895747074,0.6484571468819557,116.10230104827224,1.871145526674809,20.73661571576031,4.003527622354215,3.5875721112727916,127.63797263803889,2.198169409803339,20.78620588371254,4.401309401311686,3.503085342174369,25.520386038527334,0.010767690804394547,3.197112249098989,0.3926213236696513,0.5948550009746523,251.0337412585841,0.4933014950565848,11.27924717467522,3.8620575578243708,2.1178933350686924,276.5541272971114,1.5615567219680646,12.194774035321682,4.254678881494021,2.2177690128182497
c<A>r<381>R<ALA>,93.64718600737116,1.3560549386522558,4.484496095293281,1.8362193334778658,0.6738298528441605,35.53519263804734,2.1434822125425463,4.2036741620294125,3.230472058004304,0.5669032645436611,61.349269348950614,2.1932531434093563,6.620058229258625,3.8343293343094134,1.0050960142020213,99.93831087870836,1.316799174623796,4.484496095293281,1.5863223949001328,0.5698258298706127,112.69762693176894,1.2221919748638768,3.7836140460803405,1.6573180431142491,0.5381836730775029,79.10087642681414,2.1434822125425463,6.620058229258625,2.8250313009576478,0.9356983097194759,118.98875180310613,1.2221919748638768,3.7836140460803405,1.4873593975388266,0.40880658042161255,27.746787529635284,0.010198379240492272,3.54160214326955,0.48678574613395237,0.7329017042543554,288.3827477222055,0.4876754268764216,10.886968087407013,5.059346451266763,1.8045028512202574,316.1295352518408,1.3303822669019776,11.172895260795592,5.546132197400716,1.8376628953841938,7.374690173233939,0.05771409819401008,3.0653584147238977,0.737469017323394,0.8496585993025028,62.372849172470524,3.8757586307074234,10.355890450409788,6.237284917247052,1.6324851111146004,69.74753934570447,5.357782634450245,11.13845578084823,6.974753934570447,1.4963871825605115,21.43643553641906,0.017692546080581906,4.524577139104366,1.020782644591384,1.2056198161571823,200.25009815869635,3.729722357330502,22.3463856983808,9.53571895993792,5.506493213055921,221.6865336951154,3.7807625891612413,23.125711601140864,10.556501604529306,5.639883176749428,27.93429560074859,0.010198379240492272,3.54160214326955,0.44340151747219986,0.6744536094544014,293.05636614168793,0.4735051449133607,10.886968087407013,4.651688351455364,1.797463542086333,320.9906617424366,1.3032072779363915,11.172895260795592,5.095089868927565,1.8561004072791807,32.66500134804309,0.010767690804394547,3.54160214326955,0.43553335130724125,0.6564386263841722,308.44013544076165,0.4876754268764216,10.158601969154915,4.112535139210156,1.78179311435975,341.1051367888047,1.3303822669019776,10.323586951574292,4.548068490517396,1.892302951984133,24.050546156407474,0.01727337614298463,3.442815111653047,0.6680707265668743,0.9594040742287485,219.33087686997715,1.871145526674809,22.3463856983808,6.092524357499365,5.485001396978531,243.38142302638462,2.198169409803339,22.598331316892157,6.76059508406624,5.7321738932331465,33.92878066754748,0.010767690804394547,3.54160214326955,0.44063351516295424,0.6686661380719359,296.7997462510764,0.4735051449133607,10.158601969154915,3.8545421591048883,1.889421822059591,330.7285269186239,1.3032072779363915,10.323586951574292,4.295175674267843,1.9693169354818232
c<A>r<382>R<GLY>,59.1368623729761,1.3560549386522558,4.08133844890223,1.848026949155503,0.6445832379630213,24.210727135905625,2.1434822125425463,3.6847457150187886,3.026340891988203,0.5045775281315182,44.327033750077824,2.1932531434093563,5.177347227439684,3.693919479173152,0.8994772623748779,63.41005656153269,1.316799174623796,4.08133844890223,1.5465867454032365,0.5122788993806283,75.19666920911266,1.2221919748638768,3.7836140460803405,1.6710370935358367,0.5812360941946986,59.691119216558995,2.1434822125425463,5.177347227439684,2.8424342484075713,0.8420558230519436,79.46986339766924,1.2221919748638768,3.7836140460803405,1.4716641369938748,0.43360506496291085,12.888031324891175,0.010198379240492272,2.442963254280772,0.49569351249581445,0.7066820346242282,122.13765727363557,0.4876754268764216,6.321376589088686,4.697602202832138,1.3316528865199255,135.02568859852676,1.3303822669019776,6.929341292664691,5.193295715327952,1.2687111494013743,1.9536657500902637,0.05771409819401008,1.2267644516911247,0.4884164375225659,0.4617462654532328,23.06334261992197,4.829729440521987,7.170870423226916,5.765835654980492,0.8754175438048731,25.017008370012235,5.357782634450245,7.228584521420926,6.254252092503059,0.6987006063529954,11.952415225371118,0.029865686342237296,3.081006331559678,1.3280461361523463,1.1382264020125858,62.31504427674736,5.009422848907889,12.444861873956143,6.923893808527485,2.0935103344049617,74.26745950211848,6.907718465520029,12.639063661962059,8.251939944679831,1.7953305953998173,12.267722631301368,0.010198379240492272,2.442963254280772,0.4230249183207368,0.6179282236385375,118.90291146505956,0.4735051449133607,5.737298034325249,4.100100395346882,1.3429155883404955,131.1706340963609,1.3032072779363915,6.929341292664691,4.5231253136676175,1.3336894914319526,17.841112550993238,0.010767690804394547,2.2375811416468983,0.4351490866095912,0.6051323103144524,164.16501288562813,0.4876754268764216,7.052234383434779,4.004024704527516,1.5110157830355306,182.00612543662137,1.3303822669019776,7.347547387675011,4.439173791137106,1.4948675273905334,13.657546458535286,0.01727337614298463,3.081006331559678,0.6207975662970585,0.8437048090404803,90.63942313516714,1.871145526674809,7.351774773889019,4.119973778871233,1.9246574248226016,104.29696959370243,2.198169409803339,10.005877481172632,4.740771345168292,2.2886140800304973,16.75971550490827,0.010767690804394547,2.1535214240933565,0.356589691593793,0.5036576637261617,173.16789071725725,0.4735051449133607,7.052234383434779,3.684423206750154,1.6435600814827067,189.9276062221655,1.3032072779363915,7.120869301883987,4.041012898343947,1.6209025310206757
c<A>r<385>R<GLY>,58.01483254354345,1.3560549386522558,3.68217506843013,1.8129635169857328,0.5208552691563844,31.98496533364258,2.1434822125425463,4.2036741620294125,3.198496533364258,0.5850388590078597,35.589579801222285,2.1932531434093563,4.464003315213495,3.5589579801222286,0.7003853535371867,64.89682980458043,1.3265047147121172,3.68217506843013,1.5092286001065218,0.34440069378341487,71.01436680504364,1.2221919748638768,3.1260516560510783,1.6514969024428752,0.4700255890151051,53.57800796180776,2.1434822125425463,3.6847457150187886,2.551333712467036,0.3900081511525487,77.89636406608062,1.2221919748638768,3.1260516560510783,1.4425252604829746,0.25807934805076455,11.643529704491744,0.010198379240492272,2.3926248816120195,0.46574118817966975,0.6519346686925824,126.06805727547453,2.7098686032049955,6.321376589088686,5.042722291018981,0.8700309140167571,137.71158697996628,2.7611769145400373,6.384802562659741,5.508463479198651,0.7736338201377326,4.932456616731282,0.05771409819401008,1.2267644516911247,0.5480507351923647,0.3410548891850669,58.4970905417631,4.829729440521987,10.355890450409788,6.499676726862567,1.5075227959327144,63.42954715849439,5.357782634450245,11.13845578084823,7.047727462054932,1.5603590679034338,9.426847110554807,0.017692546080581906,3.0471260059764482,0.9426847110554807,0.9789324147635772,57.899113939077324,3.729722357330502,7.099119200463065,5.789911393907732,0.9876648622724077,67.32596104963213,3.7807625891612413,8.097489582774639,6.732596104963212,1.1991951548870547,11.92702809271817,0.010198379240492272,1.8130274885010396,0.38474284170058615,0.5329126793770619,134.2482875458145,1.1486289988715725,6.241952460777611,4.330589920832725,1.1078980151999573,146.17531563853265,1.3032072779363915,6.261231475887575,4.715332762533311,1.1777976268138668,14.498106795696618,0.010767690804394547,2.2375811416468983,0.3624526698924154,0.5254062366527064,147.32174612655672,1.871145526674809,6.796182204156139,3.683043653163918,1.207374925365038,161.81985292225335,2.026185550963322,6.826792164064978,4.045496323056334,1.2596450578686889,11.074450935955088,0.01727337614298463,3.3512811626041987,0.4614354556647953,0.6928682667934497,86.62702955067016,1.871145526674809,10.726102998688475,3.6094595646112566,1.9933374146761556,97.70148048662524,2.198169409803339,10.838248051894494,4.070895020276052,1.9136346050901352,15.223163171375756,0.010767690804394547,2.7817519964232655,0.362456265985137,0.5106005099034315,133.97995345571144,1.1486289988715725,6.796182204156139,3.189998891802653,1.3175142105057394,149.2031166270872,1.3032072779363915,6.826792164064978,3.552455157787791,1.3545536838113217
c<A>r<386>R<LEU>,71.09893142984811,1.3913903621203882,3.83482776458256,1.7774732857462028,0.5083919126827415,39.70262212729239,2.6311438709044954,5.054058885207999,3.6093292842993083,0.6388000408132365,42.500112597693985,2.1932531434093563,4.464003315213495,3.541676049807832,0.6976335117453054,77.87497900661403,1.3265047147121172,3.1949976503510147,1.4975957501271928,0.24928811638085574,86.44012470164832,1.2221919748638768,3.1486050078835026,1.630945749087704,0.44940783791595806,63.20690526535466,2.1932531434093563,4.742049468774754,2.633621052723111,0.52786725474396,93.44151787720456,1.2221919748638768,2.734120492442266,1.4375618134954549,0.19833437591813644,14.78331631710697,0.010198379240492272,2.4468418257953006,0.36958290792767423,0.5286621680075324,195.19931475982958,2.7098686032049955,7.603299791696372,4.879982868995739,0.9312124934442533,209.98263107693654,2.7611769145400373,7.903364482372074,5.249565776923413,0.907630463232115,7.634984965969667,0.013032009238850506,2.111387604909334,0.5453560689978334,0.5438663186200939,94.75740763388421,4.829729440521987,12.47748847942512,6.768386259563158,1.854689067446366,102.39239259985389,5.357782634450245,13.154816088670831,7.313742328560992,1.8440246903545126,9.4202055500912,0.016309394294708568,2.3275409185573483,0.6728718250065143,0.7474579503553154,93.23565556894846,3.729722357330502,14.139992510681623,6.659689683496318,2.355294168003149,102.65586111903967,3.7807625891612413,14.17234422683968,7.332561508502834,2.2320409477986525,15.828677400724024,0.010198379240492272,1.991039489881051,0.3441016826244353,0.4606334599395235,202.49410438151426,1.7307295173495731,8.530383733994313,4.402045747424223,1.1003551619907828,218.32278178223828,1.7603184823708238,8.685863649206329,4.746147430048659,1.121740729963067,17.761196454555076,0.010767690804394547,2.301371930913769,0.3062275250785358,0.45887590074717854,214.28698583189816,1.7822665739677177,6.796182204156139,3.6946032039982444,1.115250238992324,232.04818228645325,1.9745582028300395,6.826792164064978,4.00083072907678,1.1511204203467151,15.017601807980272,0.024421838835595455,3.2956058932959316,0.5562074743696397,0.7257686839320339,97.68994650302375,1.871145526674809,12.47748847942512,3.6181461667786574,2.1232800619366503,112.70754831100403,2.198169409803339,12.512342139453848,4.174353641148297,2.1304897929320403,19.24635107768031,0.010767690804394547,2.6976944861457763,0.33183363927035014,0.4715286679353642,193.47156634655948,1.7307295173495731,6.796182204156139,3.3357166611475773,1.1640102696912191,212.7179174242398,1.7603184823708238,6.826792164064978,3.6675503004179277,1.1609322712354722
c<A>r<387>R<GLN>,114.3512448040598,1.3913903621203882,3.7094841907095963,1.8443749161945129,0.5918087978828855,59.393461009655695,2.998636028340118,5.054058885207999,3.712091313103481,0.5061331066985338,55.69200785283298,2.193112756568274,4.665953228938142,3.7128005235221986,0.6828630952041572,124.12104615072211,1.3265047147121172,3.7094841907095963,1.571152482920533,0.4160989936012801,132.45232587002766,1.2210707479703011,3.3308310603535918,1.6981067419234317,0.5187583341181092,87.46543720740549,2.193112756568274,4.634465430083305,2.7332949127314214,0.6002218065544928,141.59815080426046,1.2210707479703011,2.87041960068483,1.4905068505711627,0.2901101248185695,42.18672951981961,0.010198379240492272,4.538284366072627,0.6296526794002927,0.8547239306438195,332.3299411916289,2.7098686032049955,8.862259358529627,4.960148375994462,1.1676442705389565,374.5166707114485,2.7611769145400373,9.14262743510729,5.589801055394754,1.266254858971438,19.005359533404352,0.013032009238850506,4.01152728357717,0.9050171206383025,1.1971164156364955,166.08174906118688,4.513324635315257,20.545319477196244,7.908654717199376,3.1983358513149884,185.08710859459123,5.289873253831917,21.558143533660107,8.813671837837678,3.4905827909383316,16.234337332773592,0.016309394294708568,2.649896768032998,0.9549610195749172,0.870535209834405,116.47684575210951,3.729722357330502,13.151053974183014,6.851579161888795,2.327886819897982,132.7111830848831,3.7807625891612413,13.273468058880958,7.806540181463711,2.2908404835816785,39.26281680739548,0.010198379240492272,4.778733496609572,0.4565443814813428,0.6938011331688404,419.45744474972867,1.9530858654636631,12.561721801453132,4.877412148252659,1.6108491285248252,458.7202615571241,1.9647022010228175,12.60527958236688,5.333956529734001,1.6523537724456838,43.92133726568253,0.010172316618398902,4.037575534968066,0.4826520578646432,0.670500009102356,367.2375190285793,1.7822665739677177,8.862259358529627,4.0355771321821905,1.289832786231676,411.15885629426185,1.9745582028300395,9.14262743510729,4.518229190046833,1.4099532400692925,28.872981069789926,0.011914515866703113,3.61280186378118,0.7218245267447482,0.9089124698974742,190.46740070909755,1.871145526674809,8.64642059236212,4.761685017727439,2.07627389815881,219.34038177888746,2.198169409803339,9.635762797185563,5.483509544472186,2.2678945139612643,40.917623021940734,0.010172316618398902,4.909607166238054,0.4175267655300075,0.6536290169086995,390.57705263187063,1.7822665739677177,8.862259358529627,3.985480128896639,1.413817492453153,431.4946756538113,1.9647022010228175,9.14262743510729,4.403006894426646,1.450078839301522
c<A>r<388>R<GLU>,107.99689385347405,1.394169566118207,3.7094841907095963,1.8304558280249839,0.5519787393816175,57.49133482713933,2.998636028340118,5.069633793915952,3.832755655142622,0.6080638621893852,75.76978786281674,2.193112756568274,4.575875939684104,3.6080851363246067,0.7178148665697835,118.59064026721998,1.3271317591060623,3.7094841907095963,1.5812085368962665,0.4207100463878714,136.32500835303907,1.2210707479703011,2.9506981697398937,1.6830247944819638,0.49232043856498026,100.44703610453188,2.193112756568274,4.634465430083305,2.7147847595819425,0.5907429150702755,146.51006468704637,1.2210707479703011,2.7921308404691554,1.5104130380107872,0.337765115844319,37.12961057253884,0.012820924304756787,4.592063678764259,0.6086821405334235,0.8580519054784631,312.9497236585862,2.7098686032049955,8.862259358529627,5.130323338665348,1.3458692260457426,350.0793342311251,2.7611769145400373,11.405161384962764,5.739005479198772,1.5938717315323558,20.13481528589542,0.013032009238850506,5.189217880847375,1.006740764294771,1.453436308562393,152.16478933660483,4.513324635315257,11.138491812585016,7.608239466830241,1.5683978705329016,172.29960462250025,5.289873253831917,13.16439856774561,8.614980231125013,1.9538089218591403,30.4702986267362,0.016309394294708568,4.668953732688649,1.0506999526460759,1.1922681641568498,208.41179258813872,4.707655250549578,13.151053974183014,7.186613537522025,2.1624918704441183,238.88209121487495,5.578020075500319,13.217895610850942,8.237313490168102,1.9213417405854176,33.76382970436059,0.010229149647003943,2.445072634324797,0.4384912948618258,0.5753775771612821,380.27657836151525,1.895036543275637,12.561721801453132,4.938656861837861,1.7834253719278308,414.0404080658758,1.913658120727931,12.60527958236688,5.377148156699685,1.8595855234894578,44.73650545294433,0.010172316618398902,4.380342334405739,0.4473650545294433,0.721554233925923,414.98261020642803,1.7822665739677177,8.862259358529627,4.149826102064281,1.2784085193559054,459.71911565937233,1.9745582028300395,9.14262743510729,4.597191156593723,1.352646679265346,37.81575877575362,0.011914515866703113,3.795731247560717,0.6875592504682476,0.971703641098441,280.7118253150104,2.0341700135122665,13.025671811051325,5.103851369363825,2.2113539283905856,318.527584090764,2.372220225078273,13.204350532622406,5.791410619832073,2.279675525631339,43.818808570219176,0.010172316618398902,3.345758490113319,0.42959616245312915,0.6769862422681066,411.8913573035654,1.7822665739677177,8.862259358529627,4.038150561799661,1.4519663420231024,455.7101658737846,1.913658120727931,9.14262743510729,4.46774672425279,1.4619741143290745
c<A>r<389>R<ALA>,119.65857024564806,1.3913903621203882,4.0398045633321855,1.8130086400855767,0.5566900884059789,54.84126776240826,2.998636028340118,4.3038883165388215,3.6560845174938836,0.3173607052299957,90.24211543146264,2.1983718684015066,5.045571430218497,3.9235702361505496,0.6238462551324545,129.04996571402202,1.3271317591060623,3.5070769561899127,1.5737800696831954,0.4101211176013724,158.07149348812766,1.2221919748638768,4.021004725550494,1.756349927645863,0.5892321440922035,110.82212369982501,2.1983718684015066,4.595464048120641,2.8415929153801285,0.6121945906205879,166.27364945675055,1.2221919748638768,3.899131236356537,1.5686193344976467,0.44853823658244174,43.04699717195988,0.012820924304756787,3.422698997709931,0.6330440760582335,0.7967771642838938,366.1843866411973,2.546819696932289,11.738146731667257,5.385064509429372,1.6396226756414327,409.2313838131572,2.562232190491959,11.931439970085883,6.018108585487606,1.6125426539685435,17.20451664737029,0.043235280684461586,5.189217880847375,0.8602258323685146,1.262125717511031,143.91228366853443,4.865517710198446,9.830230165818648,7.195614183426722,1.2767831467583306,161.1168003159047,6.318966641446746,10.433036764301344,8.055840015795235,1.1453691385436922,41.404392534573,0.011337718532422159,7.833600230882865,1.0895892772256053,1.3883739465558607,306.3979071326248,4.792848704929611,21.846830618532294,8.063102819279601,3.737165335726946,347.8022996671979,4.806812277132682,21.89626302542233,9.152692096505207,3.996096239931297,42.506495848987015,0.010229149647003943,3.422698997709931,0.5183719005974026,0.696453806961083,384.4908133623844,1.895036543275637,9.850668577271108,4.688912358077859,1.3851248764597655,426.99730921137143,1.913658120727931,9.998919467075869,5.207284258675261,1.4598085942345542,58.619126172533896,0.010490917502628427,4.589811540342862,0.5053372945908094,0.7419019451549766,495.45370414740296,1.5273944499595018,9.077293310540881,4.27115262196037,1.3702317067249676,554.0728303199368,1.796589160680444,9.762833065821575,4.776489916551179,1.44511875466473,42.35827376502907,0.011585829223367483,6.126380098424502,0.6618480275785792,0.9922133410933236,332.2451818927623,2.1364465755332276,15.201789881020886,5.1913309670744106,2.46754522463099,374.60345565779136,2.9258714847715694,19.565554720382547,5.85317899465299,2.802251674681788,57.36373702838029,0.010229149647003943,4.655419534208204,0.4861333646472906,0.7135764448266232,474.45245058191676,1.5273944499595018,9.077293310540881,4.020783479507769,1.4546472679393734,531.816187610297,1.796589160680444,9.762833065821575,4.506916844155059,1.48815539390711
c<A>r<390>R<GLU>,115.31843202589397,0.9302764542930698,4.063000308931617,1.7741297234752917,0.5498683853639841,51.357078190261205,3.315776018013691,4.3038883165388215,3.6683627278758,0.27617596922855003,73.99108513480688,2.1983718684015066,5.5256187274189905,4.110615840822605,0.7173872933384979,124.71819355368247,0.9302764542930698,4.063000308931617,1.5589774194210309,0.429089750073931,141.6011992167209,0.9302764542930698,4.063000308931617,1.68572856210382,0.5495271561677552,91.38728870141875,2.1983718684015066,5.008005651446674,2.7693117788308714,0.6696828567122608,150.35090897108327,0.9302764542930698,4.063000308931617,1.5186960502129623,0.4123438770956363,42.91541644406746,0.015716844203681468,3.993726031325439,0.6602371760625764,0.8181328195284303,339.4862822971495,1.4824915847614193,11.924060892532907,5.222865881494608,1.6722622258238613,382.40169874121693,1.9200583253038574,11.940451636834023,5.883103057557183,1.5826150078640178,14.306103343749307,0.07531779643212744,2.840356840921574,0.752952807565753,0.8748574303316521,131.49913504085134,4.865517710198446,9.830230165818648,6.921007107413229,1.241070667978622,145.80523838460067,5.598631062580317,10.194669158848608,7.673959914978982,1.158514348592078,27.953968623322012,0.05597449759484796,3.1530936346233673,0.9983560222615004,0.7461843809902108,207.78282994633923,5.282826085030138,13.651133226526326,7.420815355226401,2.2395608741557544,235.7367985696613,6.061008724152284,14.419631305961914,8.419171377487903,2.1621502552345184,40.26166504758166,0.010229149647003943,2.9156447232766878,0.5515296581860502,0.7003210081830888,335.9931638031542,1.4824915847614193,11.924060892532907,4.602646079495263,1.532382818325685,376.2548288507358,1.9200583253038574,11.940451636834023,5.154175737681312,1.540509085130442,50.120448200608124,0.014858276254155811,3.5082043250168873,0.5389295505441734,0.7825295237886445,389.2594173040852,1.4824915847614193,9.750865606549496,4.185585132301991,1.5303269190639026,439.37986550469344,1.6749864972952597,9.973763230284813,4.724514682846166,1.5111163135185808,30.69430307596506,0.011067733306738603,4.117029386677025,0.6264143484890828,0.8790023569547945,267.99837992898574,1.9865244628765595,13.651133226526326,5.46935469242828,2.6779034464328357,298.69268300495077,2.9258714847715694,14.419631305961914,6.095769040917363,2.7040184390020654,49.432295651481844,0.010229149647003943,3.675392581957487,0.5492477294609094,0.7750215637235351,343.1148762956568,1.4824915847614193,9.750865606549496,3.8123875143961867,1.4893371271052935,392.5471719471386,1.6749864972952597,9.973763230284813,4.361635243857096,1.5028532414129416
c<A>r<391>R<LYS>,114.68987320983152,0.8820858586368502,3.195220954343538,1.737725351664114,0.47044280200128796,63.22620972315561,1.7077578863482368,4.715138506955296,3.5125672068419784,0.6992896383669062,90.71697330342936,2.13215018883905,5.243593107662835,3.6286789321371744,0.839031136153067,128.10422813073887,0.8820858586368502,3.195220954343538,1.5071085662439867,0.2983956662843969,151.18386751074505,0.8820858586368502,3.457388062228406,1.6433029077254897,0.49196097276944595,114.85944783523908,0.9459825825691656,4.687455334032752,2.6104419962554335,0.5796665205138374,163.0855835407787,0.8820858586368502,2.8928954472335566,1.4692394913583668,0.3031815603665951,38.85319859825421,0.013081530384429385,3.9505502861323,0.6369376819385936,0.8674625737093925,301.0210714133773,0.49274363125732634,11.924060892532907,4.934771662514382,1.717373294596038,339.87427001163155,1.9176969221067872,11.940451636834023,5.571709344452977,1.6069773530320348,17.189045961106878,0.010599564879727907,3.8134890468741425,0.7473498243959512,1.038564030922846,191.44622578005055,5.243818883453969,15.734537127320436,8.32374894695872,3.0085233582285116,208.6352717411574,5.598631062580317,15.845777401965677,9.07109877135467,3.048454492740001,40.056884158205946,0.024296431603112012,6.120857300246588,1.0826184907623229,1.2171358913355959,264.12590596976133,2.9049833986300655,13.651133226526326,7.138537999182739,2.382760972479305,304.1827901279673,3.712287122769396,13.67829874530166,8.221156489945061,2.3226497452586257,37.47495039629678,0.011011963393997348,3.3926453960610683,0.5353564342328111,0.768615957688062,318.3913275900986,0.49274363125732634,11.924060892532907,4.548447537001409,1.6589817730819878,355.8662779863954,1.4904437617551944,11.940451636834023,5.08380397123422,1.5949556624507086,50.46586545001486,0.01111779682293168,3.5082043250168873,0.5485420157610311,0.7675590289892752,348.1520349948064,0.49274363125732634,14.212040256730006,3.784261249943548,1.8160358528404534,398.6179004448214,1.6749864972952597,14.313766886305345,4.33280326570458,1.8131331886965036,41.34669570880066,0.010205647213835434,5.6704235779942955,0.6668821888516235,1.028027137372182,300.56801829271967,1.9616067045299133,12.37081074784237,4.847871262785801,2.351257911875704,341.9147140015202,2.1283157287648837,12.576038288030233,5.514753451637423,2.518936345730413,49.903756978445074,0.011424983020773993,3.5082043250168873,0.5308910316855859,0.7197367030074018,319.5016294547588,0.49274363125732634,14.212040256730006,3.3989535048378596,1.8055647396818535,369.405386433204,1.4904437617551944,14.313766886305345,3.9298445365234467,1.821758810671764
c<A>r<392>R<GLY>,115.88579259182706,1.3806116503910815,3.803507717288967,1.839457025267096,0.5427631780087091,55.78495228054457,2.3305007671632887,6.6072219212790895,3.7189968187029714,1.0250185483830916,87.25664078617754,2.193217892275778,5.243593107662835,3.7937669907033715,0.7317472122965045,124.3112514088162,1.3253982806073363,3.5128059834244616,1.573560144415395,0.40857788250949295,151.16138157244038,1.2241748139591941,3.615267983509708,1.7374871445108089,0.563611204017049,107.30912613186901,0.9459825825691656,5.243593107662835,2.7515160546633077,0.7195469111264828,158.53682197264487,0.9459825825691656,3.5563621376770445,1.539192446336358,0.42064402083110963,38.533805308731516,0.013081530384429385,3.8374915660749345,0.7135889871987318,1.0168847660338043,261.0695927837136,0.49274363125732634,10.07992186293086,4.834622088587288,1.934187670166819,299.6033980924451,1.8123566640136717,10.881595788310644,5.54821107578602,2.122309982028002,11.947376501502863,0.0860911486676521,3.1663729742977367,0.6637431389723812,0.8608023670030146,183.3939607868997,2.954250511299506,20.22874901348132,10.188553377049983,4.467780107138848,195.34133728840257,3.0694394849111437,20.314840162148972,10.852296516022365,4.668359775103043,45.602217162564024,0.01385443458320168,6.120857300246588,1.1692876195529236,1.3970277072853374,298.34068877503114,3.085235569473298,17.058286645649105,7.649761250641824,2.880432907791467,343.9429059375952,3.855640778680505,17.072141080232306,8.819048870194749,2.7473280019553687,37.31148729543155,0.011011963393997348,3.8295710937730387,0.6545874964110798,0.9464468674442663,255.39949516378766,0.49274363125732634,10.07992186293086,4.48069289761031,1.9148389931214433,292.7109824592193,1.4904437617551944,10.881595788310644,5.1352803940213905,2.141363994126267,57.420632815858525,0.010529564660269664,4.198522900343292,0.6525071910893014,0.9938878948117579,328.10154183949663,0.49274363125732634,7.9306629882360085,3.728426611812462,1.5599803411204731,385.5221746553552,1.6749864972952597,8.575289508414755,4.3809338029017635,1.7493616813196426,45.01346125366838,0.011067733306738603,7.3160523274956795,0.7629400212486166,1.2813451381234855,337.1701563176798,1.9616067045299133,17.058286645649105,5.714748412164065,2.984931123253818,382.1836175713482,2.041597484024158,17.069594922377924,6.477688433412681,3.115182006708763,54.599279779432834,0.010529564660269664,5.216892682945575,0.627577928499228,1.0105061409739329,304.909509751365,0.49274363125732634,7.9306629882360085,3.5047070086363794,1.6117250600463162,359.5087895307979,1.4904437617551944,8.575289508414755,4.1322849371356085,1.8184222216297323
c<A>r<393>R<VAL>,124.84009470909295,1.37042800635756,3.4842550165636204,1.7583111930858162,0.5073621932784332,48.41907871915376,2.3305007671632887,5.62744921490978,3.7245445168579816,0.9853913469958284,65.77501949185569,2.411976887300279,4.956660029780317,3.654167749547538,0.6209718286322826,130.90626788349653,1.3225189649322873,3.0720210397572925,1.5400737398058415,0.3400523567326036,149.20003796785264,1.2241748139591941,3.250394738967611,1.6577781996428071,0.45944280264203435,85.35837208157798,0.9459825825691656,4.687455334032752,2.667449127549312,0.6036897552595122,155.60947429521298,0.9459825825691656,2.8747045560562454,1.4962449451462787,0.31488463051013704,40.353445633235744,0.010130803393799681,5.831869848756403,0.650862026342512,1.0313075711873063,293.4824692388055,0.48287368544339415,10.69775561644019,4.733588213529121,2.1028461889078196,333.8359148720412,1.8123566640136717,11.447369105972268,5.384450239871632,2.241502869478217,11.586141318888489,0.11518897361163782,3.499438932721583,0.7724094212592326,0.9105315477202766,139.61663226585443,2.954250511299506,13.878232486145862,9.307775484390296,3.006696373170535,151.20277358474294,3.0694394849111437,14.171365257292027,10.08018490564953,3.103287952027379,28.552494589637853,0.03649427969229713,6.603281769458352,1.142099783585514,1.5012107977178692,164.3128339182382,2.6025338885349356,13.555975007640939,6.5725133567295275,2.576956872903417,192.86532850787606,2.924901233437738,13.623834009787068,7.714613140315042,2.596769544134565,38.27841415817838,0.010130803393799681,5.831869848756403,0.5391325937771603,0.9199927672028252,308.6657374393842,0.48287368544339415,10.69775561644019,4.347404752667383,2.0523641756602125,346.9441515975625,1.4904437617551944,11.447369105972268,4.886537346444542,2.2105107631520142,51.97315808164315,0.010130803393799681,5.1155999602341975,0.5470858745436121,0.8456249759385414,379.4766370369481,0.48287368544339415,10.69775561644019,3.994490916178401,1.829175558595636,431.4497951185913,1.8123566640136717,11.383909044093079,4.541576790722013,1.8691758370843583,25.855907118940333,0.014078540594873346,6.287692210644536,0.6013001655567519,1.1058965874844755,202.31966456993325,1.9616067045299133,12.206970548355457,4.705108478370541,2.1615264416989484,228.1755716888736,2.041597484024158,12.545281607305505,5.306408643927293,2.3572659100876385,49.59431886867415,0.010130803393799681,4.74793405984851,0.506064478251777,0.7728879738635294,368.23816012875585,0.48287368544339415,10.69775561644019,3.7575322462117944,1.8795762550214241,417.83247899743003,1.4904437617551944,11.383909044093079,4.2635967244635715,1.9215296927522336
c<A>r<394>R<LYS>,121.54213722856626,1.37042800635756,3.7194693783191077,1.8140617496800935,0.6213476540150311,47.743348893983914,3.419787372399795,5.9587448159378145,4.340304444907629,0.9505503738972932,56.51266674839993,3.7563048614039403,5.807750994614814,4.347128211415379,0.5481590343149663,129.15040250824066,1.3253982806073363,3.7194693783191077,1.6348152216232994,0.5280118053730916,136.7418243590457,1.2205340439528178,3.3441824143920673,1.6881706710993296,0.5338560720414748,75.42937853110026,2.24629369904205,5.151205434059903,3.01717514124401,0.8149174710596903,143.81816694678903,1.2205340439528178,3.172572226173782,1.5464319026536455,0.4019960671264976,45.036837296571754,0.010130803393799681,5.831869848756403,0.7148704332789168,1.1806240177692093,304.6762609454693,0.48287368544339415,9.892675376432763,4.836131126118561,2.0313366644736903,349.71309824204104,1.8123566640136717,10.287204374847471,5.551001559397477,2.050195494668516,8.924773148782224,0.023851635779141844,1.9361125996069095,0.6865210114447865,0.6467299261548561,128.97849836961993,6.76872342043913,15.569046034203499,9.921422951509225,3.11768596535563,137.90327151840214,7.128530266904393,15.808516993736077,10.60794396295401,3.102870242537891,14.962676109310998,0.06785900214612894,2.727618525364722,0.8801574181947646,0.6218202634960147,150.22977097466458,5.210977473076127,15.38857551207731,8.837045351450858,2.925007403666876,165.19244708397554,6.07204245398995,16.84080594926119,9.71720276964562,2.9276164655052366,43.37464387554776,0.010130803393799681,5.831869848756403,0.610910477120391,0.9995089872320774,330.1829104095269,0.48287368544339415,9.892675376432763,4.650463526894746,1.886821001766197,373.55755428507473,1.8123566640136717,9.927521361570916,5.261374004015137,1.8422105420888308,46.397803684430045,0.010130803393799681,5.1155999602341975,0.5395093451677913,0.8665465414485273,383.7930166016936,0.48287368544339415,8.840076574329544,4.46270949536853,1.9716828627019973,430.19082028612365,1.8123566640136717,9.193121551904476,5.0022188405363215,1.9203341048470997,19.76195330988371,0.011202518675826667,4.2272892619024205,0.5812339208789327,0.856435717100195,224.45537035063566,2.409584136064268,13.132888227208468,6.601628539724579,2.9313688445483983,244.21732366051936,2.996873260350199,13.418780674364221,7.18286246060351,3.0116895416181446,46.671025707688656,0.010130803393799681,4.74793405984851,0.5303525648600984,0.8658306453835206,375.2088649478129,0.48287368544339415,8.726788201881448,4.263737101679692,1.929590098275847,421.87989065550164,1.8123566640136717,8.768862607106328,4.794089666539791,1.8676789147758612
c<A>r<395>R<PHE>,130.71418385092613,1.37042800635756,4.05668545399638,1.8154747757073073,0.6512470641488074,41.589314184704676,2.6302256606003853,5.143064791880674,3.7808467440640614,0.8168738558811768,50.15861223104941,2.48277112319708,5.8570326383187945,4.179884352587451,0.9502810661878982,139.1066284836278,1.3257435031962739,4.05668545399638,1.6560312914717594,0.5868735547497805,143.80624402278613,1.2205340439528178,3.9421021284523574,1.6918381649739545,0.5420514517000758,68.87044090484406,2.2475989084745347,5.8570326383187945,2.8696017043685025,0.8553765778434134,151.38025405491427,1.2205340439528178,3.9421021284523574,1.5606211758238584,0.43713980965072496,48.327639132904984,0.010130803393799681,5.79350881845601,0.6276316770507141,1.033868478402536,373.8782713382575,0.48287368544339415,9.892675376432763,4.8555619654319155,1.8167030172490883,422.2059104711625,1.8703945450530886,10.287204374847471,5.48319364248263,1.8673435391691033,3.7475884296620023,0.023851635779141844,0.9484752426590344,0.34068985724200024,0.2872903427562409,111.08964456662987,6.7256235225077035,17.136122904856965,10.099058596966351,3.7420589576087617,114.83723299629187,6.774224953526845,17.16799185704182,10.439748454208353,3.592063590745325,9.803076305157512,0.062313326933939095,1.7171370677414455,0.7002197360826795,0.4607155490376108,127.46164542926424,4.2638556674669985,22.481190879670066,9.104403244947445,4.587863065922491,137.26472173442176,4.4820767437236615,23.501491467532233,9.804622981030125,4.609086038857277,46.795316338047094,0.010130803393799681,5.381918216029041,0.5570870992624654,0.8899977719468789,377.9571925541688,0.48287368544339415,9.892675376432763,4.499490387549629,1.6864894605568017,424.75250889221593,1.7598121276204564,9.927521361570916,5.0565774868120945,1.7429111230999885,49.68161900920398,0.010130803393799681,5.077238929933804,0.5342109570882149,0.8488849185680281,393.2281964007305,0.48287368544339415,9.537816559156965,4.228260176351941,1.7475201334237918,442.9098154099345,1.8703945450530886,9.773540380456847,4.7624711334401555,1.7545327621370135,10.511136675707117,0.013387711612828923,1.5226345111126651,0.4379640281544632,0.46568425407021946,139.28468806539237,2.230705505699234,22.481190879670066,5.803528669391349,4.33631165722267,149.7958247410995,2.828642077874267,23.255171973922437,6.241492697545812,4.3412923178525755,48.96308357538395,0.010130803393799681,4.837721991238615,0.5208838678232335,0.845506018808124,380.0975465470715,0.48287368544339415,9.537816559156965,4.043590920713527,1.8062151269098745,429.06063012245545,1.7598121276204564,9.773540380456847,4.56447478853676,1.8089203399861922
c<A>r<396>R<LEU>,105.92878961503054,1.3819601099473657,3.992152634196995,1.8263584416384575,0.624867253490011,38.95908852410429,2.786563238646649,5.143064791880674,3.895908852410429,0.7670586741026897,54.60077084248921,2.48277112319708,5.807750994614814,3.900055060177801,0.8107825704890316,113.00932151151412,1.3257435031962739,3.992152634196995,1.6378162537900596,0.5492342122924316,126.8897453479,1.2205340439528178,3.992152634196995,1.7382156896972603,0.5998197060607273,68.82947969696274,2.2475989084745347,5.143064791880674,2.7531791878785095,0.6193283041691148,132.89924775567556,1.2205340439528178,3.992152634196995,1.5821339018532805,0.48512247357706273,30.43586240154177,0.013411069092954975,3.6482745779434644,0.5533793163916685,0.8543144436990912,276.12249763465184,1.948365161147251,9.892675376432763,5.020409047902761,1.631115424196099,306.5583600361936,1.964910132729334,10.287204374847471,5.57378836429443,1.7743349512709095,3.7475884296620023,0.023851635779141844,0.9484752426590344,0.34068985724200024,0.2872903427562409,111.08964456662987,6.7256235225077035,17.136122904856965,10.099058596966351,3.7420589576087617,114.83723299629187,6.774224953526845,17.16799185704182,10.439748454208353,3.592063590745325,14.023958913449924,0.039402434186508906,2.909352392032554,0.8249387596147014,0.8299802087509975,123.30489039820607,4.2638556674669985,15.632039381886216,7.253228846953299,2.5230386977409185,137.32884931165597,4.4820767437236615,15.829249273946193,8.078167606567998,2.605650417969591,30.076539772183274,0.012544714806679735,3.6482745779434644,0.4851054801965044,0.7613577333309546,293.9300889393077,1.8078906119325433,9.892675376432763,4.740807886117866,1.5631394630807918,324.006628711491,1.8207938039713603,9.927521361570916,5.22591336631437,1.6212714106476225,36.376833542844686,0.012590623697937176,2.469562265129838,0.4181245234809734,0.567581706653772,385.03230808222554,1.669676790392316,10.642020743942851,4.425658713588799,1.8020864969358306,421.40914162507016,1.9236358521909787,10.903205759699436,4.843783237069772,1.8139977948094592,13.722927768157133,0.013387711612828923,1.9278068492495173,0.5278049141598897,0.5567459333909606,122.71403254941181,2.230705505699234,10.288396665531664,4.719770482669685,2.375582991861144,136.43696031756895,2.548733236176891,10.301784377144493,5.247575396829575,2.451358761820063,37.985638154408214,0.012072623120931603,3.0881561593191833,0.4576582910169664,0.6591440654386163,343.4038325500171,1.669676790392316,10.642020743942851,4.137395572891773,1.7135519078893355,381.38947070442526,1.8207938039713603,10.903205759699436,4.595053863908738,1.7374150565884745
c<A>r<397>R<THR>,93.402914672473,1.3799193947681987,4.194884505954308,1.86805829344946,0.6963974402074974,32.93250577085716,2.2970042455077677,5.0873549307728725,3.659167307873018,0.786152555419852,46.09521563367468,2.456460118289085,5.258604282529427,3.8412679694728897,0.86279824793225,99.35746104391407,1.3263445592792196,3.8003488308170885,1.6559576840652346,0.6005930070049732,112.61651830634078,1.228099678166485,4.137992770831309,1.78756378264033,0.6921665295927645,58.78853075175258,2.2481277266530033,4.5318215341786905,2.672205943261481,0.4974244656778924,117.03530930417922,1.228099678166485,4.112442660530685,1.6032234151257427,0.5428635648953005,22.58756982595969,0.013411069092954975,3.7992674239937223,0.4705743713741602,0.7515467225519215,212.406244302279,1.44511213955343,7.187707380623706,4.425130089630812,1.4138643830239501,234.99381412823865,1.5729594756124623,8.084460428931026,4.895704461004972,1.4983001983044262,4.294119659173606,0.04860143101914183,3.179883090814318,0.8588239318347212,1.182863132042993,53.4626184110805,6.58567879002959,26.66752721873417,10.6925236822161,7.987984764718146,57.75673807025411,6.774224953526845,26.80862595082492,11.551347614050822,7.7050179713117934,9.161221778846457,0.062313326933939095,1.7171370677414455,0.6107481185897637,0.5039819649654006,97.55331598156336,2.6557617126430273,9.359975935274079,6.50355439877089,1.7381335120755883,106.71453776040983,3.014210590051926,9.545985869542488,7.114302517360655,1.6965588358693338,24.55781983658792,0.0165449715820829,3.7992674239937223,0.47226576608822923,0.77451086580782,219.95760141464257,0.5868566887498332,8.382719700292714,4.229953873358511,1.2037043768232456,244.5154212512305,1.502843056987896,8.439176145012159,4.70221963944674,1.2854102815721544,28.957715786797568,0.013972266263280186,2.983287592443192,0.41967704038837056,0.6098358721155728,259.6464397622844,1.44511213955343,7.026156257253717,3.7629918806128173,1.1711556965482206,288.604155549082,1.5729594756124623,8.11894797564874,4.182668921001189,1.260159069388363,13.032949601920892,0.04049302103424646,2.6759829060992963,0.7240527556622718,0.7948630835091575,77.5909650887418,2.230705505699234,14.788249980385501,4.3106091715967665,2.875833702394663,90.62391469066269,2.749022131449366,17.19777493487479,5.034661927259038,3.4275370972116557,28.080543718474907,0.014175903947232005,3.3395420085664913,0.4129491723305133,0.6353459475879338,255.06470390919264,0.5868566887498332,7.026156257253717,3.7509515280763623,1.2230836034962307,283.1452476276675,1.502843056987896,8.11894797564874,4.1639007004068755,1.2403511070702453
c<A>r<398>R<LEU>,136.0925794055276,1.37042800635756,3.8902642700338705,1.9167968930356,0.7463157705588429,36.46510487380106,2.2970042455077677,4.495175415179493,3.3150095339819146,0.6699818653952125,54.55644414255548,2.456460118289085,4.581155258420965,3.6370962761703653,0.6524670951989675,140.94706330958238,1.3263445592792196,3.8468237587104857,1.6981573892720767,0.6590328599508842,157.10758613311953,1.2223078852882765,3.8468237587104857,1.80583432336919,0.6795949080605812,69.9578604708586,2.2481277266530033,3.3713107643138627,2.5910318692910597,0.3223714178997829,160.62438219423612,1.2223078852882765,3.8468237587104857,1.622468507012486,0.5516375901167554,53.740241405430496,0.012037118842897598,3.7992674239937223,0.5778520581229085,0.815034674221317,416.18783906226196,0.48786957381940965,8.190210644673712,4.475138054432924,1.5483162723308856,469.9280804676925,1.5729594756124623,8.210843838404976,5.052990112555833,1.5609651077534585,4.206235435231808,0.04860143101914183,3.179883090814318,0.7010392392053014,1.1149489552795993,39.179701594131295,1.3318799952762037,9.242005471850462,6.529950265688549,2.5478161741077003,43.385937029363106,1.7695483287615055,9.765561880843908,7.230989504893851,2.702054890236253,17.524486687866077,0.062313326933939095,5.710657206114149,0.7619342038202642,1.1248243051644502,147.24169909439615,2.6557617126430273,10.054475942234149,6.401813004104181,1.618314466415821,164.76618578226228,3.014210590051926,11.150004483676938,7.163747207924447,1.7589242747269036,53.39970137204274,0.012037118842897598,3.7992674239937223,0.5680819294898164,0.7983100132221668,400.0086875986242,0.48786957381940965,8.190210644673712,4.25541157019813,1.280683948105852,453.4083889706669,1.502843056987896,8.210843838404976,4.823493499687946,1.3408337038002962,60.70940443478189,0.010036117190043825,3.0325485843349256,0.5101630624771587,0.6992707486499595,453.6847334816855,0.48786957381940965,7.336048395283115,3.812476751946937,1.2816426756632218,514.3941379164675,1.5729594756124623,7.348085514126012,4.322639814424096,1.3164280466273888,15.68979977426089,0.04327479806489709,3.9711206043462823,0.6034538374715728,0.8524559275280993,99.18965332458662,1.3318799952762037,7.265770153916719,3.8149866663302543,1.4833742799737564,114.87945309884752,1.7695483287615055,8.67559899565336,4.418440503801827,1.7949509058020703,57.779097282697464,0.012037118842897598,2.8140646547456694,0.5158847971669417,0.693283236029321,418.26190915002326,0.48786957381940965,7.336048395283115,3.734481331696636,1.2730397404633633,476.0410064327208,1.502843056987896,7.348085514126012,4.250366128863578,1.2956205770842992
c<A>r<399>R<PRO>,119.61005493358518,1.3799193947681987,3.812114104898557,1.8122735595997754,0.6271397454236975,51.66194597068628,2.2970042455077677,5.044182952268777,3.4441297313790855,0.7189405391570047,56.79911690596777,2.456460118289085,4.607985792280594,3.5499448066229857,0.5738802426661741,130.90249282151257,1.3249969916430306,3.812114104898557,1.5963718636769826,0.5169612238366996,144.86097051755874,1.2223078852882765,3.761059498687332,1.7453128978019126,0.6084197313208044,84.51427290756303,2.2321547965071846,3.5420721157021995,2.6410710283613446,0.3603477945175846,154.0456804458143,1.2223078852882765,3.761059498687332,1.5560169742001444,0.44043014333387076,32.863767460458064,0.010815773004335227,2.857521193355727,0.47628648493417486,0.6762810482777387,316.47335327638547,0.48786957381940965,8.190210644673712,4.5865703373389195,1.548688414874385,349.33712073684353,1.570898760593687,8.210843838404976,5.062856822273095,1.6110865271981096,11.966748143663256,0.01628819027602546,4.143073176989656,0.9205190879740967,1.4277464329596203,97.81377005441185,1.3318799952762037,9.412919694987295,7.524136158031681,2.0535489211664784,109.78051819807509,1.7695483287615055,12.531756354570245,8.444655246005777,2.452387598808369,18.066917970445296,0.0600312293781915,5.710657206114149,0.752788248768554,1.1870500579842638,159.19791796360374,2.6557617126430273,13.535037237603902,6.633246581816823,2.0805868800808764,177.26483593404902,3.014210590051926,13.643599310190073,7.386034830585376,2.105415402565141,33.84276297903092,0.010815773004335227,2.857521193355727,0.4700383747087628,0.6246502579744591,313.5056142574372,0.48786957381940965,8.190210644673712,4.354244642464405,1.4058549141413865,347.3483772364681,1.5015060662257862,8.246438006475895,4.824283017173168,1.4363114535467187,41.65407298871285,0.010036117190043825,2.4433467275687573,0.4005199325837774,0.5191853412028565,408.8062135727836,0.48786957381940965,10.0787653937021,3.9308289766613806,1.516615502004206,450.4602865614964,1.570898760593687,10.393551035736685,4.331348909245158,1.492874355847178,21.568166375850787,0.01231816069655256,6.191374230079276,0.5675833256802839,1.0529147460330281,168.7035578475291,1.3318799952762037,17.01582414726022,4.439567311777082,2.6528376571459455,190.27172422337992,1.7695483287615055,17.20992453987964,5.007150637457366,2.731451378522214,42.33318079052444,0.010815773004335227,2.8152526738868655,0.4503529871332387,0.5794970904059403,349.884331014296,0.48786957381940965,7.336048395283115,3.722173734194638,1.3807949990291184,392.21751180482045,1.5015060662257862,7.393694776916993,4.172526721327877,1.3502836744256994
c<A>r<402>R<LEU>,152.83733867097595,1.3497170178174474,3.94831761722558,1.8638699837923898,0.6792148878014024,50.65230598571117,2.144976871783952,5.2781384610947,3.6180218561222266,0.7620033160116606,61.63999169147926,2.456460118289085,5.517570902728616,3.8524994807174537,0.6970254404649748,157.49359000090976,1.3207895483120178,3.775881033914775,1.6236452577413378,0.5710939234427884,172.77297562435817,1.2223078852882765,3.775881033914775,1.7451815719632138,0.5922841183076794,83.57545915169902,2.144976871783952,4.300784379640385,2.6959825532806136,0.501903827495141,176.92696449194952,1.2223078852882765,3.775881033914775,1.5519909165960484,0.46069195522899387,69.98865755448546,0.010187369367979926,3.7555773694349828,0.630528446436806,0.9107340264987164,526.8970031678678,0.48786957381940965,8.391580509732023,4.746819848359169,1.3275601111752966,596.8856607223531,1.3359573480666151,8.991316614491248,5.377348294795974,1.3883067976772514,12.828144174738034,0.010656381465061315,2.6189985373095475,0.7545967161610608,0.8902239356918701,156.7066552422882,5.922446880382509,17.82225547481471,9.218038543664012,3.2848466791054713,169.53479941702625,6.340155220451281,18.83323729248051,9.972635259825074,3.652426668457286,21.26233986955971,0.18211862548495894,4.860332295521564,1.1812411038644284,1.274229128346715,117.65203358789734,2.6557617126430273,17.20830601085072,6.536224088216518,2.916453360073525,138.91437345745703,3.014210590051926,17.90787475561947,7.7174651920809465,3.316593228857918,66.17815621158368,0.010187369367979926,3.7555773694349828,0.6184874412297541,0.8716527390469972,486.9815541326773,0.4767529356054183,8.391580509732023,4.551229477875489,1.2571185186957567,553.1597103442609,1.3047070843890283,8.991316614491248,5.169716919105242,1.314325256600609,70.64056877206396,0.010552780864441669,3.509276630117241,0.5118881795077098,0.7171600362624914,571.9453797663914,0.48786957381940965,10.0787653937021,4.144531737437619,1.3474865628897252,642.5859485384553,1.3359573480666151,10.090695481483317,4.656419916945328,1.3701660494747123,20.356410617433003,0.01066762583117864,4.032173671451892,0.5356950162482369,0.8026854269255419,194.34291915613005,2.125802845249609,17.01582414726022,5.114287346213949,3.3344692797896545,214.69932977356305,2.749022131449366,17.20992453987964,5.649982362462185,3.2912870228259323,67.54164844665196,0.010739323890673003,3.509276630117241,0.5403331875732157,0.754054606990095,498.9403777428317,0.4767529356054183,7.336048395283115,3.9915230219426534,1.2871954983090266,566.4820261894836,1.3047070843890283,7.348085514126012,4.531856209515869,1.2978451044236385
c<A>r<403>R<HIS>,119.17603531950542,1.3497170178174474,3.94831761722558,1.8334774664539295,0.6833929903944017,45.4098846354968,2.144976871783952,4.403760434099311,3.4930680488843695,0.5204296532001179,49.23092098079405,2.2026753801450196,4.700905621004807,3.7869939215995427,0.7386908067927928,128.74942752099034,1.3207895483120178,3.7610861674059,1.6297395888732955,0.5784901996334939,134.3640624231755,1.2223078852882765,3.652609298994613,1.700810916749057,0.583802066016593,70.9291132146202,2.144976871783952,3.5420721157021995,2.6270041931340815,0.4035972891142743,143.53298042791042,1.2223078852882765,3.652609298994613,1.5433653809452732,0.4603166897332601,45.925796342427844,0.010187369367979926,4.877351941433668,0.6753793579768801,1.053614616927326,339.6255942150802,1.2154370758998994,8.391580509732023,4.994494032574709,1.1581382939385494,385.5513905575081,1.3359573480666151,8.991316614491248,5.66987339055159,1.2569078069900825,9.513586370822537,0.017559542097355774,3.895167251263441,0.7318143362171182,0.9745811679402197,89.32856052505667,5.1507527915346145,8.967211695629203,6.8714277326966675,1.22196933526655,98.84214689587921,6.033404649861103,9.101956231230364,7.603242068913786,1.1323529625223376,16.751182317320822,0.06258022992655299,4.860332295521564,0.9306212398511567,1.0765513555423305,114.67435119105477,5.490613323915795,8.318600318054678,6.370797288391931,0.7667434743283804,131.42553350837557,5.883961641128394,10.600198583615272,7.301418528243087,1.081641194499471,47.49495554851197,0.010187369367979926,4.877351941433668,0.6883326891088691,1.026876402431103,313.8667467964159,0.4767529356054183,8.391580509732023,4.548793431832115,1.2098426722618225,361.36170234492783,1.3047070843890283,8.991316614491248,5.237126120940983,1.3361796470724976,45.86906402328932,0.01193008778121829,3.2727526992554417,0.5526393255817991,0.7786927722556414,353.07608704439747,1.2154370758998994,10.0787653937021,4.253928759571054,1.2577133265732834,398.9451510676867,1.3359573480666151,10.090695481483317,4.806568085152852,1.3131229244308102,17.000282603029284,0.010528401792846864,2.4607042465760216,0.5000083118538025,0.730595441608939,159.9117978004934,2.124097146019267,13.50175655804128,4.703288170602747,2.7533333096908006,176.91208040352268,2.6924996528287783,13.512284959834126,5.203296482456549,2.6438602401808464,45.064497692591026,0.010255120230477033,3.7152713578245615,0.5563518233653213,0.7666876287464073,314.8521707445267,0.4767529356054183,6.910516961903568,3.8870638363521812,1.1584640531074106,359.9166684371177,1.3047070843890283,7.092635587388527,4.443415659717503,1.2269622040284265
c<A>r<404>R<LEU>,123.0140237799192,1.3497170178174474,3.8876776032554012,1.8360302056704358,0.6582994209390178,50.36708518445703,3.306253427389999,4.403760434099311,3.597648941746931,0.3367957278192154,45.47580904469882,2.2026753801450196,4.791603609687975,3.7896507537249016,0.7693519680076131,134.36809395396168,1.323459765991959,3.827026254167697,1.638635292121484,0.5667598259282595,137.87745235021708,1.2245222543420087,3.827026254167697,1.7234681543777135,0.598664260886304,72.24599026185686,2.2026753801450196,3.6721089781799927,2.6757774171058095,0.4189247409371084,147.79835545932158,1.2245222543420087,3.827026254167697,1.555772162729701,0.4561269302788769,44.78689748553715,0.010187369367979926,3.4302941321955185,0.5331773510182994,0.7984458155465947,448.8861932598798,1.2154370758998994,8.723348375450769,5.343883253093807,1.3658523726124359,493.6730907454169,1.3359573480666151,9.115033486086038,5.877060604112106,1.2880746356260349,11.664763227403157,0.010676675312708994,3.895167251263441,0.6139349067054293,0.8415754217135937,137.25308973712959,5.1507527915346145,10.700915121791923,7.223846828269978,1.468151836365258,148.91785296453273,6.033404649861103,10.711591797104631,7.837781734975406,1.2795518620726587,12.730609479713879,0.06258022992655299,1.938821436563419,0.7072560822063266,0.6006673192609138,122.37019870688846,5.00121959692774,10.984482057640207,6.798344372604914,1.6011525207863535,135.1008081866023,5.883961641128394,11.170672259943085,7.50560045481124,1.4031472101645213,49.039706342650405,0.010187369367979926,2.882879957713147,0.5702291435191907,0.7898510385836615,414.18289111682543,1.2050163203705324,8.513269201420599,4.816080129265412,1.2977559270188561,463.2225974594758,1.3200224292776341,8.653253472520483,5.386309272784603,1.257128241947736,45.727439464819156,0.01154648808748071,3.2727526992554417,0.48646212196616123,0.6914465297062886,428.0648458163306,1.2154370758998994,10.0787653937021,4.553881338471602,1.5026805376488797,473.7922852811497,1.3359573480666151,10.090695481483317,5.040343460437763,1.4918789994965616,15.117205699695479,0.01066762583117864,2.4607042465760216,0.44462369704986704,0.6449422498641835,144.45991652146995,2.124097146019267,10.45715704631084,4.2488210741608805,1.9821757031998406,159.57712222116544,2.6924996528287783,10.87691179258119,4.693444771210748,1.8965632765463982,45.71255624092296,0.010255120230477033,2.5865847164148015,0.49687561131437996,0.6604198900363625,382.3992134997222,1.2050163203705324,8.513269201420599,4.156513190214372,1.3062179816074322,428.1117697406451,1.3200224292776341,8.653253472520483,4.6533888015287515,1.3298166926364066
c<A>r<405>R<GLN>,109.21955288476221,1.3927170293855482,4.27316467708855,1.8511788624535968,0.7096189471538196,52.8619785533376,3.306253427389999,5.673285203246865,4.066306042564431,0.8119278961304447,56.571253092198845,2.2026753801450196,5.637782112645104,4.040803792299918,0.8039439873202145,121.61576903887654,1.323459765991959,3.8731402903511327,1.6659694388887196,0.5855431193506477,125.7840981014825,1.226014390039,3.9143407279968163,1.6997851094794931,0.601942914049484,78.47121055249721,2.2026753801450196,4.0819234750021565,2.8025432340177576,0.5444826476770579,136.8033447680392,1.226014390039,3.4925482243706636,1.5545834632731728,0.43805822341915457,33.95633860660189,0.014095730091723269,4.998443154751872,0.5389895016920935,0.9498145596546457,355.9060818024402,2.7803732421280074,9.502541808761634,5.649302885753019,1.3241851092189842,389.86242040904204,3.7629027046672254,9.621815533711533,6.188292387445112,1.3137337772607098,8.97565324779355,0.010676675312708994,2.1699207695505613,0.5279796028113853,0.4885556867348165,134.86495336549842,5.37606481810144,15.11668859861038,7.933232550911672,2.5959214557661205,143.84060661329198,6.033404649861103,15.241677350956202,8.461212153723057,2.509647054385975,19.437379461833018,0.09627395127657934,5.406412989074159,0.809890810909709,1.0931704368355704,212.2409080181983,4.990874590196654,17.590287960466412,8.843371167424928,3.430165541166134,231.67828748003132,5.936275834691397,17.73537481887433,9.653261978334639,3.3580363156110717,37.17923250656643,0.01510648431560968,5.500067598153496,0.5901465477232767,0.9670532719282907,314.59088713495635,1.7428514963839916,9.502541808761634,4.993506144999307,1.5108919847450002,351.77011964152274,1.7808144151339007,9.621815533711533,5.583652692722583,1.5048698723351202,36.07227334763915,0.01154648808748071,3.7838233878983054,0.4941407307895774,0.7880411153274484,330.66990003868204,1.8169742772727204,8.723348375450769,4.529724658064137,1.3632306166087758,366.7421733863212,2.0337511939457578,8.737444105542492,5.023865388853715,1.43012262202887,15.758138051686146,0.02262496175201445,2.4607042465760216,0.4502325157624613,0.7089955325625479,174.40685280126036,2.124097146019267,12.343177097231091,4.983052937178868,2.4699731501176077,190.16499085294646,2.8685996505349967,12.401984237789378,5.433285452941328,2.3997714690506236,36.386812666796814,0.01154648808748071,4.28544783129993,0.5053723981499557,0.7708306692370568,298.8740253921235,1.7428514963839916,8.053820056545419,4.15102813044616,1.3166502853620188,335.2608380589203,1.7808144151339007,8.265228226352956,4.656400528596115,1.3641093655392262
c<A>r<406>R<LEU>,129.28577387821832,1.386372600135687,4.088026796063152,1.9296384160928108,0.7853152567318755,59.265565000342946,2.286717887348668,5.576284584634352,3.9510376666895297,0.9239462225790721,48.44184467226085,2.860473309867506,4.941834769438271,4.0368203893550705,0.543711145236553,142.37055755876455,1.3222924362711321,3.9734166072127,1.7153079223947536,0.6797554101022363,141.91573152150826,1.226014390039,3.7530806783598702,1.7739466440188534,0.6560042580432776,77.19658907827004,2.229962147050198,3.692231792217062,2.7570210385096443,0.4879313765034168,153.18608854125483,1.226014390039,3.573403223253388,1.5956884223047378,0.495329485372443,45.81158271465175,0.014095730091723269,3.854322040150077,0.5949556196708019,0.8671093717978068,427.5429579641325,0.49459721325388273,9.175923228882311,5.552505947586136,1.5487010606444764,473.3545406787842,1.796483142310212,9.330583431867158,6.147461567256937,1.5894193518048876,23.148717713590344,0.010676675312708994,5.431624343322337,1.218353563873176,1.6305611012548402,173.2537455764732,5.900971774201935,15.11668859861038,9.11861818823543,2.5518697539351143,196.40246329006357,6.459600241834744,15.191504968008243,10.336971752108608,2.8505411335120905,10.048450787781121,0.21186029265611062,2.7524314262496965,1.004845078778112,0.8435346245741527,65.40763182460523,4.990874590196654,9.334021547068005,6.540763182460523,1.3823515425182884,75.45608261238635,5.936275834691397,11.474729371884333,7.545608261238636,1.8487637927708014,54.55426730813533,0.015306148246066797,4.565541729164192,0.6494555631920873,0.9914377994105839,444.0985592177533,0.49459721325388273,18.757229565949274,5.2868876097351585,2.166732195150648,498.6528265258886,1.7808144151339007,18.79730813695369,5.936343172927245,2.1578456215954267,48.44355499646537,0.01154648808748071,4.207171768754527,0.6132095569172832,0.9235584936663586,369.8556921341003,0.49459721325388273,8.957979418550167,4.681717621950637,1.5766532510983247,418.2992471305656,1.796483142310212,9.2071727221469,5.294927178867919,1.6306356691656352,15.92245850917994,0.010281260762668332,4.575413392456397,0.48249874270242243,0.9156779322098118,175.07773752923458,2.1814631363643002,10.408735709353095,5.3053859857343815,2.3561586574658313,191.00019603841451,2.896476726508225,12.358011578785916,5.787884728436803,2.6114589869829095,51.946315164499595,0.01154648808748071,4.4443490340994085,0.6575482932215139,0.9568508222956534,355.9412236174969,0.49459721325388273,10.184513424400393,4.505585109082239,1.5997336330493692,407.88753878199645,1.7808144151339007,10.890996211093958,5.163133402303752,1.6289264118349052
c<A>r<408>R<ARG>,119.93637442422039,1.3855565068409126,3.8876776032554012,1.9037519749876253,0.6854249521522646,66.27278900056348,2.286717887348668,5.854071739243277,3.6818216111424156,1.0678106117348987,63.146348201844745,3.142469335380274,6.765455934005342,4.20975654678965,0.8094204131241103,133.49373775630076,1.3222924362711321,3.603458885529029,1.6279724116622043,0.504795020183327,137.92950150668642,1.226014390039,3.4823145982512274,1.7459430570466636,0.5826383085710172,90.24257534930074,2.229962147050198,3.692231792217062,2.6541933926264925,0.3837578361658551,150.66746035474543,1.226014390039,2.94477573899873,1.5374230648443412,0.3768417417907331,42.96660357791687,0.012678900182335084,5.430348033563426,0.6227043996799546,0.9603913445465885,380.04004480793196,0.4893672406697078,10.449195798546498,5.50782673634684,1.6681788313099817,423.0066483858488,1.796483142310212,10.693199693282157,6.130531136026794,1.7162820944207609,17.678422260583332,0.01185857776830801,5.431624343322337,0.7366009275243055,1.199208864788967,221.27971230351795,1.3244255371628242,17.282617850641145,9.219988012646581,4.373627118354774,238.95813456410127,1.7537487261533933,17.35983962713318,9.956588940170887,4.511279280087688,25.686723265929018,0.027533882232331663,8.041484521568265,1.427040181440501,2.2142236498331633,159.34461607226785,5.151968055848556,24.24546747943168,8.852478670681547,4.46082548228671,185.03133933819686,5.936275834691397,24.353319330820085,10.279518852122047,5.098844440229818,44.37291407630362,0.012619171240908944,4.808292757215591,0.6430857112507772,1.0010868147717875,341.87838111890983,0.4893672406697078,10.165365219277191,4.954759146650867,1.5656307825645794,386.25129519521334,1.796483142310212,10.206540494192645,5.597844857901642,1.6425464545619999,49.7031993185594,0.01237562869653841,5.773641474190775,0.645496095046226,1.0557944141841231,343.55170757354176,0.4893672406697078,8.957979418550167,4.461710487968075,1.6342609873366367,393.2549068921011,1.1510188253448668,9.2071727221469,5.1072065830143,1.688539498811426,27.083992038910722,0.0108763462515018,6.574353924967957,0.7127366326029138,1.3339914355525597,209.0186957572805,1.3244255371628242,14.454178572937963,5.500491993612645,3.698972760008201,236.1026877961912,1.7537487261533933,15.2107514885097,6.213228626215558,3.88405342820604,49.00577194002624,0.014519884029020602,4.4443490340994085,0.6902221400003696,1.051195741354827,290.1345312978631,0.4893672406697078,8.615923914963787,4.086401849265677,1.6100286755451005,339.14030323788927,1.1510188253448668,9.122778389188621,4.776623989266046,1.6129778824000633
c<A>r<409>R<PHE>,95.73796294899279,1.3428358456199994,4.34700463671083,1.8772149597841723,0.8022219591923863,32.60392572433019,2.7331972462635976,4.912145429887644,3.6226584138144653,0.8670158880455765,37.991021394039855,3.142469335380274,5.906707355417106,4.221224599337762,0.7910479711822456,101.31049246493583,1.3241625525849825,4.329720703678005,1.660827745326817,0.591442675836406,106.84248352328973,1.226014390039,4.329140282832853,1.7515161233326184,0.6924570705779456,51.295416208491865,2.229962147050198,3.7295749776711733,2.6997587478153613,0.40140024070500996,112.53329218639445,1.226014390039,4.329140282832853,1.5849759462872457,0.5039656784031891,29.63067218371316,0.010980081858944502,2.8442179523386777,0.6047075955859829,0.7491724716543413,267.40081260218994,0.4893672406697078,10.165365219277191,5.45715944086102,1.9159426140255107,297.03148478590305,1.872279334659424,10.420604685368732,6.061867036447001,1.9959000976772436,1.7162394705706916,0.02860305982577316,1.0562206874081639,0.2451770672243845,0.33856885020925415,60.61742607315955,4.289026651277709,17.282617850641145,8.65963229616565,3.8874994819514606,62.33366554373025,4.505790192602708,17.35983962713318,8.904809363390035,3.77156913098767,4.926855312131914,0.24299437872248042,1.4961473429919128,0.8211425520219856,0.4627440753626427,42.60473503464709,5.151968055848556,9.684106322886691,7.100789172441182,1.753070816652396,47.531590346779005,6.348427100829733,10.687012309213365,7.9219317244631675,1.792004327862341,28.518888608658536,0.010980081858944502,2.8442179523386777,0.5484401655511257,0.7331217385392825,279.76116011380054,0.4893672406697078,10.774121905884385,5.38002230988078,2.2571060117374193,308.28004872245907,1.872279334659424,10.999655764679439,5.928462475431905,2.286500376854009,31.13356142360226,0.010980081858944502,2.8442179523386777,0.5559564539928975,0.7425377100615006,257.9449114402969,0.4893672406697078,10.120329719361507,4.6061591328624445,2.0429429259158476,289.07847286389915,1.1510188253448668,10.420604685368732,5.162115586855342,2.1036820560944016,5.082876163843105,0.0108763462515018,1.0562206874081639,0.31767976024019406,0.3169675936573892,60.65785513558785,2.1132297742951778,6.508959700347987,3.7911159459742407,1.3569159850774288,65.74073129943096,2.6204547232307336,6.909928151247037,4.108795706214435,1.3810591617342778,28.560671954643894,0.010980081858944502,2.8442179523386777,0.519284944629889,0.7117771749363845,242.68369098259518,0.4893672406697078,10.774121905884385,4.412430745138094,2.3273765081296682,271.2443629372391,1.1510188253448668,10.999655764679439,4.931715689767984,2.3702370949377634
c<A>r<419>R<ILE>,78.02690599358533,1.3855565068409126,5.326140919057728,1.9506726498396332,0.9163528315000828,33.75437210224488,2.1437715715243786,6.71034751987781,3.75048578913832,1.2823410534106792,39.51257731424813,2.604256226967533,7.899778884122784,4.390286368249792,1.4089969028256069,88.14752391343673,1.3196747228113799,4.917202025835992,1.7629504782687346,0.8072753417005876,90.1760129818896,1.2239638693487334,5.100031270728251,1.803520259637792,0.8193725295420888,55.263912646060824,2.1437715715243786,5.835316925341381,2.908626981371622,0.9772847184986103,100.18504681158066,1.2239638693487334,4.917202025835992,1.669750780193011,0.7288241706090485,15.842595687066979,0.020200956528896086,3.918074760406107,0.5462964030023096,0.7961396543671544,155.78818601481998,0.4893672406697078,11.036080757226046,5.3720064143041375,2.1785297424574006,171.63078170188695,1.920951710841885,11.235159175577191,5.918302817306446,2.3091884464372043,2.834782839494835,0.05883022296584173,1.0562206874081639,0.40496897707069074,0.3817575936045223,56.365075452736164,4.289026651277709,18.341696297608905,8.052153636105166,4.488781664771612,59.199858292231,4.505790192602708,18.615154320685463,8.457122613175857,4.406074614283769,9.17060728866768,0.027757939661192665,6.985155422608763,1.3100867555239544,2.3306776609701214,76.50711447133381,5.8202466863886,21.38493378410385,10.929587781619116,6.069106310762192,85.67772176000148,6.348427100829733,21.412691723765043,12.239674537143069,5.595369720010487,19.826370682719507,0.010062750399651321,5.004810259598228,0.5507325189644308,0.9481274132718344,198.8637480974303,0.4893672406697078,12.108267930649163,5.523993002706397,2.7851838241497986,218.6901187801498,1.920951710841885,12.23461690318289,6.074725521670827,2.764839257645423,21.35968832798035,0.011762959483546886,3.918074760406107,0.508564007809056,0.7547437469073193,206.3475784929833,0.4893672406697078,19.07136587066725,4.913037583166269,3.023889026935948,227.7072668209636,1.798976994023283,19.097413371253573,5.421601590975324,3.0780811101238643,10.157962226181109,0.0108763462515018,3.7162448181720613,0.6348726391363193,0.957719631024277,78.96622108700467,2.2742188167512722,11.25719095938257,4.935388817937792,2.5495783898876665,89.12418331318577,2.694411501915557,13.789658120021603,5.5702614570741105,3.2776422500457816,24.54094851999445,0.011762959483546886,5.004810259598228,0.5453544115554323,0.889001527650903,207.12425565905323,0.4893672406697078,12.108267930649163,4.60276123686785,2.6422725612059055,231.66520417904772,1.798976994023283,12.23461690318289,5.148115648423283,2.73493801678092
c<A>r<420>R<LYS>,84.79172825829376,1.3855565068409126,3.8325053513032663,1.8040793246445481,0.6175222356776647,55.44662895417571,2.139743773784943,4.859335196663223,3.4654143096359817,0.6928271904358837,49.18559533536246,2.2084454541420238,4.507113096160644,3.78350733348942,0.7027246708561543,101.45595371771063,1.3199777201817773,3.4429383077633893,1.5852492768392286,0.4511368646677698,102.98579652743635,1.2260700488108027,3.387131388069017,1.6882917463514155,0.5320289171572713,78.62364695612726,2.139743773784943,3.2937272163802023,2.620788231870909,0.35104652892442667,119.09087662119803,1.2260700488108027,3.0794681756264715,1.5268061105281798,0.3742000621325248,21.37848917254083,0.0165072669214954,2.592975919218569,0.47507753716757406,0.5913793346816365,230.0189213276435,0.4893672406697078,11.036080757226046,5.111531585058745,1.7964093708890942,251.39741050018432,1.920951710841885,11.235159175577191,5.586609122226318,1.6848488116283151,16.37491941784796,0.06687539479770876,5.058476008076802,0.818745970892398,1.148632125140504,148.0846801569769,4.289026651277709,16.37384327719701,7.404234007848845,2.509045142236682,164.4595995748249,4.505790192602708,17.389795304149835,8.222979978741245,2.6199176394026393,16.73816208474042,0.10874262959057646,7.450290494744799,1.5216510986127654,2.1732288293357023,74.18393586961884,5.151968055848556,12.516147437393556,6.743994169965348,1.9129080634856621,90.92209795435926,6.348427100829733,12.97110004599191,8.265645268578114,2.349129771224897,25.602598194395384,0.010062750399651321,2.6853599751913926,0.4741221887850997,0.6253234270988224,243.86250016280337,0.4893672406697078,11.036080757226046,4.5159722252371,1.7440542815214664,269.4650983571987,1.3090711952956537,11.046143507625697,4.990094414022199,1.6629524348203013,30.09486144600667,0.011762959483546886,3.63115479389086,0.5471792990183031,0.7400351094511278,234.3970524755823,0.4893672406697078,9.66451949862767,4.261764590465133,1.7303306406739616,264.49191392158895,1.798976994023283,9.732129316260277,4.8089438894834355,1.672889550941821,19.521096335509533,0.0108763462515018,4.203366780432521,0.5915483738033191,0.9072307292701565,161.09392686810952,2.2742188167512722,16.37384327719701,4.88163414751847,3.1524404328964293,180.61502320361905,2.694411501915557,16.504893679471728,5.473182521321789,3.0828585326525406,33.923099283648625,0.011762959483546886,3.3936027979063246,0.5384618933912481,0.7782386470021191,227.22297948998948,0.4893672406697078,9.66451949862767,3.6067139601585634,1.6032393207890598,261.14607877363807,1.3090711952956537,9.732129316260277,4.14517585354981,1.592872664239126
c<A>r<421>R<ILE>,88.87862247270633,1.3855565068409126,3.886810871953239,1.8138494382184964,0.6009002457903998,58.12551363886264,2.286717887348668,7.488578741627175,3.875034242590843,1.4574766683724203,53.954807237104,2.210642797876566,5.460705547137859,4.150369787469538,0.8069139986525812,103.350981538792,1.320521994374301,3.886810871953239,1.5900151005968,0.47002956751840846,112.68531101442284,1.2260700488108027,4.246598166120701,1.788655730387664,0.6872246775585625,84.23113035269785,2.210642797876566,6.45424045483413,2.904521736299926,1.0018602292285188,126.64451183002342,1.2260700488108027,4.246598166120701,1.6030950864559927,0.5683512834790491,24.740325194547484,0.014537061298089071,3.231215748429384,0.5049045958070915,0.7646596249345006,256.82779182864124,1.4508949535065767,8.74810993869869,5.241383506706964,1.4128527265114292,281.5681170231887,1.796483142310212,8.99960866344312,5.746288102514055,1.3659577287358156,15.67160749711085,0.044214766843419184,3.814690194246303,0.8248214472163605,0.9896629070346645,166.65815206697334,1.3244255371628242,23.137505879517448,8.77148168773544,5.686958062401314,182.3297595640842,1.7537487261533933,23.2354328888618,9.596303134951802,6.033419923703024,12.870903364456527,0.019279809218669897,4.091614140944806,0.804431460278533,1.027568298147266,143.58305160235523,5.151968055848556,18.963171086121292,8.973940725147202,3.752917927569343,156.45395496681175,6.317799443858877,21.07268121342343,9.778372185425734,3.828412783026569,24.78376897819928,0.012619171240908944,3.231215748429384,0.4506139814218051,0.6566426084270349,266.1956606739559,1.4508949535065767,11.039024345283906,4.839921103162834,1.6582238494275587,290.9794296521551,1.796483142310212,12.175915950675861,5.290535084584638,1.6797316198327628,35.81695166567846,0.01237562869653841,3.66326216436138,0.5871631420603026,0.9202539267751938,289.3100799601625,1.4508949535065767,11.568736105707103,4.742788196068238,1.9829615963660967,325.12703162584097,1.796483142310212,11.650499606309562,5.329951338128541,1.925737725211114,24.229352235099526,0.0108763462515018,3.646026512130007,0.6376145325026191,0.8633197245063118,277.57235461555865,1.3244255371628242,23.137505879517448,7.304535647777859,5.735076246381577,301.80170685065815,1.7537487261533933,23.2354328888618,7.9421501802804775,5.7927708337932415,35.81329381054832,0.014519884029020602,3.3829022288241504,0.5266660854492401,0.7866871618494167,295.2377679485671,1.4508949535065767,11.039024345283906,4.3417318815965755,1.9026456583366953,331.05106175911544,1.796483142310212,12.175915950675861,4.868397967045816,1.8872157799934208
c<A>r<422>R<ASN>,89.63046190341234,1.4959295217775685,4.27693507114788,1.991788042298052,0.7934471130983514,57.80257522497921,2.286717887348668,4.279770705199863,3.4001514838223064,0.5509678943494046,66.09977819593041,2.210642797876566,4.621268380094177,3.888222246819436,0.6025632427894331,102.4077880259152,1.320521994374301,4.27693507114788,1.6255204448557967,0.5959898811502715,112.20553742171099,1.2248009805039493,4.27693507114788,1.781040276535095,0.7109113777195459,91.99380039761523,2.210642797876566,4.507113096160644,2.628394297074721,0.44354276332908776,124.87001664326525,1.2248009805039493,4.27693507114788,1.5416051437440155,0.5298755501749658,32.00741491203525,0.010441469317770569,4.267877810293356,0.6958133676529402,1.1169033857314652,261.32095301718414,2.7367486310731692,11.025888806788316,5.680890282982264,1.5379145878365064,293.3283679292194,2.8610791202277213,11.173379544613345,6.376703650635204,1.5407982959753863,19.523709876639685,0.02641906444995712,5.082963652093126,0.7509119183322956,1.0404002548447286,162.1977634967236,1.3244255371628242,10.574277300584072,6.238375519104754,1.9521386555923759,181.7214733733633,1.7537487261533933,10.614422231413933,6.98928743743705,2.0976581816586806,22.901842589038232,0.0132254355831396,4.091614140944806,0.8808400995783935,1.0839053454135095,185.2989451485921,3.7161454669812883,12.663858233125211,7.1268825057150815,2.2469105598545167,208.20078773763035,4.465331838113632,12.762998320001598,8.007722605293475,2.0069611229937,29.813826659914206,0.010441469317770569,5.246551203482257,0.5230495905248106,0.8532446081389782,288.04368551653533,2.3079033426556634,11.305477176991417,5.053397991518164,1.7132930370988446,317.8575121764495,2.3196154315024065,11.320973704274301,5.576447582042974,1.663161272268168,38.851231366887376,0.01237562869653841,3.66326216436138,0.6266327639820545,0.9168104625425005,279.58594987063475,2.0142876612408145,9.558899641588368,4.509450804365077,1.6913919914630677,318.43718123752205,2.0859339513239363,9.967850297846159,5.1360835683471295,1.7014785666725232,29.871823552190772,0.023024224940321858,4.471393494092611,0.5974364710438155,0.9236931522992163,205.6937168195816,1.3244255371628242,8.859382411436854,4.113874336391632,1.5312673667797208,235.56554037177236,1.7537487261533933,8.894590077371745,4.7113108074354475,1.5659288755246352,39.062850565116456,0.011712088846743018,3.3829022288241504,0.542539591182173,0.7823748598234856,290.4143051919234,1.808835545565671,9.558899641588368,4.033532016554492,1.6575375811405233,329.4771557570399,2.082259097106888,9.967850297846159,4.576071607736665,1.6124543735900503
c<A>r<423>R<ASP>,89.3759115190274,1.352247234629479,4.071432513930518,1.9861313670894978,0.6760652965387509,57.662378437502824,2.1430466558810357,7.736399425430105,3.6038986523439265,1.252988256720413,53.63521559352209,2.210642797876566,4.956678445784786,3.8310868281087207,0.7185538021242871,101.32040726240002,1.317323023409701,3.8036654823269855,1.6342001171354843,0.5370234559807521,111.21035433057192,1.2248009805039493,4.097014047309622,1.853505905509532,0.6826326146746027,83.2939558194188,2.1430466558810357,3.77896203751115,2.686901800626413,0.47777801640393575,122.45866180909756,1.2248009805039493,3.5486895001220766,1.5903722312869812,0.5198701322179008,26.463464498042374,0.019921258828158095,3.8654900852738727,0.630082488048628,0.9816762899636435,227.17712868932676,1.2111357134126592,10.089718032021665,5.40897925450778,1.7030650263553075,253.64059318736915,1.3324201362301151,10.335907567643797,6.039061742556409,1.783321891657767,15.222681980027229,0.02641906444995712,2.5603784883858385,0.6618557382620535,0.6462079765440293,192.91367779249367,1.3244255371628242,19.190657650858384,8.38755120836929,4.810192430990729,208.13635977252096,1.7537487261533933,19.82424222010463,9.049406946631347,4.978870141592795,14.189820707454347,0.0132254355831396,3.8453117448522,0.7883233726363525,1.0760820685429686,141.02282870947693,4.471707378296742,14.344277321816662,7.83460159497094,2.379665858456845,155.21264941693127,5.852404490684673,14.5806805318318,8.622924967607293,2.1952023453222247,25.07390510329269,0.011712088846743018,3.824902434382464,0.5117123490467896,0.7787674105938723,244.68209364995937,0.47717830854617205,8.768671322923183,4.993512115305293,1.728814107686163,269.7559987532521,1.3044315470314007,9.008959497779134,5.505224464352083,1.6765241938846918,37.769136848391256,0.019921258828158095,3.66326216436138,0.6511920146274355,0.8752560439606024,277.2891183128795,1.2111357134126592,8.517368120086758,4.78084686746344,1.8036144800807385,315.0582551612707,1.3324201362301151,9.038395160698729,5.4320388820908745,1.8546230411575768,24.2552749956873,0.014170664775187802,4.884014492292623,0.6219301280945462,1.016877481930806,222.32967500385917,1.3244255371628242,14.344277321816662,5.700760897534851,3.390511739102205,246.58494999954647,1.7537487261533933,14.465978515808978,6.322691025629396,3.3574242416934985,37.43769089725804,0.011712088846743018,3.195355853742967,0.567237740867546,0.7915366730164892,291.5263143293407,0.47717830854617205,8.392263667819861,4.417065368626375,1.7217638441736485,328.9640052265988,1.3044315470314007,8.71214133527787,4.984303109493921,1.7127997710992557
c<A>r<425>R<PHE>,124.5352482484467,1.3829252941184837,3.930371732033248,1.8587350484842793,0.6543586249406844,58.16472068956689,2.286717887348668,5.021395365640284,3.421454158209817,0.8345990409560818,61.725621549061266,2.195970960298808,5.409414206464502,3.857851346816329,0.7553207698721722,136.05571419753682,1.321831340091423,3.9219026875203893,1.600655461147492,0.5318473651856026,148.28299781480916,1.2248009805039493,3.769027462352395,1.7652737835096328,0.6345962251108485,88.4924367952198,2.195970960298808,3.755393041854013,2.602718729271171,0.39737395290946054,157.1945235993326,1.2248009805039493,3.2207680664036733,1.5411227803856138,0.42641079194436965,40.07598735656265,0.011595630991029893,3.8654900852738727,0.5137947096995211,0.7210907762719525,386.6399241061838,0.48683785114553757,14.072829979401149,4.956922103925433,2.0476677430050927,426.7159114627465,1.796483142310212,14.085337761826889,5.470716813624954,2.0696063721091162,11.695458463813637,0.044214766843419184,1.932028561683886,0.6155504454638756,0.5107048301931002,146.44268663350613,1.3244255371628242,16.794742882744686,7.707509822816112,3.51438964431171,158.13814509731978,1.7537487261533933,17.21303035810538,8.323060268279988,3.443167199898546,14.811097715020225,0.013291605152642383,3.033784454552263,0.6732317143191011,0.7407215480821286,213.90374406461297,4.2519803463519565,26.45662759672632,9.722897457482407,5.780789931574946,228.7148417796332,5.203527764578658,27.05283452517117,10.396129171801508,5.565267850329447,40.83214764595241,0.011595630991029893,3.0086191960190547,0.4803782075994401,0.6412643889091398,401.58876145384534,0.48683785114553757,12.854056173066056,4.724573664162886,2.055809823240499,442.42090909979777,1.796483142310212,13.00682373135931,5.204951871762327,2.013943497987226,53.842174086697256,0.011595630991029893,3.2323140011899945,0.4985386489509005,0.6677699568593463,452.5650587420837,0.48683785114553757,9.545545262825954,4.190417210574849,1.549008601636872,506.40723282878105,1.796483142310212,9.67202927257917,4.68895585952575,1.5686359227092381,22.248317122814615,0.011447076109398324,2.661615644311519,0.5297218362574908,0.6990187461234689,255.393555418578,1.3244255371628242,26.45662759672632,6.080798938537571,4.289742912411031,277.64187254139256,1.7537487261533933,27.05283452517117,6.610520774795061,4.297272953808834,52.33792468327757,0.011595630991029893,3.6704071897400183,0.4891394830212857,0.7038536962656776,430.58324354073034,0.48683785114553757,9.545545262825954,4.02414246299748,1.5632077892846428,482.921168224008,1.796483142310212,9.67202927257917,4.5132819460187665,1.5559411061409814
c<A>r<436>R<PHE>,114.17452086353433,1.37042800635756,4.213676386868507,1.8122939819608623,0.7143932839105839,19.665665037413785,2.6302256606003853,5.0873549307728725,3.2776108395689643,0.8712382882980412,52.11649472300875,2.199835505806173,7.25657674105258,4.3430412269173955,1.3789432994308706,117.81332621799801,1.32539889250596,4.213676386868507,1.6593426227887045,0.6483743551778769,130.1662495450854,1.2205340439528178,3.6330144255281,1.7127138098037553,0.5894501997019151,60.567618423363314,2.199835505806173,7.25657674105258,3.0283809211681656,1.2116756495375614,133.7035762684859,1.2205340439528178,3.6330144255281,1.5917092412914988,0.515522331434482,38.57773631115038,0.01238804948128358,3.1845806876458935,0.7014133874754614,0.8384803206856832,266.9115576260455,0.48287368544339415,9.892675376432763,4.852937411382646,1.6851452396895692,305.48929393719595,1.8887113261981971,10.287204374847471,5.554350798858108,1.696408791196068,0.5706411245031262,0.13638817524801894,0.43425294925510727,0.2853205622515631,0.14893238700354416,37.286326170856995,7.581474134801542,29.704852036055456,18.643163085428498,11.061688950626957,37.85696729536012,8.01572708405665,29.841240211303475,18.92848364768006,10.912756563623413,14.09314739845497,0.010308963773898228,3.5065447598413755,0.8290086704973512,1.0918881609920474,180.67079052841723,4.347701985596419,24.413222140054373,10.627693560495132,5.161603442768796,194.76393792687227,5.530588433828493,24.424638909637977,11.456702230992487,5.2159532506871615,33.36288849299063,0.01238804948128358,3.1845806876458935,0.5381111047256553,0.7201137921818359,297.32539743156343,0.48287368544339415,9.892675376432763,4.7955709263155395,1.8099878948270667,330.688285924554,1.7598121276204564,9.927521361570916,5.333682031041194,1.7861181001844666,42.97586354307112,0.010529564660269664,4.419299523627011,0.5654718887246201,0.7842222178056121,312.72650564749944,0.48287368544339415,7.990996037077566,4.114822442730255,1.3515549742508213,355.7023691905706,1.8556874678687252,8.420481848846151,4.680294331454877,1.4554915720186987,13.642823728384073,0.024281215123348687,3.663369419228175,0.757934651576893,1.002634884610564,116.91312542442027,2.0100818950272057,14.633682154316634,6.4951736346900155,4.100216915444443,130.55594915280435,2.334920617636521,18.251606518019372,7.253108286266908,4.739149719984531,39.24566660368859,0.010529564660269664,4.005004426036432,0.4905708325461074,0.7128429735258642,328.845448645728,0.48287368544339415,8.193352128750522,4.1105681080716,1.5707501253729812,368.0911152494166,1.7598121276204564,8.259297430180855,4.601138940617707,1.6223345289572326
c<A>r<437>R<LEU>,108.74227147174834,1.3825505767209392,4.183169916078602,1.8123711911958056,0.6273152765623466,38.63302273033457,2.6302256606003853,5.143064791880674,3.512092975484961,0.8314151446684657,54.10916412815902,2.5843194774580915,5.807750994614814,4.162243394473771,0.7356293729162351,113.74783261008037,1.324434137945412,4.183169916078602,1.5798310084733385,0.4840914933858513,125.45719345797815,1.2205340439528178,4.183169916078602,1.695367479161867,0.5778037722252908,66.88039663082047,2.2320988610473607,5.143064791880674,2.675215865232819,0.6271536833984993,130.61387085338143,1.2205340439528178,4.183169916078602,1.518765940155598,0.43247303793183384,34.411579314335214,0.02146973909328409,3.591379489287519,0.7169079023819837,0.8694660189051556,241.64755283827043,3.3147286258842,9.892675376432763,5.034324017463967,1.4601996399547985,276.0591321526057,3.405584023159366,10.287204374847471,5.751231919845952,1.4286179638493595,3.104759736714673,0.023851635779141844,0.82205389213361,0.3880949670893341,0.2833527199321309,97.79184872872403,6.845215176191122,20.48887799575823,12.223981091090504,4.733514773215628,100.8966084654387,7.462951411452339,21.31093188789184,12.612076058179838,4.702291412614063,16.363135046493657,0.012749691476351188,3.3404321374215833,0.9090630581385365,0.9937045942468323,146.3735137272006,4.347701985596419,20.23161897013496,8.131861873733365,3.3143513561579154,162.73664877369424,5.530588433828493,20.396887963890855,9.040924931871903,3.2393161164419313,29.13461961510973,0.012544714806679735,2.795833895407183,0.5395299928724024,0.7114688229449633,259.5357661977244,1.7295217564201835,9.892675376432763,4.8062178925504515,1.535215773089863,288.6703858128342,1.7598121276204564,9.927521361570916,5.345747885422855,1.5526721500238574,40.07450568659718,0.012938131208091619,3.4715809512817657,0.6261641513530809,0.7730232823951093,268.8980134218475,1.669676790392316,7.329499824843026,4.201531459716367,1.1797942918531448,308.97251910844466,1.8710300039406607,8.11894797564874,4.827695611069448,1.2759926986891355,14.308186607324716,0.04049302103424646,1.9278068492495173,0.5110066645473113,0.5193931646876055,172.36775633734948,2.0100818950272057,19.591850528245928,6.1559912977624816,4.0926386087786515,186.67594294467423,2.334920617636521,20.478850142575936,6.666997962309794,4.245694469475728,35.815326612465824,0.012903192038816957,3.8829339288540865,0.5345571136188929,0.7476487778664547,271.483952226989,1.669676790392316,7.329499824843026,4.051999286969985,1.3135219048309088,307.2992788394548,1.7598121276204564,8.11894797564874,4.5865564005888775,1.394058978668146
c<A>r<438>R<GLN>,68.74536519697283,1.5028903228128565,3.641279239983773,1.762701671717252,0.4729464033746261,35.30094850092321,2.6302256606003853,5.9587448159378145,3.9223276112136904,1.1131069099720912,43.885710100247366,2.5843194774580915,5.807750994614814,3.989610009113397,0.755326659020675,75.4219267008804,1.324434137945412,3.641279239983773,1.5392229938955184,0.3379834215272284,83.19648410252782,1.2205340439528178,3.130719992907838,1.6313036098534865,0.42970520607509705,58.14542779348224,2.2320988610473607,5.143064791880674,2.768829894927726,0.7078810306922474,89.81500146526099,1.2205340439528178,3.072675851733426,1.4723770732009998,0.2661697553778271,14.821756620940628,0.013523192176158716,3.591379489287519,0.7800924537337173,0.9709112618134622,99.2722653245426,3.4480074911180623,9.892675376432763,5.224856069712769,1.4797727286140014,114.09402194548323,3.8649454273292116,10.287204374847471,6.004948523446486,1.430120878434134,3.843188115690971,0.023851635779141844,1.507936428080475,0.5490268736701387,0.44118897575674043,70.31259988193695,6.845215176191122,14.789658683997061,10.044657125990993,2.85316165268315,74.15578799762793,7.462951411452339,14.998968091901176,10.593683999661133,2.7420116228936466,12.59752608451993,0.012749691476351188,2.909352392032554,1.049793840376661,1.016973577609454,89.0924999431383,4.347701985596419,9.359975935274079,7.424374995261524,1.7021951335045529,101.69002602765825,5.530588433828493,11.845896776532824,8.474168835638187,1.929604275774436,12.815413755139456,0.012544714806679735,2.4998010913970017,0.49290052904382525,0.7398845415804862,128.5998925141697,1.7295217564201835,9.892675376432763,4.94614971208345,1.7016650815244652,141.41530626930918,1.7598121276204564,9.927521361570916,5.439050241127276,1.7046388502650656,20.42093628321073,0.015320976230457362,3.4715809512817657,0.7563309734522492,0.9137731472491321,107.71471154888438,1.669676790392316,7.329499824843026,3.989433761069792,1.3902664985755646,128.13564783209512,1.8710300039406607,8.11894797564874,4.745764734522042,1.4333449183812237,10.072643969855115,0.011202518675826667,1.9278068492495173,0.4196934987439631,0.4910392314504239,137.7185024056373,2.3069927287588285,11.235605609636437,5.738270933568221,2.7388804383422976,147.7911463754924,2.548733236176891,11.251464292218216,6.157964432312183,2.8143888837707363,18.55397212877079,0.012903192038816957,3.8829339288540865,0.5457050626109057,0.8830559321045722,128.0070420269299,1.6010623274592604,7.783636544431951,3.7649130007920557,1.552618034410808,146.56101415570066,1.615097937609551,8.11894797564874,4.310618063402961,1.6453333650907556
c<A>r<459>R<ASP>,84.37927651922593,1.354676379445915,3.9682722311926795,1.962308756261068,0.717073402275728,49.978974116351786,2.139743773784943,4.421590487972695,3.3319316077567858,0.6538528794565013,44.451105024714,2.2084454541420238,4.825037486440328,3.7042587520595003,0.8403740110069112,95.15542119979028,1.3196747228113799,3.9121628996666917,1.612803749148988,0.5589691110376732,98.25123894768532,1.2246836307203801,3.520063796124656,1.754486409780095,0.5959915015974223,71.84836502625681,2.139743773784943,3.2937272163802023,2.5660130366520293,0.34078883312145813,109.2370479273616,1.2246836307203801,3.4429383077633893,1.5171812212133555,0.4253534625527884,23.87827036168062,0.012401750040263337,3.3339865279114678,0.5426879627654686,0.6915512561637358,208.83732244490648,1.2108033104268543,11.036080757226046,4.746302782838783,1.6834462186934938,232.71559280658707,1.333872463916486,11.235159175577191,5.288990745604251,1.7179800727125747,15.9679894871458,0.02401987259065308,5.314420977031084,0.79839947435729,1.2888374915670495,122.46479989020895,3.564865425814787,9.503147078435177,6.123239994510447,1.6134379071073506,138.43278937735474,3.90771881946584,10.800753886556201,6.9216394688677365,1.7085740572969432,14.81926407844075,0.027847561776186858,6.985155422608763,1.3472058253127954,1.9908025611457223,71.34264882322077,3.9138680113765076,12.516147437393556,6.485695347565525,2.119764748022957,86.16191290166152,4.685827025103117,12.97110004599191,7.83290117287832,2.687109533307501,25.666049665524394,0.010062750399651321,3.3430157737093094,0.4752972160282295,0.700947866207161,218.04753484233743,0.4742988738189524,11.036080757226046,4.0379173118951375,1.6252706649607183,243.7135845078618,1.2999360971298741,11.046143507625697,4.513214527923367,1.6203558185583464,28.512902277476663,0.012401750040263337,2.241885430803766,0.5091589692406547,0.6077364873326664,218.44118248333098,1.2108033104268543,9.363764075746076,3.900735401488053,1.4773985059979733,246.95408476080763,1.333872463916486,9.380388664344576,4.409894370728708,1.449015787460774,19.726842916388282,0.012256047114582724,3.492441295429604,0.5636240833253795,0.8088797846656915,128.5508838230237,2.0173001520024627,6.084905863205677,3.6728823949435343,1.1061149389319622,148.277726739412,2.694411501915557,6.918543515154784,4.236506478268915,1.2750117894091435,30.776740725484153,0.012256047114582724,3.3936027979063246,0.4593543391863306,0.6275841573235077,217.39772608846806,0.4742988738189524,9.363764075746076,3.2447421804248964,1.3597182889431614,248.17446681395225,1.2999360971298741,9.380388664344576,3.7040965196112277,1.373388102957572
c<A>r<460>R<ASN>,73.4220942021008,1.354676379445915,3.8325053513032663,1.83555235505252,0.6548429503674775,49.02957701610472,2.139743773784943,4.421590487972695,3.2686384677403146,0.6276388068575943,46.001724801599856,2.2084454541420238,5.175384605821923,3.833477066799988,0.907713349422546,88.12741661349645,1.3196747228113799,3.6360774185242652,1.573703868098151,0.48850168114308884,93.71608564775242,1.2246836307203801,4.388446446193672,1.7682280310896683,0.6503798825306651,74.50385191798952,2.139743773784943,4.66600652824935,2.6608518542139117,0.5409497542991442,108.87073606833657,1.2246836307203801,4.388446446193672,1.5778367546135734,0.5562221824222492,18.389479275713466,0.020200956528896086,2.493374602929743,0.5572569477488929,0.6154258588599365,143.74526801596335,0.4893672406697078,11.036080757226046,4.35591721260495,1.703915143977024,162.1347472916768,1.333872463916486,11.235159175577191,4.913174160353843,1.691357015730215,14.223323996021529,0.02401987259065308,5.314420977031084,0.7901846664456404,1.3288746641667273,114.4562024586628,4.289026651277709,9.503147078435177,6.358677914370156,1.5091327698096815,128.67952645468432,4.505790192602708,10.800753886556201,7.148862580815796,1.63446419247973,11.49772147016185,0.027847561776186858,6.985155422608763,1.149772147016185,1.9970171707490583,69.67683754696645,4.5511111427777,12.516147437393556,6.967683754696646,2.3630676761847567,81.1745590171283,5.364791990197889,12.97110004599191,8.11745590171283,2.6732671178681007,21.752487616792106,0.010062750399651321,3.3430157737093094,0.5179163718283835,0.6817148955220943,169.40568806585588,0.4742988738189524,11.036080757226046,4.033468763472759,1.9390368730105627,191.15817568264796,1.2999360971298741,11.046143507625697,4.551385135301142,1.8902564724240625,26.78744959993857,0.020200956528896086,2.241885430803766,0.5466826448967055,0.600725939229058,181.25224908670543,0.4893672406697078,7.293280688705636,3.699025491565417,1.3562958711621351,208.03969868664402,1.333872463916486,7.638414087031222,4.245708136462123,1.3787727645995564,18.59727259133404,0.012256047114582724,2.6890970170215276,0.5999120190752916,0.7470611699883747,128.4880201087501,2.0173001520024627,15.909050409053634,4.144774842217745,2.486789731131441,147.08529270008418,2.694411501915557,15.989650081493618,4.744686861293038,2.510550329392353,31.77896677381094,0.012256047114582724,3.3936027979063246,0.5479132202381196,0.6631817209040404,186.79863067755332,0.4742988738189524,7.293280688705636,3.2206660461647125,1.4342603187784118,218.57759745136428,1.2999360971298741,7.493145567492697,3.7685792664028326,1.4806108853452464
c<A>r<513>R<ALA>,137.04816966671476,1.3842896712526411,4.196642967506201,1.9578309952387822,0.7861450201551478,64.86327829374756,2.286717887348668,5.428962984345546,3.603515460763753,0.8461564767230212,67.65463195760239,3.003863343229744,4.7982008009192985,3.9796842328001407,0.590337449031832,152.83623894811578,1.3222924362711321,3.9289242285448274,1.7172611117765817,0.6774538065911839,164.70638153280504,1.2248009805039493,4.054769690668191,1.871663426509148,0.7409837888261968,100.69898525576524,2.232191429205826,4.8598415865481455,2.797194034882368,0.6216658286405153,178.21405151248558,1.2248009805039493,3.9289242285448274,1.6655518832942577,0.5982726814786197,52.791464702587405,0.01001052372413902,3.6776875165592884,0.5386884153325245,0.7383898663201925,503.2010082455786,0.48927899354953297,11.034163566827374,5.13470416577121,1.6165656055347468,555.992472948166,1.9221961545499724,11.118126841987907,5.673392581103735,1.5841063984788006,20.169289070582536,0.017114879969643226,2.5789894005770186,0.7757418873300975,0.7359325961922487,207.3090831926304,1.3244255371628242,15.973879694229254,7.97342627663963,3.433211203842027,227.47837226321292,1.7537487261533933,16.04635280481075,8.749168163969728,3.3658924657052687,21.245273889731486,0.01204093133279649,3.5534256320590423,0.8171259188358264,0.8328236657588891,187.66670364216475,2.706895659899601,13.088638448120946,7.21795014008326,2.310799904324327,208.9119775318962,3.438163270295731,13.333529771085328,8.035076058919085,2.3344193082030595,52.104185085160694,0.010441469317770569,3.4305040697642593,0.46521593826036334,0.6338570804448043,530.6390630296012,0.48927899354953297,11.034163566827374,4.737848777050011,1.5059999260942578,582.7432481147619,1.9221961545499724,11.118126841987907,5.203064715310374,1.5017680942639615,68.10005519526693,0.011507726541249319,3.6188992063819185,0.5536589853273735,0.7263034672845117,545.0301886067125,0.48927899354953297,11.034163566827374,4.431139744770021,1.633798051086554,613.1302438019793,1.9221961545499724,11.118126841987907,4.984798730097393,1.5790945358467987,27.228499205023343,0.013291605152642383,3.2879317547457383,0.5137452680193084,0.7355443908561261,264.0393867308412,1.3244255371628242,11.952784095611605,4.981875221336627,2.367294039587589,291.2678859358645,1.7537487261533933,12.179180010512255,5.495620489355934,2.379387181169785,65.32169158134472,0.011507726541249319,3.513914571925886,0.483864382084035,0.6988995814077874,563.5497049012965,0.48927899354953297,11.034163566827374,4.1744422585281225,1.548231358012846,628.8713964826412,1.9221961545499724,11.118126841987907,4.658306640612158,1.5129714701523513
c<A>r<514>R<TYR>,120.41305413226426,1.3842896712526411,4.196642967506201,1.9113183195597503,0.7569152108762834,56.44360421339601,2.286717887348668,5.37671465048223,3.762906947559734,0.9637482171681276,46.027465819544254,3.1685292816427713,5.0969033706336235,4.184315074504023,0.6148520156486461,131.07097523900026,1.3222924362711321,3.9143407279968163,1.6591262688481045,0.5705956293066928,135.8739543556326,1.226014390039,3.9143407279968163,1.811652724741768,0.7018686401563966,75.33026890088695,2.242672647332139,4.7982008009192985,2.7900099592921093,0.5856721423605159,146.10168903716328,1.226014390039,3.9143407279968163,1.6055130663424537,0.5202307861605434,44.86157656023131,0.010675377737753067,4.998443154751872,0.6597290670622252,1.0484750040412658,347.78136213199286,0.49110859265147155,14.483565821907405,5.114431796058718,1.9275660916864987,392.64293869222416,1.9221961545499724,14.525136608755801,5.774160863120944,1.968087914251321,21.392817223897477,0.26995671362324813,5.704428150459616,1.3370510764935923,1.42302329183005,115.43641396316389,1.3244255371628242,16.37384327719701,7.214775872697743,3.687036622841156,136.82923118706137,1.7537487261533933,19.49863345347559,8.551826949191335,4.346244709950287,9.593531480450224,0.048149284017521055,1.8760652968949447,0.7994609567041854,0.5199180209230234,76.56570285612179,2.706895659899601,11.952784095611605,6.380475238010149,2.078612384976027,86.15923433657203,3.438163270295731,12.179180010512255,7.179936194714336,1.9425844231659537,46.85136105418345,0.010675377737753067,4.998443154751872,0.6331265007322088,1.094123902549306,342.3447864471377,0.49110859265147155,14.483565821907405,4.6262808979342935,1.8698889002872925,389.19614750132115,1.9221961545499724,14.525136608755801,5.259407398666502,1.9578625046880767,47.60373428442557,0.011507726541249319,3.7838233878983054,0.6347164571256743,0.9267165037119921,334.86605069604116,0.49110859265147155,14.483565821907405,4.4648806759472155,2.0485438018291218,382.4697849804667,1.9221961545499724,14.525136608755801,5.09959713307289,2.0346621657075605,18.539792852082968,0.019803616578593974,3.12479017627858,0.5793685266275928,0.8706362430762523,157.75997853292665,1.3244255371628242,16.37384327719701,4.929999329153958,3.0341288499590577,176.29977138500962,1.7537487261533933,19.49863345347559,5.509367855781551,3.420722991153334,47.42945739830161,0.011507726541249319,4.5445033745994206,0.59286821747877,1.006269592485531,325.86489124799937,0.49110859265147155,14.483565821907405,4.073311140599992,1.9370997159131216,373.294348646301,1.9221961545499724,14.525136608755801,4.666179358078763,1.952360102134308
c<A>r<516>R<LEU>,141.65911754401327,1.389129698062506,3.8469455406831092,1.7931533866330793,0.5952203077010946,44.679818140918066,2.951240301205692,5.2994965900663,3.723318178409839,0.641952178624295,48.7902799283948,3.278515302257425,6.291767610586708,4.4354799934904365,0.7635581978048394,147.26920552325947,1.3239497506504159,3.652609298994613,1.6007522339484725,0.5009430479112162,155.59490326375817,1.2245222543420087,3.652609298994613,1.7098341017995404,0.5504117976608932,66.9965172826093,2.242672647332139,6.291767610586708,2.7915215534420543,0.7988605335384832,159.84953279043782,1.2245222543420087,3.652609298994613,1.5370147383695945,0.40441753100561395,55.21887352519106,0.010187369367979926,4.485974807491166,0.5577663992443541,0.7857223799463365,506.71800790188706,0.48927899354953297,14.483565821907405,5.118363716180677,1.6390757951845876,561.936881427078,1.9250828919173437,14.655529233959678,5.67613011542503,1.5657542484948903,13.411051243252162,0.01654795399624298,2.8231502616059085,1.0316193264040125,0.9714413001420595,94.55685631038273,5.265710896134124,8.967211695629203,7.273604331567902,1.049459880641982,107.96790755363489,6.459600241834744,10.625530649921973,8.305223657971915,1.2810570500252865,17.98512392527088,0.05064534050692515,11.517597066461839,1.798512392527088,3.2637168393873957,97.23635924184754,5.490613323915795,27.89668395412542,9.723635924184753,6.700815255844967,115.22148316711841,6.5851042287656245,28.598168265380913,11.52214831671184,6.7517236210721805,55.54272530729664,0.010187369367979926,4.04407601642605,0.5340646664163139,0.7337487753495598,508.03628046694183,0.48927899354953297,14.483565821907405,4.884964235259056,1.5754242768410223,563.5790057742385,1.9250828919173437,14.655529233959678,5.41902890167537,1.5025247328671294,56.568547782772384,0.01170000833559115,4.184763645897503,0.5286780166614241,0.7217094594975108,488.7898021400895,0.48927899354953297,14.483565821907405,4.568128991963453,1.7419168410935828,545.3583499228617,1.9250828919173437,14.61354916151225,5.096807008624876,1.6519712485201268,13.896986543387586,0.029230015228121076,5.765249831515991,0.6042168062342429,1.2297179633331632,102.94599136737486,2.124097146019267,12.912205936868816,4.475912668146733,2.810428556143805,116.84297791076246,2.8685996505349967,12.941435952096937,5.080129474380977,2.8128059232057177,55.75977438672602,0.01027584547364313,4.582599423445481,0.5575977438672602,0.7454309582382542,445.65981373843954,0.48927899354953297,14.483565821907405,4.456598137384395,1.7047748213122564,501.4195881251656,1.9250828919173437,14.61354916151225,5.014195881251656,1.5799286062181512
c<D>r<2>R<GLN>,93.59697587222213,1.3621314429613334,3.49054142536879,1.7332773309670766,0.48916296495311523,42.42989177429856,2.82162112265807,5.51645791525598,3.8572628885725964,0.7385452326107048,57.720271121558426,2.208714169608126,5.188396165571815,3.848018074770562,0.7250702853506747,100.7445206605277,1.3154373879124763,3.49054142536879,1.5264321312201166,0.35262588981754617,113.45367536564791,1.2144454656740886,3.45599211014704,1.6207667909378274,0.4650651248418652,73.31166626750444,2.203866921248427,4.343093739217953,2.7152468987964604,0.5952296547718522,119.55772067892626,1.2144454656740886,2.881356716902474,1.4580209838893445,0.24739952920660627,28.37673205349862,0.010709068267695798,3.2224688452577297,0.49783740444734426,0.7700859291405356,278.0693001664504,0.48100572147541243,8.551906407348724,4.878408774850007,1.3860400736065923,306.44603221994896,1.8843058417654626,8.640839191513077,5.37624617929735,1.297877624320662,9.710958222476023,0.07913971663250763,3.2868869009315844,0.7469967863443094,0.8627756991811854,96.59804080847971,5.138010167885113,9.609873047692417,7.430618523729208,1.2986444768812864,106.30899903095575,6.645601699890934,10.195987141346375,8.177615310073518,1.1640044844239628,19.665603045806115,0.0810961883976864,2.1796786093207494,0.8550262193828746,0.6410561495522475,156.95619509837934,3.6844751581274977,9.89625526644977,6.82418239558171,1.6728160585901344,176.62179814418545,3.765571346525184,10.864502885239796,7.679208614964585,1.902753195545964,28.539378558221117,0.010811323429707365,2.8589252912395295,0.4603125573906632,0.6446029636845605,288.00200981241755,0.48100572147541243,8.551906407348724,4.645193706651896,1.3398650903998734,316.5413883706387,1.8843058417654626,8.640839191513077,5.1055062640425595,1.2669604142734205,34.48688425869604,0.010084427580435928,2.587494784280932,0.44213954177815434,0.5623412561955099,284.10200330583484,0.48100572147541243,7.006540038015601,3.642333375715831,0.9501200997289458,318.5888875645308,1.8843058417654626,7.016624465596037,4.084472917493985,0.9554099743982168,20.27347336650294,0.012110942929508539,4.254143482762492,0.5631520379584151,0.8599157024757348,170.92519310794614,2.15631007167849,9.160287653192654,4.747922030776282,2.236904252602219,191.19866647444906,2.6287609142168575,10.079174938063645,5.311074068734696,2.250862000557239,33.42255304125037,0.010084427580435928,3.4719272353650226,0.45165612217905904,0.6288811280382806,259.5261781814029,0.48100572147541243,7.006540038015601,3.5071105159649036,1.0688089168566142,292.94873122265324,1.8843058417654626,7.016624465596037,3.958766638143963,1.0523002663291292
c<D>r<3>R<ILE>,133.62161702991554,1.3621314429613334,3.500224740456694,1.8056975274312912,0.5278868526054604,56.333237939547686,2.82162112265807,5.51645791525598,3.755549195969846,0.6352498702850834,73.82478900457897,2.918456710674947,5.188396165571815,3.8855152107673145,0.5454499021539462,141.07341621039726,1.3135502221216278,3.500224740456694,1.5674824023377474,0.4105983596852394,159.91153525514198,1.2144454656740886,3.500224740456694,1.701186545267468,0.5133054632884444,93.71786768576527,2.203866921248427,4.282622777465852,2.677653362450436,0.4887533247195525,166.33098590523508,1.2144454656740886,3.500224740456694,1.5120998718657734,0.3474870128257733,54.99441439424038,0.010811323429707365,3.2224688452577297,0.5977653738504389,0.8425637602698385,453.10753019265735,0.48100572147541243,8.551906407348724,4.925081849920189,1.175380704724773,508.1019445868978,1.8843058417654626,8.640839191513077,5.522847223770628,1.1235129089339582,15.12318284120005,0.049436939169359206,3.2868869009315844,0.7959569916421079,0.8898593725507797,138.05327908815434,5.138010167885113,9.609873047692417,7.265962057271281,1.2758476187027008,153.1764619293544,6.7485118981953125,10.195987141346375,8.061919048913389,1.0557124270484686,26.999411765386746,0.1503974404351558,2.864375641686207,0.8709487666253789,0.6762026152446935,202.7043331352279,3.978532356537471,9.89625526644977,6.538849455975093,1.5837970873582286,229.70374490061465,4.589770071250154,10.864502885239796,7.409798222600473,1.6813829155886542,53.031022866098944,0.010811323429707365,2.982598800670911,0.5467115759391644,0.7354686002686189,456.20360631260655,0.48100572147541243,8.551906407348724,4.703129961985635,1.1594029796748253,509.2346291787055,1.8843058417654626,8.640839191513077,5.249841537924799,1.1413026713995522,59.914816677193414,0.010084427580435928,2.810240140718811,0.4793185334175473,0.6388523690707448,495.48850919319557,0.48100572147541243,7.006540038015601,3.9639080735455647,1.038985944381036,555.4033258703889,1.8843058417654626,7.0436137467233335,4.443226606963111,1.0852235522165874,27.813973295783907,0.010703857400368832,4.3709359960274465,0.6321357567223616,0.9124688115730427,193.74582072837825,2.0435910216701814,9.160287653192654,4.403314107463142,2.1883279937864226,221.55979402416216,2.6287609142168575,10.079174938063645,5.035449864185503,2.162368707043791,58.3886789691819,0.010084427580435928,3.588719748629977,0.4906611678082513,0.6812322249358668,456.6961506196826,0.48100572147541243,7.006540038015601,3.8377827783166607,1.1795588115493976,515.0848295888645,1.8203781792209242,7.0436137467233335,4.328443946124912,1.2184327474466834
c<D>r<4>R<PHE>,118.59847788048295,1.3621314429613334,3.596210557709679,1.7188185200069992,0.47447939901255104,48.6216240600397,2.82162112265807,5.202755682017903,3.7401249276953616,0.5953469508359502,68.68297338159908,2.2035326580266386,5.188396165571815,3.815720743422171,0.6861470231009922,127.6763455794912,1.3135502221216278,3.596210557709679,1.5382692238492914,0.3501598009901187,143.00007327831108,1.2202640136907068,3.2725554763187183,1.6250008327080805,0.42579328105380376,84.52123133215827,2.2035326580266386,5.188396165571815,2.641288479129946,0.5391999734148396,151.00849791639376,1.2202640136907068,2.7080157630504407,1.4804754697685663,0.24404215201680662,43.42597804918721,0.012770471408497741,3.3008900093928073,0.49914917297916334,0.7855767537013586,456.4209519830938,0.48100572147541243,8.483822091001684,5.246217838886135,1.2445071347467926,499.846930032281,1.8843058417654626,8.52807693876145,5.745367011865299,1.1461765746371018,13.170324131038099,0.049436939169359206,3.2636178365838617,0.8780216087358732,0.9659726726725546,112.78297882528295,5.138010167885113,18.17505511341915,7.518865255018864,3.0633196633176074,125.95330295632104,6.296374758302052,18.42744844147501,8.396886863754736,2.8986455231318433,27.268207853874998,0.048867810103066844,7.037464703401453,1.0099336242175925,1.3073184278075647,170.1895540129442,3.978532356537471,9.219083064879896,6.30331681529423,1.418312941453966,197.45776186681917,4.589770071250154,15.160116940112927,7.313250439511821,2.0464636745187907,43.754238150525154,0.012770471408497741,2.982598800670911,0.5335882701283555,0.7450313298658665,407.3735755635298,0.48100572147541243,8.483822091001684,4.967970433701583,1.2351193377376752,451.127813714055,1.8843058417654626,8.52807693876145,5.5015587038299385,1.1271673358188865,49.084107980486934,0.010084427580435928,2.9520454519249597,0.45448248130080493,0.6443675577253156,443.4437358344992,0.48100572147541243,9.198784886159274,4.105960516986103,1.245064409065212,492.52784381498606,1.8843058417654626,9.229885683451476,4.560442998286908,1.2262831224970518,29.31178271622386,0.010703857400368832,8.5747563691239,0.9455413779427052,1.7416451506268404,132.6582877353153,2.0298226879276626,9.219083064879896,4.27929960436501,2.182541217341001,161.97007045153916,2.6287609142168575,12.621929449363318,5.224840982307715,2.534225355576315,49.60024420458757,0.010084427580435928,3.7867337437379662,0.5333359591891136,0.8233844848363586,372.7500900378618,0.48100572147541243,9.198784886159274,4.008065484278084,1.415845098390662,422.3503342424493,1.8843058417654626,9.228102537295435,4.541401443467197,1.3366558817565262
c<D>r<5>R<VAL>,138.70294920352555,1.3450611786735254,3.916816919765305,1.8250388053095468,0.618877120698103,58.703416749977634,2.1461145160769797,4.490085421960223,3.4531421617633904,0.5645776605191146,63.15747604474939,3.273899302428559,4.426420370501213,3.9473422527968367,0.35208738894915564,149.40374541809544,1.3135502221216278,3.916816919765305,1.5894015470010152,0.49988761555644223,161.90552820535865,1.2227549122564212,3.916816919765305,1.740919658122136,0.6038244414983258,88.27932274924245,2.1461145160769797,3.155996051677158,2.596450669095366,0.3208909478159499,171.53740688436383,1.2227549122564212,3.916816919765305,1.5453820440032777,0.4558017220420273,61.68544475430873,0.012770471408497741,3.0999203172190564,0.5819381580595163,0.7473763395968461,530.8789971905858,1.202823440231441,8.483822091001684,5.008292426326281,0.989015036794578,592.5644419448946,1.3260678384238367,8.52807693876145,5.5902305843857985,0.9426531249133733,17.031188551024137,0.04746392124788912,3.2636178365838617,0.6307847611490421,0.8029699584693691,192.99425548987733,4.526176949822911,18.17505511341915,7.147935388513975,2.549207927537168,210.02544404090148,4.692439800518728,18.42744844147501,7.778720149663018,2.432373696051893,20.69432195279201,0.048867810103066844,2.0391420665847146,0.8277728781116803,0.5626800756972189,153.62960366675838,4.63728341958722,13.120974873528212,6.145184146670335,1.6871962981662112,174.3239256195504,5.875706783914374,15.160116940112927,6.9729570247820165,1.7862671921791142,63.77835488552989,0.012770471408497741,3.0999203172190564,0.6252779890738225,0.7371689551334479,471.2257822468657,0.4744872995697733,8.483822091001684,4.619860610263389,1.0102336746114748,535.0041371323956,1.303683415113062,8.52807693876145,5.245138599337212,1.016348419903716,65.68787442562017,0.012770471408497741,2.9275616572669563,0.4976354123153043,0.6262926679221874,551.4960291414204,1.202823440231441,8.483822091001684,4.178000220768337,1.0160598178187308,617.1839035670405,1.3260678384238367,8.52807693876145,4.67563563308364,1.0842735584731453,29.839424800852484,0.010703857400368832,3.898606988472343,0.6781687454739201,0.9784074167695155,192.43468999771812,2.0298226879276626,10.795943115631417,4.373515681766321,2.0098385411551414,222.2741147985706,2.7246537661049066,12.427872548279415,5.05168442724024,2.1168128499309216,67.73332560701365,0.012770471408497741,3.1625213897142244,0.5740112339577428,0.7556945465912326,471.50642223730983,0.4744872995697733,8.483822091001684,3.9958171376043206,1.2113152108785148,539.2397478443235,1.303683415113062,8.52807693876145,4.569828371562063,1.2285400476829023
c<D>r<6>R<LYS>,118.43283653478292,1.3450611786735254,3.596210557709679,1.8220436389966603,0.518715059346872,59.67890233605406,2.1461145160769797,4.30220555111388,3.1409948597923187,0.5375670630228407,69.82564171946427,2.96974103603172,6.412031662901738,3.8792023177480153,0.7358506648943167,129.67703202908774,1.1725751971437104,3.585386303903461,1.5256121415186794,0.3393347914969927,145.10805559244542,1.2155382289759284,3.585386303903461,1.7274768522910169,0.5205249221900357,101.58639603948197,2.1461145160769797,4.023517406568247,2.673326211565315,0.42384040631421005,156.6144412318519,1.1725751971437104,3.585386303903461,1.505908088767807,0.3649762444513046,41.54753870569359,0.01346914424561163,3.848550905212515,0.5259182114644758,0.8016708241492398,392.4639278320376,1.202823440231441,8.483822091001684,4.9678978206587034,1.3348352561235453,434.0114665377312,1.3260678384238367,8.52807693876145,5.49381603212318,1.240105740346409,16.904992020826985,0.013962965199534771,3.6994764407747542,0.5453223232524834,0.8062461416922417,181.4714594979091,1.3454754252716157,10.795943115631417,5.853918048319649,1.872294642945691,198.37645151873613,1.7794466909404392,11.173984222338424,6.399240371572133,1.8519702656739776,30.845540974292618,0.048867810103066844,7.037464703401453,1.2338216389717047,1.5510358183245647,177.48479383125868,4.5681266315777975,19.407368033997955,7.099391753250347,3.4970384029965698,208.33033480555133,5.189162012595412,20.378908687905394,8.333213392222053,3.8627442175892206,40.807097028885536,0.010784024708275552,2.95443118220647,0.49165177143235583,0.6871119578303063,369.06393746429103,0.4744872995697733,8.483822091001684,4.446553463425193,1.3679867621860036,409.8710344931766,1.303683415113062,8.52807693876145,4.938205234857549,1.3247040802537828,50.11237298931301,0.013179559344421499,2.9520454519249597,0.47275823574823594,0.621356184558583,424.6050652819745,1.202823440231441,9.198784886159274,4.005708163037495,1.2952998874987642,474.71743827128745,1.3260678384238367,9.229885683451476,4.478466398785731,1.2709760667054537,39.90952894351078,0.012210852207349632,7.662719274623774,0.5956646110971758,1.0974343848008152,270.8177083609489,1.3454754252716157,10.795943115631417,4.042055348670879,1.8630415539306664,310.7272373044597,1.7794466909404392,12.427872548279415,4.637719959768056,2.0200909066358896,50.50923613854721,0.010784024708275552,3.1910018076688846,0.4509753226656001,0.655317947195706,428.8289922511767,0.4744872995697733,9.198784886159274,3.828830287956935,1.5136397956929526,479.3382283897239,1.303683415113062,9.228102537295435,4.279805610622534,1.4372724169641857
c<D>r<7>R<THR>,123.54825321457517,1.4676278685464335,4.138935260842614,1.961083384358336,0.6906343416780786,56.30344662611304,2.302245469479159,6.7083699395630925,3.311967448594885,0.9439165856600874,59.570851218355884,2.197315879308554,5.5418929744289676,3.7231782011472427,0.7996648467538696,135.47863588560134,1.1725751971437104,4.138935260842614,1.6725757516740904,0.6038060236092262,142.71207836903847,1.2155382289759284,4.138935260842614,1.7839009796129808,0.6408492649983922,93.3117101590934,2.197315879308554,5.5418929744289676,2.744462063502747,0.7061651497754161,154.72639865535004,1.1725751971437104,4.138935260842614,1.5788408026056127,0.5327557226475805,45.08274982831457,0.012460298276880444,3.848550905212515,0.6440392832616367,0.913113131155165,363.7604242309153,1.7750567764744574,10.434887087364814,5.196577489013076,1.4914818493641693,408.84317405922985,2.399331614105783,10.95269148816875,5.840616772274712,1.3958584854639193,15.153946748953079,0.013962965199534771,3.6994764407747542,0.6061578699581232,0.9145648007088785,156.58940581170236,1.3454754252716157,14.95389550775235,6.263576232468094,2.880532885836804,171.74335256065544,1.7794466909404392,15.007478821368448,6.869734102426218,2.9647405399393176,19.876787330757402,0.02940017142174689,3.9700298807266616,1.0461467016188106,1.1596153213727718,136.78133540082626,4.645132585553483,12.887536450508378,7.199017652675066,2.493547401247485,156.65812273158366,5.660553897602877,13.11250863139211,8.245164354293877,2.4175113443363507,45.46390878850218,0.010784024708275552,4.818663143476204,0.5904403738766517,0.9044552607964559,348.4463509263667,1.603890982147277,11.250556811508432,4.525277284758009,1.5471567221674238,393.91025971486886,1.7568563785670739,11.285532344109255,5.115717658634661,1.6056396685472514,48.33416397596123,0.013417797753750627,3.62683474069482,0.5370462663995692,0.7412072645018315,376.71604788441846,1.5946597958832172,10.434887087364814,4.185733865382427,1.513528793533103,425.0502118603797,1.8805632476146532,10.474991729875537,4.722780131781997,1.5072835820080062,29.990502114316044,0.012210852207349632,3.5197316229566873,0.5553796687836304,0.7519214484619017,222.29794514845207,1.3454754252716157,18.900428695725168,4.1166286138602235,2.7765033539369224,252.28844726276813,1.7794466909404392,20.15486127235747,4.672008282643854,2.935145987374265,50.31623267804622,0.010784024708275552,3.6269041524738626,0.49818052156481407,0.7717890917022113,389.02581459868065,1.5946597958832172,7.678144435006288,3.8517407386007987,1.4553253607016214,439.3420472767268,1.7568563785670739,7.826813512273258,4.349921260165612,1.5015644135572128
c<D>r<8>R<LEU>,119.77455270534628,1.387387549515582,4.041987598949599,1.8426854262360965,0.6206029066989138,64.78754511120937,2.302245469479159,6.7083699395630925,3.409870795326809,0.992635844806494,69.7926914507375,2.1897958407971996,5.4784763002711445,3.4896345725368745,0.8213180627936095,135.29710544760175,1.1725751971437104,3.6457632632924923,1.5917306523247265,0.44350547163931064,146.66451914562617,1.2155382289759284,4.041987598949599,1.7054013854142578,0.5885511531511324,106.54413178899394,2.1897958407971996,4.242201590683908,2.6636032947248482,0.4494910980646447,162.4851668818197,1.1725751971437104,3.6457632632924923,1.5328789328473558,0.424415021251683,42.073692588983846,0.011947766766670753,4.369509894111147,0.8586467875302826,1.0673580076013984,253.5220208449707,1.7750567764744574,12.668980647026274,5.173918792754504,2.3524231345480042,295.5957134339546,2.399331614105783,13.811112843562814,6.032565580284787,2.4876400836755734,18.750994143332505,0.013962965199534771,3.271821933441096,0.6465860049425002,0.8922968607155237,281.9686619346937,1.3454754252716157,21.565217767961485,9.723057308092887,5.224134589878601,300.7196560780263,1.7794466909404392,21.76427488760643,10.36964331303539,5.323468678955023,23.452948208707582,0.02940017142174689,4.627618805973844,0.8087223520243993,1.0230869959996307,229.71811836869801,3.6599944474564836,16.89434241396725,7.921314426506828,3.185029247548307,253.1710665774056,4.5926774102672345,17.0929759443085,8.730036778531227,3.0180361955507284,43.7356115126092,0.010784024708275552,4.690602497735327,0.6833689298845188,1.0145770170517767,282.0512260969401,1.603890982147277,11.250556811508432,4.4070504077646895,2.0304280291350283,325.7868376095493,1.7012232347751892,11.849494473424537,5.090419337649208,2.215297226155358,48.32481996963182,0.011947766766670753,3.1788593067803914,0.5554577008003657,0.699240351580365,362.16617598057655,1.4862377537194789,9.801603715562123,4.162829608972144,1.8202561013501994,410.4909959502084,1.8805632476146532,10.706082555332227,4.71828730977251,1.8576322910742253,32.32839208273744,0.012210852207349632,4.101457263325539,0.5131490806783721,0.6789355662800669,290.33260370564426,1.3454754252716157,15.774557252106206,4.608454027073718,2.612719301112568,322.66099578838174,1.7794466909404392,15.790696473864417,5.121603107752091,2.671537091244121,51.7107733276408,0.010255120230477033,4.101457263325539,0.4617033332825072,0.7365946229860268,425.75995896278664,1.1500788474131696,10.953217459289817,3.8014282050248807,1.655902886372578,477.4707322904274,1.7012232347751892,10.975997669866587,4.263131538307388,1.7409583923979874
c<D>r<9>R<THR>,93.74107857514291,1.3858704307494834,4.415002320611064,1.8380603642184883,0.6250796056903475,45.84952964147967,2.297856312661552,6.158359748871142,3.2749664029628334,1.046822873404115,64.67945159132556,2.1897958407971996,5.705029240089245,3.5933028661847533,0.7883141935460897,103.51293274267367,1.3187606844073119,4.415002320611064,1.5683777688283889,0.4985890519982255,125.57709032983763,1.2155382289759284,4.0772650463695355,1.7939584332833947,0.6910569737801822,91.68793690327824,2.1897958407971996,4.163732224164892,2.778422330402371,0.594005031500088,134.10660006354456,1.2155382289759284,3.8515265489357806,1.577724706629936,0.5418959583669142,25.468398856303963,0.011326423034487831,3.848550905212515,0.6702210225343148,0.9062670663848718,195.20067651287945,0.49137368618403343,12.24917594056842,5.13685990823367,2.4962882317077577,220.66907536918342,1.9242202829823856,12.979377748665016,5.8070809307679845,2.353261172957836,5.1915192723512655,0.013962965199534771,2.386404763476257,0.3244699545219541,0.5657367177891385,113.22122161338098,1.3454754252716157,13.136902718227475,7.076326350836311,3.5670670268638625,118.41274088573223,1.7794466909404392,13.151481190627788,7.400796305358265,3.424482442915977,22.787704207286033,0.045989069809822425,3.936533157613084,0.990769748142871,1.0859676699333325,170.60263194897226,4.359532491134814,12.604654689465178,7.417505736911838,2.2944627027494118,193.39033615625831,5.198063037736178,13.830429271401826,8.408275485054709,2.4766399548620743,22.353367664964942,0.010520658924134452,2.95443118220647,0.43830132676401845,0.6630061765272777,248.5262892071362,0.49137368618403343,13.136902718227475,4.873064494257572,3.035332770222069,270.8796568721011,1.7012232347751892,13.151481190627788,5.311365821021591,2.999850391713038,42.22250836251342,0.011947766766670753,4.023436468909324,0.6301866919778123,0.7601718341198405,279.8018498124901,0.49137368618403343,10.386154052339862,4.176147012126718,1.9473238588256934,322.0243581750035,1.8805632476146532,10.785000079573239,4.80633370410453,1.9718207447554352,33.839668404356885,0.012210852207349632,6.916810022255206,0.6906054776399364,1.1570193339824064,210.42373983472754,1.3454754252716157,12.604654689465178,4.2943620374434195,2.5818023462104627,244.2634082390844,1.7794466909404392,12.825056462674748,4.984967515083356,2.8476617914874045,39.13385475090432,0.010784024708275552,4.101457263325539,0.4714922259145099,0.7396768369036003,309.32006801228897,0.49137368618403343,10.953217459289817,3.7267478073769755,1.892773932830544,348.45392276319336,1.7012232347751892,10.975997669866587,4.198240033291486,1.9991371217129037
c<D>r<10>R<GLY>,100.75652222501512,1.3858704307494834,3.934773683204806,1.937625427404137,0.7143071401694696,53.107255843180795,2.302245469479159,5.378561402287734,3.3192034901987997,0.8930962074628361,68.29242139506833,2.2026753801450196,5.2799419417642754,3.5943379681614913,0.7987216818783246,112.10558443850589,1.317500169246338,3.934773683204806,1.62471861505081,0.5583416229559689,125.22175302879052,1.2155382289759284,3.770986663188247,1.7391910142887572,0.5818910207334673,99.36012839554891,2.2025927429976027,5.2799419417642754,2.760003566543025,0.5907261324390275,136.48467031932202,1.2155382289759284,3.1627764875927618,1.533535621565416,0.39939506444127737,28.427617655414018,0.011326423034487831,3.848550905212515,0.6048429288385961,0.8983743013278469,290.82261712096727,0.49137368618403343,14.672163635628067,6.18771525789292,2.8934698773131036,319.25023477638126,1.9242202829823856,14.692048554272002,6.792558186731516,2.873101747746568,9.28701721775743,0.013962965199534771,2.386404763476257,0.4221371462617014,0.6435007349686275,150.5989123678192,1.3454754252716157,13.136902718227475,6.845405107628145,3.0375418431061068,159.8859295855766,1.7794466909404392,13.151481190627788,7.267542253889846,2.9539695087761166,26.27963763917028,0.010508912437341866,8.015009721192289,1.094984901632095,1.6774684533268822,186.30025205482315,3.502326481968396,16.0729182906191,7.7625105022842975,3.2859223973874307,212.57988969399344,3.5128353944057378,16.151849378760605,8.857495403916394,3.5343575573433186,28.51445663860616,0.010784024708275552,4.690602497735327,0.5280454933075215,0.8408523627430244,274.59790666329536,0.49137368618403343,14.672163635628067,5.085146419690655,2.9525040462163554,303.11236330190155,1.7012232347751892,14.692048554272002,5.613191912998177,3.025402485790409,37.416456014078065,0.011947766766670753,4.225697847707817,0.5422674784648995,0.7448037538760013,293.91183917962496,0.49137368618403343,15.546212325425813,4.259591872168477,2.3198803073972574,331.32829519370307,1.8805632476146532,15.68364043278713,4.801859350633378,2.3643087070971296,34.22204608229369,0.010508912437341866,6.546868644088933,0.5610171488900605,0.9937914624818649,258.86525648087974,1.3454754252716157,10.873019143020656,4.24369272919475,2.0856744828182503,293.0873025631734,1.7794466909404392,11.423742133064636,4.80470987808481,2.261038532013635,37.5726027126598,0.010784024708275552,4.225697847707817,0.4472928894364262,0.6715821699301202,310.594176497988,0.49137368618403343,15.546212325425813,3.6975497202141425,2.2326963763729006,348.16677921064775,1.7012232347751892,15.68364043278713,4.144842609650569,2.2826648354431973
c<D>r<11>R<LYS>,78.14285346836346,1.4676278685464335,4.32542690691793,1.86054413019913,0.6165344357300216,39.37693780676611,2.302245469479159,5.289168161768027,3.2814114838971755,0.8177682675870267,52.83049468045819,2.197315879308554,5.5418929744289676,3.5220329786972124,0.7904651659324341,86.55717380421099,1.317500169246338,4.32542690691793,1.5737667964401998,0.48174061546309127,98.09725346092654,1.2155382289759284,3.5348564545190237,1.6913319562228712,0.4993320240506028,75.4636845784829,2.197315879308554,4.302392406431007,2.695131592088675,0.522145109801133,106.26565770812189,1.2155382289759284,3.2889403658668597,1.496699404339745,0.32026192924155517,20.223437215601468,0.014662440678714361,3.9684063373936693,0.6319824129875459,1.0817856797150471,173.58242579861553,1.7750567764744574,8.803631972007906,5.424450806206735,1.548532462477828,193.80586301421698,2.399331614105783,8.8408067430595,6.056433219194281,1.2913254495063926,8.094116083103934,0.013962965199534771,2.386404763476257,0.476124475476702,0.7153225711415868,95.34177689521812,1.3454754252716157,8.588460034683521,5.6083398173657715,2.008184430799694,103.43589297832204,1.7794466909404392,8.679423915465321,6.0844642928424735,1.9952529253454767,16.111962635671087,0.010508912437341866,3.6339600719816074,0.9477625079806522,1.0222017090864552,101.01949924241524,3.502326481968396,11.096152677987448,5.942323484847955,1.8770683458612611,117.13146187808633,3.5128353944057378,12.554457317541528,6.890085992828608,2.0720857667087498,19.686458639004385,0.010784024708275552,3.9684063373936693,0.5468460733056774,0.9458931130870745,158.16657968374147,1.603890982147277,8.803631972007906,4.393516102326152,1.83495066479499,177.85303832274585,1.7568563785670739,8.8408067430595,4.9403621756318294,1.886852554516524,27.783058039039588,0.01386550749596216,3.747584856493548,0.5788137091466581,0.8210741104651473,174.21621429042625,1.7750567764744574,7.678144435006288,3.62950446438388,1.2456609004567634,201.99927232946584,1.8805632476146532,7.826813512273258,4.208318173530539,1.3043727114063295,20.658851741948325,0.010508912437341866,2.6403875171135116,0.4395500370627303,0.5453904999068214,194.9048449038391,1.3454754252716157,12.330097450313815,4.146911593698704,2.6016217615130746,215.56369664578745,1.7794466909404392,12.516463810860758,4.586461630761435,2.6274824473159444,27.762488655994343,0.010784024708275552,3.7701656027856263,0.49575872599989895,0.7399807161914063,176.6718286030116,1.603890982147277,7.596597593415936,3.1548540821966355,1.1620757785797355,204.43431725900592,1.7568563785670739,7.826813512273258,3.6506128081965343,1.286426080722691
c<D>r<12>R<THR>,89.17873554804888,1.3621314429613334,4.025868457777274,1.8199741948581403,0.5779466921326318,44.46315432220048,2.302245469479159,5.289168161768027,3.420242640169268,0.7495199411883741,59.09764835116688,2.96974103603172,5.700053416139703,3.9398432234111254,0.7447012189122211,98.91515528844602,1.3135502221216278,4.017152953613199,1.5700818299753336,0.4451721723197131,117.71973149183472,1.2155382289759284,3.824873516894255,1.8110727921820726,0.6645299447157614,81.28486194263496,2.208798091857266,4.302392406431007,2.802926273883964,0.535992992612735,126.55190597009118,1.2155382289759284,3.824873516894255,1.601922860380901,0.5317367662189064,25.40002825517921,0.014214787114164018,3.9684063373936693,0.5404261330889193,0.8796096374375838,244.50456973544397,2.0384713243638544,8.483822091001684,5.202224887988169,1.2554773588819161,269.90459799062313,2.399331614105783,8.52807693876145,5.742651021077088,1.204371867095613,7.618746391154615,0.013962965199534771,3.6994764407747542,0.42326368839747863,0.8337059847526905,104.70144693078532,1.3454754252716157,8.738951662956424,5.816747051710296,2.006870476617394,112.32019332193994,1.7794466909404392,8.801336876269485,6.240010740107774,2.0267892731625685,14.623937765708124,0.028894295765429234,3.3728057806003164,0.7311968882854062,0.7897699219868373,151.97864486422128,4.5681266315777975,15.414776157708957,7.598932243211064,3.170214750296308,166.60258262992943,5.189162012595412,16.48775482894453,8.330129131496472,3.2363972731347563,26.15342033743166,0.016465725927919728,3.9684063373936693,0.5029503911044549,0.8027656939484628,239.2714058679701,1.6691361871683057,8.483822091001684,4.601373189768656,1.4813729891898915,265.42482620540176,1.7568563785670739,8.52807693876145,5.1043235808731104,1.544292389567328,37.64786437869584,0.013417797753750627,3.524444661706106,0.5087549240364303,0.7347817029292005,302.22288951259253,1.8511954120488099,9.198784886159274,4.08409310152152,1.4489645528569357,339.87075389128836,1.8805632476146532,9.229885683451476,4.5928480255579505,1.448991574470891,18.80116036512331,0.010533637190391687,1.9909472271965925,0.4087208775026806,0.46888624289333297,221.7023135577458,1.3454754252716157,15.414776157708957,4.819615512124909,3.45753608701548,240.50347392286915,1.7794466909404392,15.52924204710056,5.22833638962759,3.438582152257335,37.055130011624186,0.01386550749596216,3.524444661706106,0.49406840015498915,0.7198618403451601,280.1989141160846,1.6691361871683057,9.198784886159274,3.7359855215477946,1.539965953905275,317.2540441277088,1.7568563785670739,9.228102537295435,4.230053921702784,1.5645654889554657
c<D>r<13>R<ILE>,104.97253949385382,1.3621314429613334,3.8677930172648964,1.77919558464159,0.589053322884295,41.81864804402701,3.197664296679016,5.422206836632041,3.801695276729728,0.7386211500161296,56.9568844581762,2.197315879308554,5.762896044444787,4.068348889869728,0.8497030356744414,114.17620557893883,1.3135502221216278,3.8677930172648964,1.6081155715343498,0.49279346971694316,126.1953690054934,1.2259000921086758,3.5613004690243337,1.7053428243985596,0.5491277769077133,73.57866566354348,2.197315879308554,5.762896044444787,2.8299486793670567,0.7827114388412548,134.19917023892242,1.2259000921086758,3.5613004690243337,1.5604554678944467,0.4187926198942311,37.705525370086484,0.014214787114164018,3.776548839819095,0.6982504698164164,0.9902563037505784,278.20631993805387,3.120833808728321,8.483822091001684,5.151968887741738,1.1715198494833683,315.9118453081404,3.17965326503539,8.63671334686267,5.850219357558156,1.08967844539139,8.554197551727746,0.014635283836076596,3.6994764407747542,0.5702798367818498,0.9758919968022656,111.06887434448845,4.32548473773204,15.86520800915173,7.404591622965897,2.7410037096022792,119.62307189621617,4.540374604080087,16.86887048902504,7.974871459747745,2.7900005301272413,13.50762340125617,0.017935789121111156,2.678381023794282,0.6753811700628085,0.6190649906169171,180.83621688662492,4.5681266315777975,21.77205301916547,9.041810844331247,5.6307189139041345,194.3438402878811,5.189162012595412,21.78998880828658,9.717192014394055,5.465953534285406,40.28744246504382,0.016465725927919728,3.9684063373936693,0.671457374417397,0.9776068388046031,295.77250643381126,2.416516184051943,8.483822091001684,4.9295417738968546,1.2978866270142095,336.05994889885505,2.432981909979863,8.63671334686267,5.6009991483142505,1.2624852403472782,44.86677822268589,0.012138119860686913,3.747584856493548,0.5826854314634531,0.8148890348673574,316.7795439074273,2.155032544686037,8.483822091001684,4.114020050745809,1.2096262107790527,361.6463221301133,2.2178738663110105,8.63671334686267,4.696705482209263,1.2897628725565689,17.263365179624117,0.010533637190391687,2.743317355651808,0.5231322781704277,0.7867475640640562,199.797323161436,2.0298226879276626,20.655257731827078,6.054464338225333,5.090256339366033,217.0606883410601,2.9483219044511935,20.680670631074648,6.57759661639576,5.083093632595681,45.80390123605044,0.012138119860686913,3.7701656027856263,0.5872295030262877,0.8451363640921442,305.98594986243666,2.0298226879276626,8.483822091001684,3.9228967931081624,1.2460797300932775,351.78985109848713,2.2178738663110105,8.63671334686267,4.510126296134451,1.3333668719860943
c<D>r<14>R<THR>,82.88161985532031,1.3621314429613334,3.825140214249842,1.7267004136525064,0.5251181886530423,36.79770460359353,3.465755818310228,5.875259674852931,4.088633844843725,0.8715767184825418,46.227102927467556,3.5222764679528327,5.188396165571815,4.20246390249705,0.4534242112626914,89.4907591013765,1.3135502221216278,3.825140214249842,1.5429441224375258,0.4073441978455705,99.26238612551994,1.2247682915024727,3.6277929446385047,1.654373102091999,0.49722888506488655,58.137348227564,2.208798091857266,4.282622777465852,2.7684451536935235,0.6130185571637022,105.3010372984515,1.2247682915024727,3.6277929446385047,1.5043005328350214,0.3503837311703107,25.057236664253715,0.014692575362458271,3.3008900093928073,0.6264309166063429,0.8807977439598185,200.25016087704626,0.48100572147541243,7.9691644161248405,5.006254021926156,1.2138926821494438,225.30739754129996,1.8843058417654626,7.983856991487299,5.632684938532499,1.0593164685920957,6.32894844356417,0.049436939169359206,3.2636178365838617,0.7032164937293522,0.9907435677242643,69.4458580607643,5.138010167885113,9.609873047692417,7.716206451196033,1.485931999145019,75.77480650432845,6.518807537092836,10.195987141346375,8.419422944925383,1.3031267197672578,12.729006594770306,0.048867810103066844,2.1796786093207494,0.8486004396513537,0.5430860080645803,102.15549411153984,5.04191388318668,9.219083064879896,6.810366274102656,1.4969120105968408,114.88450070631013,6.033856478639308,10.758739829078682,7.658966713754009,1.6423843464308883,24.686258271241037,0.014692575362458271,2.982598800670911,0.5877680540771676,0.8151784216575918,206.89780066885714,0.48100572147541243,9.657402124710643,4.926138111163265,1.4116763252270488,231.58405894009817,1.8843058417654626,9.826326738339567,5.513906165240432,1.2403159284908798,28.934673550194802,0.013598418428452774,2.810240140718811,0.5459372367961284,0.6332918425517265,210.1423261698451,0.48100572147541243,6.948202496063459,3.9649495503744356,1.0345664534639916,239.07699972003985,1.8843058417654626,7.326821016404373,4.510886787170564,1.0424868390275683,11.196386905004394,0.010703857400368832,2.743317355651808,0.5892835213160207,0.7933040698299786,98.63739461839782,2.0298226879276626,9.160287653192654,5.191441822020938,2.33071381054866,109.83378152340221,3.0205142939819236,10.079174938063645,5.780725343336958,2.3171112674245022,27.36886111156964,0.01391612783377738,2.810240140718811,0.5585481859504008,0.6805219906206792,189.25901456380802,0.48100572147541243,6.948202496063459,3.8624288686491433,1.1350986182216194,216.62787567537768,1.8843058417654626,7.326821016404373,4.420977054599544,1.1404749271028083
c<D>r<21>R<ASP>,100.1904817847446,1.4328301511150374,3.928453671418373,1.8553792923100854,0.6135529788637838,43.6993500620555,2.7629300787190676,4.864370855543137,3.3614884663119615,0.5982392543229802,64.49797198610632,2.1266406551085786,5.244073270110391,3.5832206658947956,0.7865301150915943,107.47558053821027,1.3175151370964806,3.928453671418373,1.5805232432089744,0.48672563615433045,124.12625713099827,1.2091267610780967,3.9159992154153387,1.7003596867260038,0.5702190023919271,84.3048600485837,2.1266406551085786,5.038485281160658,2.634526876518241,0.522114020077527,131.2452954785672,1.2091267610780967,3.9159992154153387,1.5085666146961745,0.4224930812827013,36.32224751084022,0.010576241515062534,3.352806314281615,0.637232412470881,0.7891063967183277,280.6602963404448,1.4868749178467624,7.317791315294016,4.923864848077979,1.0126069158252182,316.9825438512851,1.6044724128385732,7.541304046371821,5.561097260548861,1.080440486839455,8.241466770925086,0.03764045558669249,1.7005841653298823,0.6867888975770905,0.4951632167062513,98.90589948433444,4.508577114441323,18.839573262613158,8.242158290361203,4.743843468333128,107.14736625525953,5.730560890634942,19.609918322275426,8.928947187938293,4.636574727249279,21.148358907317906,0.012280817289513024,2.6336923222863904,0.755298532404211,0.6657618959197652,195.12897669768336,4.137830975069846,14.756434077531594,6.968892024917262,2.2531486322084118,216.27733560500124,4.901085939834218,15.628456463773496,7.724190557321473,2.11250262372961,32.86709557731258,0.010566430081956568,2.7812217994253583,0.5056476242663475,0.6768010701244015,310.6410836137202,0.5771908127753704,7.317791315294016,4.779093594057233,1.0653856995121103,343.50817919103275,1.5039023639101141,7.541304046371821,5.284741218323581,1.078148703154835,43.819515381535396,0.010576241515062534,3.683116984251698,0.5921556132639918,0.8112109666091241,280.61501170573956,1.4868749178467624,7.202949796494067,3.7920947527802644,1.1778679505388934,324.43452708727494,1.6044724128385732,7.541304046371821,4.384250366044256,1.2636696286261444,22.47556717957786,0.01662286681684222,2.9680298157720655,0.47820355701229494,0.7044932574562713,192.06705872191196,2.1543340379648726,11.959537682068913,4.086533164295999,2.2404496412163666,214.54262590148983,2.515144757639436,11.984108771752766,4.564736721308294,2.107326343056789,41.925279565121954,0.010576241515062534,3.683116984251698,0.5989325652160279,0.80620108999627,244.75455540300754,0.5771908127753704,7.202949796494067,3.4964936486143934,1.2197455854786692,286.67983496812957,1.5039023639101141,7.541304046371821,4.0954262138304225,1.3138620509780916
c<D>r<22>R<THR>,95.76640571399459,1.3679071941284446,3.76499680534777,1.8069133153583885,0.5386649839523773,45.78995066571426,2.7629300787190676,4.864370855543137,3.2707107618367326,0.5983439785794173,63.53468742057967,2.1266406551085786,4.474038439412064,3.5297048566988707,0.49842790178746577,103.85420307197592,1.3175151370964806,3.76499680534777,1.52726769223494,0.38640466442630433,122.31037557464997,1.2223965751252626,3.232910700105203,1.698755216314583,0.5170576834692849,85.22631373034203,2.1266406551085786,3.0738224621100363,2.582615567586122,0.31795268114606,129.81682918253284,1.2223965751252626,3.1682154749523,1.4921474618681936,0.3407835474645256,34.65169715927237,0.012172287180753472,3.329652503251067,0.641698095542081,0.854400483212714,265.3372589435512,3.601066722030737,7.317791315294016,4.9136529433990965,0.7696798765322288,299.98895610282364,4.003535912046571,7.930025167795973,5.555351038941178,0.8575297202215237,9.394482370702871,0.03764045558669249,1.7005841653298823,0.6262988247135247,0.5003407439956328,95.82929616972706,4.508577114441323,7.940331412508385,6.38861974464847,0.8293492316352511,105.22377854042995,5.730560890634942,8.030030795991149,7.014918569361996,0.6877088610984631,22.20299432973472,0.01819102056985855,2.243550077401517,0.7162256235398298,0.565442736842157,186.23899227172478,3.6270830886624026,8.3033873455297,6.007709428120155,1.0240506078573286,208.44198660145946,4.3040590777864765,8.977759136010004,6.723935051659983,0.9414119532116875,29.759031298684775,0.010566430081956568,2.772066826396159,0.4133198791483996,0.633159252812232,342.8386546702268,3.3433491861887887,7.317791315294016,4.761647981530928,0.8881784276743788,372.5976859689116,3.67976270752534,7.3505142873098706,5.1749678606793275,0.8839927067735609,41.56189725254577,0.011689363982592571,2.5218237244531805,0.49478449110173534,0.6600006273505485,314.3871368460441,1.9743872441731583,6.942661721748664,3.7427040100719533,1.0053295142451817,355.94903409858983,2.05822746483522,6.954369731440711,4.237488501173688,1.0635353916113552,23.72884586545066,0.01681363810420189,2.9680298157720655,0.4477140729330313,0.6113590694360289,180.93213935602853,2.0707875172602144,8.277618164925116,3.4138139501137457,1.2572814505690943,204.6609852214792,2.644990657581424,8.433087392402413,3.8615280230467772,1.2021191156111677,40.4473786379097,0.011854712677448198,2.9172218761009994,0.5119921346570848,0.673895895592478,268.0094782204742,1.9113375412016467,6.004443822716894,3.3925250407654963,1.0493864314560426,308.4568568583839,2.05822746483522,6.309958718212751,3.904517175422581,1.1068592383985758
c<D>r<23>R<ILE>,128.55986810485769,1.3679071941284446,4.050748726628873,1.8365695443551098,0.6515255056468483,52.380392321839054,2.771275498109611,5.862753476669334,3.4920261547892704,0.8509919067849534,75.28771591181551,2.1476902139145757,4.747208646973505,3.585129329134072,0.6175874030452752,137.9980514316676,1.3145089482252243,4.050748726628873,1.6046285050193907,0.5428989282702893,157.94797734429065,1.2187064022403715,4.050748726628873,1.7168258406988115,0.5979589199034938,96.03617917597104,2.1476902139145757,3.5597032175171335,2.5955724101613797,0.35774779281390595,166.5277460313004,1.2187064022403715,4.050748726628873,1.5419235743638926,0.47084560627501265,60.04830550746569,0.012094302853148164,3.236752553070671,0.714860779850782,0.8655414223768699,409.9173674892463,3.390408132416269,7.317791315294016,4.8799686605862655,0.801183452881168,469.96567299671204,3.6432726415767043,7.586441036783806,5.594829440437048,0.8404827410170037,10.49008427928008,0.04021805455185401,1.7005841653298823,0.6170637811341223,0.501557080174018,118.80623087624917,4.508577114441323,11.910661913971126,6.988601816249951,1.838086012321295,129.29631515552924,5.730560890634942,13.133779455818885,7.605665597384073,1.9498954136712745,27.307242451866482,0.01819102056985855,4.224788458801429,0.8274921955111055,0.7969885719491349,198.87809106455097,3.078941436357127,8.371083240703229,6.026608820137908,1.344387684981157,226.18533351641747,3.203297813499447,9.840730904220209,6.8541010156490145,1.3997462911286385,54.15757218177363,0.010566430081956568,3.292107956946837,0.520745886363208,0.7323094403805576,492.7650701179773,3.3433491861887887,7.317791315294016,4.73812567421132,0.8617728559416656,546.922642299751,3.6432726415767043,7.344495540488353,5.258871560574529,0.9024905399001647,66.2697033543166,0.011689363982592571,3.25229191091581,0.5568882634816521,0.7427860865727307,468.3171291674662,1.9907705224331949,6.942661721748664,3.9354380602308083,1.072893395172032,534.5868325217828,2.064882762892363,7.003448445736776,4.49232632371246,1.19018141740508,25.84510126142695,0.015213607339099156,2.9680298157720655,0.42369018461355656,0.531725590242456,240.00148437562984,2.0707875172602144,9.742396666163586,3.9344505635349156,1.7833165693222066,265.8465856370568,2.644990657581424,9.769807623997478,4.358140748148473,1.7436182285667519,65.43474092422242,0.011571514843028652,3.8878742133217745,0.5790685037541807,0.7721782560000876,421.8616948722456,1.8811441302286767,6.937839054940923,3.733289335152616,1.2091850183470367,487.296435796468,2.064882762892363,6.990938055368663,4.312357838906797,1.2993810790570768
c<D>r<24>R<GLU>,98.28362701257653,1.4473486017157127,4.050748726628873,1.9656725402515307,0.7247638963709208,42.49956632966252,1.7077578863482368,5.862753476669334,3.26919740997404,1.0411459431000711,74.83005237894737,2.1476902139145757,5.105423009030513,3.5633358275689226,0.6377876580182945,107.40139714775252,1.3174866328047483,4.050748726628873,1.678146830433633,0.6097291831533288,126.65518823584864,1.2223965751252626,4.050748726628873,1.759099836609009,0.6301189078007535,94.39963354015559,1.7077578863482368,4.479337842658178,2.6971323868615884,0.5436087272382163,135.24777715534717,1.2223965751252626,4.050748726628873,1.5726485715738043,0.4859048606896323,30.193724009244445,0.012172287180753472,3.1220780175698915,0.5920338041028322,0.7450655789288728,268.5627034083527,3.713830175446674,8.917863710297752,5.265935360948093,1.012118349086489,298.7564274175972,4.098621572833678,9.018037023905894,5.857969165050926,1.0319114740956397,6.256826363808192,0.03787837367367608,1.7005841653298823,0.521402196984016,0.5314144734362102,84.96417594711784,4.508577114441323,11.910661913971126,7.080347995593153,2.1554788763368258,91.22100231092604,5.730560890634942,13.133779455818885,7.60175019257717,2.351818813939115,31.892960786332466,0.022450621748555832,8.001139854967839,0.9664533571615899,1.4544999225893558,198.08172313431442,3.078941436357127,9.580379060875202,6.002476458615589,1.5203067665728789,229.97468392064687,3.203297813499447,14.523785071284799,6.9689298157771775,2.0100301828517138,25.683178098512325,0.012172287180753472,3.2348414709858284,0.4012996577892551,0.5896442306459733,310.50252002409707,3.3433491861887887,8.917863710297752,4.851601875376517,1.0649412579602635,336.1856981226094,3.636981336818847,9.018037023905894,5.252901533165772,1.1427408296547283,38.530770703446976,0.011689363982592571,3.25229191091581,0.41881272503746714,0.616137152724404,362.8677735789579,1.9907705224331949,11.022090797592682,3.9442149302060643,1.3489358031749668,401.3985442824049,2.095753362703646,11.054387502202113,4.363027655243531,1.3906094048505788,30.672149806997204,0.012813574143581974,5.5308902785073215,0.4792523407343313,0.7633071090724486,252.3521967720353,2.0707875172602144,9.742396666163586,3.9430030745630518,1.725471170839094,283.0243465790325,2.644990657581424,12.053535494824281,4.422255415297383,1.9039303071620057,38.988433851379334,0.012801544035132117,3.8878742133217745,0.43807229046493634,0.6126968011146066,330.7803028243734,1.8811441302286767,11.022090797592682,3.7166326160041954,1.4834723071912579,369.76873667575273,2.095753362703646,11.054387502202113,4.1547049064691315,1.4883593258352525
c<D>r<25>R<ASN>,77.60748447639189,1.4473486017157127,4.077887841797296,1.8048252203812067,0.603771957878214,36.821595736199264,2.747617208131327,6.134542632349154,3.347417794199933,0.9617295742290749,51.93554347687448,2.1266406551085786,4.747208646973505,3.4623695651249653,0.6576074232094856,85.80188023068725,1.3174866328047483,3.928453671418373,1.5600341860124953,0.46073665389792484,99.2280885924165,1.2281824126442467,3.928453671418373,1.6818320100409576,0.5717975874962535,73.59685660110009,2.1266406551085786,5.222986206901874,2.7258095037444474,0.6545163626646853,106.73624539145472,1.2281824126442467,3.928453671418373,1.503327399879644,0.400182264278805,19.57326752833854,0.010576241515062534,2.7478827844997946,0.5592362150953869,0.6137159766169913,183.8189753760089,4.126905282046209,7.202949796494067,5.2519707250288254,0.6877019662744596,203.39224290434746,4.298386319045656,7.541304046371821,5.811206940124213,0.8170275513957059,4.418157347166166,0.021731075197855887,1.7005841653298823,0.4418157347166166,0.5515369322619263,87.60849483447146,4.508577114441323,21.54795230113541,8.760849483447146,5.313432578062283,92.02665218163762,5.730560890634942,21.569683376333266,9.202665218163762,5.323651865568633,16.72937658292942,0.022450621748555832,4.315245581492544,0.9840809754664364,0.9692507948047745,104.61387680070402,4.528660458528066,8.277618164925116,6.153757458864942,0.8092384269313122,121.34325338363345,6.002817251806723,9.718459733577273,7.137838434331379,0.9060579283105628,16.077012574289682,0.010576241515062534,2.7478827844997946,0.33493776196436836,0.5007668763496493,228.0490042491465,3.3433491861887887,7.202949796494067,4.751020921857219,0.8640693911135072,244.12601682343617,3.636981336818847,7.541304046371821,5.085958683821587,1.039312621478096,28.43221408411952,0.010576241515062534,3.173843122604027,0.4442533450643675,0.6789780255003133,238.65317778095778,1.9907705224331949,7.202949796494067,3.7289559028274653,1.1018812792403405,267.0853918650773,2.095753362703646,7.541304046371821,4.173209247891833,1.258961818575705,20.847477236263764,0.01530159891653593,3.1703489394320385,0.4532060268752992,0.5139904311925769,169.95534108060656,2.0707875172602144,9.408153327027321,3.694681327839273,1.7214648763357716,190.80281831687032,2.705337509422658,11.34726909668992,4.147887354714572,1.856204862330717,26.79094744206059,0.010576241515062534,3.173843122604027,0.478409775751082,0.6445553359962711,188.27449677773257,1.9113375412016467,7.202949796494067,3.362044585316653,1.2158192713280143,215.06544421979316,2.095753362703646,7.541304046371821,3.840454361067735,1.347041307563388
c<D>r<26>R<VAL>,125.81094553597198,1.4473486017157127,4.172570471913342,1.9355530082457229,0.7967897298690323,39.88037282834665,2.747617208131327,6.134542632349154,3.323364402362221,0.9390280848964377,49.88091640362734,2.1266406551085786,4.975612169828747,3.5629226002590957,0.643804214338289,134.3895029324376,1.3174866328047483,4.172570471913342,1.7229423452876615,0.7332935226958771,145.49658276993023,1.2201597142500604,4.172570471913342,1.818707284624128,0.7504010752456447,71.60302185289086,2.1266406551085786,4.975612169828747,2.651963772329291,0.5553068079262378,153.47223401596295,1.2201597142500604,4.172570471913342,1.6502390754404619,0.6665924266366144,57.46808959892211,0.010576241515062534,3.1585083635510642,0.7094825876410137,0.7524072593266301,403.3202422141876,3.835363695739943,8.042093351356925,4.9792622495578716,0.7966618407041326,460.7883318131097,4.033860602544372,8.054181943012045,5.688744837198885,0.8138067342733115,5.3480509494735085,0.03787837367367608,1.7005841653298823,0.4456709124561257,0.503807978054299,85.41780506468149,4.508577114441323,14.603819234012917,7.11815042205679,2.9424099404577406,90.765856014155,5.694399987215526,15.807836258316971,7.563821334512917,3.1331532997844342,11.091429402267629,0.03918309628106087,1.6826250871075272,0.6932143376417268,0.4117493713990583,123.73073779490369,5.163921460236452,18.150396537430424,7.733171112181481,3.365729744071089,134.82216719717132,5.914029293549259,19.16562500701562,8.426385449823208,3.3663902921396107,53.9977461296465,0.010576241515062534,2.6513174474825973,0.5242499624237524,0.655546966426668,485.6074094568412,3.265587257003972,8.042093351356925,4.714635043270303,0.8691816103125931,539.6051555864877,3.3528528924500582,8.054181943012045,5.238885005694056,0.9986384506463314,64.43243767362495,0.010576241515062534,3.440835460253311,0.5701985634834066,0.7161432340183893,454.85257239721614,1.9907705224331949,7.202949796494067,4.025244003515187,1.1238968725114162,519.285010070841,2.095753362703646,7.256548655448821,4.595442566998593,1.3043004098683746,19.774772222290437,0.01530159891653593,3.1703489394320385,0.4598784237741962,0.5331574978647436,153.86979282692937,2.0707875172602144,9.408153327027321,3.578367275044869,1.8102118612732112,173.64456504921978,2.705337509422658,11.34726909668992,4.038245698819065,1.9234742011656176,65.59884342346571,0.010576241515062534,3.440835460253311,0.5963531220315065,0.6881994179352807,427.24058693244024,1.9113375412016467,7.202949796494067,3.884005335749457,1.2649715751261106,492.83943035590596,2.095753362703646,7.256548655448821,4.480358457780963,1.399227575432815
c<D>r<27>R<LYS>,116.42974979423977,1.4625301148543337,3.9191031302520463,1.9086844228563897,0.7034613033620362,46.44807917295086,1.7077578863482368,4.715138506955296,3.0965386115300575,0.711517923528824,60.707724708689085,2.1476902139145757,4.900055171479107,3.5710426299228875,0.5464225673029995,128.12722459185417,1.3174866328047483,3.9191031302520463,1.66398992976434,0.6043275244211213,137.7309647578597,1.2174142921951039,3.9191031302520463,1.7434299336437937,0.6424709674087946,87.45176818757632,1.7077578863482368,4.33695271975993,2.6500535814417066,0.4882123388733288,148.49490376831844,1.2174142921951039,3.9191031302520463,1.5631042501928256,0.5042876300631741,41.7541496497861,0.01197925209356221,3.1585083635510642,0.5422616837634558,0.7103686659697345,381.93691274551475,1.4901649936527974,8.217377557602958,4.960219646045646,1.1771583650557795,423.69106239530083,1.5870753109050448,8.481062235775525,5.502481329809101,1.171865693902184,7.576668052279145,0.014638461126841307,2.4366989402842467,0.4735417532674466,0.6561221429177406,112.41948210746159,5.565987595765364,11.910661913971126,7.026217631716349,2.086226667078342,119.99615015974074,5.694399987215526,13.528883333101463,7.499759384983796,2.536380035865879,21.248369580148108,0.023823895130671957,8.007449046000254,0.9658349809158231,1.5997976711917081,158.09662978806773,3.078941436357127,15.53802475442535,7.186210444912169,2.2661400908009126,179.34499936821587,3.203297813499447,15.88504975573958,8.152045425827994,2.601947377958902,40.247574964718986,0.012088591655119885,2.60731425374029,0.3945840682815587,0.583951535214876,467.3239781205757,0.5756086577694077,8.042093351356925,4.581607628633095,1.0017503599447033,507.5715530852947,1.4905217988264252,8.481062235775525,4.976191696914654,1.0388553941113754,49.06228549743148,0.01125072117270065,3.25229191091581,0.43037092541606564,0.5977708797806608,430.0455338938782,1.4901649936527974,7.377483761444637,3.7723292446831422,1.1308661966661038,479.10781939130965,1.5870753109050448,7.441967712125974,4.202700170099208,1.198468033320289,31.34362172470269,0.01147981887542926,7.669611040889357,0.5055422858823014,0.9888383794706701,248.58184599040305,2.0707875172602144,11.282826700432452,4.009384612748437,2.029591812993221,279.92546771510575,2.466263357706598,12.053535494824281,4.514926898630738,2.1679076725699207,51.06978068385213,0.012519613318258571,3.416464193452848,0.44025673003320803,0.56066582102578,414.7498421587816,0.5756086577694077,6.821477546824099,3.5754296737825997,1.230117901242837,465.81962284263375,1.4905217988264252,7.019904468458641,4.015686403815808,1.2327681459590294
c<D>r<28>R<ALA>,94.59222479994209,1.4625301148543337,3.9191031302520463,1.8190812461527324,0.5866282070948856,37.60933709540661,2.747617208131327,4.721736381375328,3.1341114246172173,0.5942447270369644,54.992167052358965,2.166960619306129,4.900055171479107,3.6661444701572643,0.6190499438395299,101.96280065416995,1.3174866328047483,3.9191031302520463,1.5686584716026146,0.4653425267965858,115.87719373023327,1.2201597142500604,3.9191031302520463,1.7040763783857835,0.5711231510043516,76.33388551463665,2.166960619306129,4.33695271975993,2.726210196951309,0.5616921788246936,122.58495521456753,1.2201597142500604,3.9191031302520463,1.5133945088218212,0.41560335891965083,25.060721549107107,0.011583690072866304,2.590258989930442,0.5012144309821421,0.6200818302725035,241.26636239721483,1.4901649936527974,7.97023536672441,4.825327247944297,1.167712195658153,266.327083946322,1.5870753109050448,8.481062235775525,5.326541678926439,1.1592757541134193,4.072836275167498,0.03787837367367608,1.9058566063742024,0.33940302293062485,0.5014360010159197,85.6295860020864,5.565987595765364,12.777789628243227,7.1357988335072,2.116034736293059,89.70242227725389,5.694399987215526,13.052163371699915,7.475201856437824,2.3649888982600693,14.68540762741373,0.023823895130671957,1.9637328178163074,0.6993051251149395,0.5050096458283029,151.25451553371386,3.254886547035312,15.53802475442535,7.202595977795898,2.9524301159618855,165.93992316112758,3.5704035729890804,15.88504975573958,7.901901102910837,2.805040076591677,21.26904340639252,0.011583690072866304,2.60731425374029,0.30384347723417887,0.46109965822774385,307.88740413614323,0.5756086577694077,7.97023536672441,4.398391487659189,0.982738737820507,329.1564475425358,1.4905217988264252,8.481062235775525,4.702234964893369,0.9823637065994564,33.84141219673289,0.01125072117270065,1.8405549247007142,0.3802405864801448,0.4948685068104483,328.6982515060563,1.4901649936527974,7.202949796494067,3.6932387809669245,1.0414345315105304,362.5396637027892,1.5870753109050448,7.215337755694026,4.07347936744707,1.1098477805089553,24.190617551151902,0.01147981887542926,2.6190323089767666,0.4743258343363118,0.5347316541175713,195.19502500733415,2.0707875172602144,11.282826700432452,3.827353431516356,1.8495563955094236,219.38564255848604,2.705337509422658,13.901859009409218,4.301679265852667,2.0174839531603443,33.97130819257096,0.012387959199958942,1.9039267893093124,0.3950152115415228,0.44356674483019404,297.4126747370001,0.5756086577694077,7.202949796494067,3.4582869155465126,1.1447811093086788,331.38398292957106,1.4905217988264252,7.215337755694026,3.8533021270880354,1.1249090383014257
c<D>r<31>R<GLN>,98.6749606992072,1.4357070141451407,3.614187187738882,1.7940901945310401,0.5498442615406575,44.15623006003893,2.747617208131327,5.173027998182899,3.3966330815414563,0.7670705792448026,51.041726631748766,2.166960619306129,4.900055171479107,3.645837616553483,0.6310492352500136,107.81676111798697,1.3174866328047483,3.5846552108007224,1.5625617553331446,0.41687474811686115,116.9069767448365,1.2174142921951039,3.5348564545190237,1.6700996677833786,0.520818070990585,76.60127264402274,2.166960619306129,5.0787796642346095,2.7357597372865263,0.6702919380934619,125.52450145325122,1.2174142921951039,3.5348564545190237,1.4943393030148955,0.3486288972387548,29.132393430713314,0.011560096258689256,3.184559762787865,0.4775802201756281,0.6925790265087187,286.21760876455664,1.4797421198281882,7.502747279731921,4.692091946959945,1.1756705375580925,315.35000219526995,1.5828907425178982,7.558254140186013,5.169672167135573,1.2064275382079555,10.241189731976526,0.07053046743299163,2.0995194478131367,0.6024229254103839,0.6428740395934891,120.08740800444502,5.473755539474951,12.777789628243227,7.063965176732061,1.810665333951113,130.32859773642156,5.680219128242225,13.052163371699915,7.666388102142444,1.9915947892915762,16.362098720509056,0.023823895130671957,1.9637328178163074,0.7791475581194789,0.5246817560013699,135.39879010932327,3.254886547035312,10.27890710408792,6.447561433777299,1.3504777565620232,151.7608888298323,3.5704035729890804,10.604351587552795,7.226708991896777,1.3381265636315682,28.2613773319316,0.01039183495903373,3.5371834985010455,0.38714215523193973,0.6184638489726628,311.64064327275173,0.5756086577694077,6.955162926086814,4.269049907845914,1.0028257741597364,339.90202060468334,1.4648312700789234,7.101475437272056,4.656192063077854,0.9887370786436761,35.964645889391065,0.01125072117270065,2.9068589798118545,0.41338673436081685,0.6138954728147301,321.706584201497,1.4797421198281882,6.955162926086814,3.697776829902264,1.1459014821070233,357.67123009088806,1.5828907425178982,7.101475437272056,4.111163564263081,1.2339708102324476,24.715616504086093,0.01147981887542926,2.921312478690899,0.4663323868695489,0.5702934997553446,216.62276490775002,2.082735827927536,8.104945733726709,4.08722197939151,1.694942773536103,241.3383814118361,2.705337509422658,8.186591890005428,4.553554366261059,1.7013941617581256,35.54167309730211,0.012138119860686913,2.2274062905874477,0.4085249781299093,0.508394047929306,302.93539606853415,0.5756086577694077,6.955162926086814,3.4820160467647603,1.1887326565405316,338.4770691658362,1.4648312700789234,7.101475437272056,3.8905410248946692,1.1630784584948977
c<D>r<34>R<GLU>,68.13474464991103,1.4783599310363769,4.025868457777274,1.8926317958308618,0.7339896954703182,35.755354598131255,2.805808904132654,7.385091933724999,3.9728171775701395,1.4607097778269036,28.8061042149895,2.197315879308554,4.942586185529454,3.6007630268736874,0.7409489836873787,78.97814659327479,1.3201679222926457,4.017152953613199,1.7169162302885823,0.6716054114450511,78.39359880976097,1.2174142921951039,3.6244224959108307,1.742079973550244,0.6501889255012099,51.99124905952359,2.197315879308554,5.173027998182899,2.8884027255290885,0.7488602935980656,88.73423012420173,1.2174142921951039,3.6244224959108307,1.6133496386218495,0.5624267594170996,18.645517882431236,0.011560096258689256,2.953537464159031,0.6014683187881044,0.8288738507150255,164.6030861666361,3.657924414667832,7.94355806501062,5.309776973117294,0.9135875174099124,183.24860404906732,3.9607714387146684,7.97774347995029,5.911245291905398,0.975493402510822,5.876557911496762,0.07053046743299163,2.0995194478131367,0.839508273070966,0.7296022002708819,45.67066058687942,5.863139518257412,7.447095985543456,6.524380083839917,0.6260400606265252,51.54721849837618,5.963960826538296,8.780722872427571,7.363888356910883,0.973630636427867,5.705604302716128,0.017885471684845555,1.6837502388354046,0.6339560336351253,0.48647760402755313,60.70450876279506,4.256094120018133,10.27890710408792,6.7449454180883395,1.6481548453085944,66.41011306551118,4.273979591702979,10.604351587552795,7.378901451723465,1.6065944461246122,19.97081439095976,0.01039183495903373,2.953537464159031,0.499270359773994,0.7400124346145659,193.75742680473627,2.520101960968532,7.94355806501062,4.843935670118407,1.1419241273441827,213.728241195696,2.6973780499630187,7.97774347995029,5.3432060298924,1.2020443441969306,21.576865742809005,0.01125072117270065,2.914802714433245,0.4903833123365683,0.7292392717328523,186.9311001051226,2.0331755698553025,6.955162926086814,4.248434093298241,1.2541098715590981,208.50796584793162,2.088328838223333,7.101475437272056,4.738817405634809,1.4181818363724699,12.732275766499065,0.01147981887542926,2.673538034879831,0.4897029140961179,0.6044439224698855,103.9816922764694,2.1954678517840875,7.447095985543456,3.9992958567872847,1.5591432042412423,116.71396804296847,2.78657818977904,7.805935112431111,4.488998770883403,1.6017720371041109,22.82874904122771,0.012138119860686913,2.6362555330558415,0.4755989383589106,0.6150588673166874,190.71780752200448,2.0331755698553025,6.955162926086814,3.9732876567084268,1.2876793234693806,213.5465565632322,2.088328838223333,7.101475437272056,4.4488865950673375,1.3759608496007616
c<D>r<36>R<ILE>,92.28662273604618,1.4357070141451407,3.6871899475850127,1.8457324547209237,0.603339097948347,46.452123665362556,2.295578095475105,4.721736381375328,3.096808244357504,0.6246792619681221,48.08645119365496,2.1999474849616933,5.04153281982788,4.007204266137913,0.8755394817814315,106.13721411035979,1.3179330418882726,3.6871899475850127,1.6081396077327241,0.4823196838339963,110.15012953617457,1.2174142921951039,3.6871899475850127,1.7484147545424535,0.6058744000858997,77.69404936373545,2.1999474849616933,4.721736381375328,2.774787477276266,0.6032176237406969,123.2479260045846,1.2174142921951039,3.6871899475850127,1.5601003291719568,0.4525465350196943,26.448799491212032,0.011847117781996097,4.29119759120505,0.5289759898242407,0.8384582105859867,241.09831215033637,1.4797421198281882,10.149884802319548,4.821966243006727,1.7137950635393482,267.5471116415484,1.5828907425178982,10.317540984672608,5.350942232830968,1.6911724242903816,12.395403665206503,0.014638461126841307,2.6518011849754366,0.652389666589816,0.7762446361487735,121.74842624056146,1.3283706677411828,9.297839794709944,6.407811907397972,1.6638031739121792,134.14382990576794,1.7628564745629673,11.064028137991174,7.060201573987786,1.807247061136368,11.124366904204031,0.023823895130671957,1.9637328178163074,0.7416244602802687,0.5464485684861258,154.3402819002804,6.10728955034665,27.700329262520427,10.28935212668536,6.662868024550844,165.46464880448443,6.90393329055184,28.158528334764103,11.030976586965629,6.537929034748456,29.601798059356017,0.01039183495903373,3.5371834985010455,0.5017253908365427,0.7442540616467362,225.5783925263927,0.5756086577694077,6.207491630188088,3.8233625851930966,1.2458710465754814,255.18019058574868,0.9365222917095204,6.499237960697693,4.325087976029638,1.2595399932068212,35.59895415687241,0.012519613318258571,3.2224141677164635,0.4944299188454501,0.7041762244312266,280.9748057514239,1.4797421198281882,8.388107138847772,3.9024278576586653,1.3689710533146546,316.57375990829627,1.5828907425178982,8.779215155665614,4.396857776504115,1.4771234440212129,20.9215072647261,0.01147981887542926,2.921312478690899,0.4358647346817937,0.5497585636922401,198.02090913079314,1.3283706677411828,8.104945733726709,4.125435606891524,1.7605347292302458,218.94241639551925,1.7628564745629673,8.186591890005428,4.561300341573317,1.7946370458410923,34.66934715492573,0.01059994254496388,2.3330163539273467,0.4227969165234845,0.5496295778414534,278.02591189839586,0.5756086577694077,7.613870548958403,3.3905599011999494,1.268029206731412,312.69525905332165,0.9365222917095204,7.775534348354792,3.813356817723435,1.2608456722462615
c<D>r<37>R<PRO>,97.21271530309174,0.8820858586368502,4.3791727135767475,1.906131672609642,0.7640315749607115,39.661015649171894,2.295578095475105,4.721736381375328,3.305084637430991,0.7607349280138085,56.2744177871831,2.13215018883905,4.900055171479107,3.7516278524788733,0.8274201559894205,106.48551223944233,0.8820858586368502,4.157895507193368,1.6638361287412864,0.6290111135119631,116.68078830779464,0.8820858586368502,3.906157773356864,1.7415043031014126,0.6442842214833369,77.84056671336472,2.13215018883905,4.721736381375328,2.780020239763026,0.6585578668796965,125.57658878327814,0.8820858586368502,3.5774496556184334,1.5697073597909768,0.49829241076327185,30.660217455255598,0.011847117781996097,4.013149954706355,0.5378985518465894,0.8270133806836224,275.46438986525004,1.4797421198281882,7.772965070327928,4.832708594127194,1.628834290158379,306.1246073205056,1.5828907425178982,8.365557355784212,5.370607145973783,1.5979613475070678,10.289016101566787,0.014638461126841307,2.6518011849754366,0.6052362412686345,0.7094110952375594,109.74454488570427,1.3283706677411828,9.297839794709944,6.455561463864957,1.6534788339071302,120.03356098727106,1.7628564745629673,11.064028137991174,7.0607977051335915,1.759551329463286,14.193086542469139,0.01808138009432625,1.9637328178163074,0.709654327123457,0.5699099354778328,143.777741306817,3.085235569473298,19.28446093700495,7.18888706534085,3.2408454908939426,157.97082784928614,3.712287122769396,20.236587691038455,7.898541392464307,3.2968677273970344,27.664959530046822,0.01039183495903373,3.252594041954916,0.4322649926569816,0.6004283174029588,266.97836468058154,0.5756086577694077,7.772965070327928,4.1715369481340865,1.5574217733563236,294.64332421062835,0.9365222917095204,8.365557355784212,4.603801940791068,1.500473084741691,39.64724306886437,0.010239530698707977,3.316173977942844,0.5082979880623637,0.7372202232086659,301.9623279638706,1.458584629372126,7.353278311997201,3.8713118969727,1.392076728135741,341.609571032735,1.5615567219680646,7.916728846674763,4.379609885035064,1.4694028652127378,18.36733541500576,0.015079162244902022,2.075022707886726,0.3826528211459533,0.4300144897003484,257.24573183419125,1.3283706677411828,15.09463006126407,5.359286079878984,3.0112303500485518,275.613067249197,1.7628564745629673,15.173627965822021,5.7419389010249375,2.9983621859915246,36.748986984837174,0.010239530698707977,2.987755782679036,0.44275887933538766,0.5899669677856987,290.6335188010007,0.5756086577694077,7.353278311997201,3.5016086602530208,1.3611542067249804,327.3825057858379,0.9365222917095204,7.916728846674763,3.9443675395884084,1.3782448541531096
c<D>r<38>R<PRO>,126.24378978747471,0.8820858586368502,4.306828954885383,1.912784693749617,0.7682509679797742,52.614050696801364,1.7077578863482368,4.721736381375328,3.2883781685500852,0.8793658410989404,69.3047118271738,2.13215018883905,4.900055171479107,3.4652355913586903,0.7878392290586191,137.2888916390673,0.8820858586368502,4.063000308931617,1.6540830317959914,0.608023703771198,150.51672927398928,0.8820858586368502,4.063000308931617,1.7300773479768883,0.639073918772596,98.14562501809552,1.7077578863482368,4.33695271975993,2.6525844599485273,0.48863052987809075,161.6257449638996,0.8820858586368502,4.063000308931617,1.5540937015759577,0.48529200842562964,40.01956582816527,0.011847117781996097,4.013149954706355,0.5002445728520659,0.7215025078369377,409.7907703163569,1.4797421198281882,12.671748078743803,5.122384628954461,2.05715027845074,449.8103361445222,1.5828907425178982,13.03869057956141,5.622629201806527,2.0233178578318043,14.365314287946545,0.010599564879727907,2.6518011849754366,0.5746125715178618,0.670512430300091,176.4855415654638,1.3283706677411828,12.777789628243227,7.0594216626185515,2.245825400161016,190.85085585341034,1.7628564745629673,13.528883333101463,7.634034234136413,2.3442451094833463,22.59424128527519,0.011258201421682656,8.007449046000254,0.8368237513064885,1.4799637367888483,213.62919737666107,3.078941436357127,21.946137557785732,7.912192495431891,4.229375203534689,236.22343866193626,3.203297813499447,21.957395759207415,8.74901624673838,4.320235115574319,38.22048370324224,0.01039183495903373,3.252594041954916,0.4066008904600238,0.5938915149439363,429.35786187772214,0.5756086577694077,12.671748078743803,4.567636828486406,1.9652749439540922,467.57834558096437,0.9365222917095204,13.03869057956141,4.974237718946429,1.9329340714580783,50.083449072318004,0.012519613318258571,3.316173977942844,0.43550825280276523,0.6091438599662017,453.3864743107222,1.458584629372126,11.451273281250906,3.9424910809628018,1.727271394974786,503.46992338304017,1.5615567219680646,11.523587135068922,4.377999333765566,1.7320436815295526,25.687601166465033,0.012813574143581974,7.669611040889357,0.4428896752838799,1.0264918258365712,268.20529663221896,1.3283706677411828,13.529133109756913,4.624229252279637,2.4921648875209814,293.89289779868403,1.7628564745629673,13.763207265012412,5.067118927563518,2.625492240706453,48.47540872692159,0.012171889292057259,3.416464193452848,0.41431973270873157,0.5676518894365427,417.60814827665376,0.5756086577694077,11.451273281250906,3.569300412620972,1.7222513503951489,466.0835570035753,0.9365222917095204,11.523587135068922,3.9836201453297035,1.7028561523114614
c<D>r<39>R<ASP>,127.54791108143179,0.8820858586368502,4.306828954885383,1.875704574726938,0.7535388933501275,64.93109568887893,1.7077578863482368,7.42915521223351,3.607283093826607,1.2345007151205092,83.81315427410041,2.13215018883905,5.105423009030513,3.4922147614208505,0.8150452742157603,141.67867769178983,0.8820858586368502,4.306828954885383,1.6284905481814922,0.6029375782023298,160.00067359659516,0.8820858586368502,3.7384498558544315,1.7204373505010233,0.6252226401013737,112.55137135895662,0.9459825825691656,4.228722626132855,2.6174737525338747,0.5288988646211457,173.1102494977543,0.8820858586368502,3.509382530507113,1.5456272276585206,0.46108828719996076,43.93143321267108,0.010269655752020768,3.56609304352385,0.5357491855203791,0.773253936028134,382.0770468959481,0.4933014950565848,10.001489705102358,4.659476181657904,1.71741649619157,426.00848010861915,1.5828907425178982,13.03869057956141,5.195225367178282,1.8013659721258992,16.02512680589298,0.010599564879727907,3.8134890468741425,0.5935232150330734,0.8848333155208994,254.13684733877835,4.691018842064295,29.388684868278915,9.412475827362162,5.923003329428151,270.1619741446714,5.320767788044671,29.58015217538209,10.005999042395237,5.9590957095577926,34.14587420323896,0.02134685896402111,6.146188339103631,1.0670585688512175,1.3407996141724623,225.72562493477017,2.9049833986300655,17.179400792267188,7.053925779211568,3.0563965685780166,259.87149913800914,3.712287122769396,21.847676395843706,8.120984348062786,3.509738502424369,43.76025719899745,0.010269655752020768,4.4568544462125175,0.47565496955432013,0.7276357590516547,401.7485055348684,0.4933014950565848,10.001489705102358,4.366831581900743,1.6372747634711295,445.50876273386586,1.4648312700789234,13.03869057956141,4.842486551455064,1.6675346025264408,52.66787079284973,0.010079819108396393,3.0039582961757496,0.42474089349072364,0.5852057791718493,479.44345228292286,0.4933014950565848,9.765568784820971,3.8664794538945393,1.6147001284510578,532.1113230757726,1.5615567219680646,10.176334891700588,4.291220347385263,1.6092794346792536,35.47210380623036,0.010716519030191662,5.421934053641873,0.5630492667655612,0.8726849539207535,295.492759408118,1.9616067045299133,13.79808679186408,4.690361260446317,2.784820270588096,330.9648632143483,2.1283157287648837,15.243290418084054,5.253410527211878,2.985612102813756,53.12332723964894,0.010229295433270558,2.9115725755114785,0.4249866179171915,0.5620752290958954,444.06506721847745,0.4933014950565848,9.821356364442181,3.5525205377478195,1.730780084373811,497.18839445812637,1.4648312700789234,10.176334891700588,3.977507155665011,1.686752086049207
c<D>r<40>R<GLN>,133.9251024567486,0.8820858586368502,3.9623017832610765,1.809798681847954,0.5938762455594813,65.39340938981874,1.7077578863482368,4.779897829689294,3.2696704694909373,0.7910424691974344,78.36692130674585,2.13215018883905,5.081574461735762,3.4072574481193847,0.7306526280106898,146.04120952057784,0.8820858586368502,3.6871899475850127,1.537275889690293,0.4017761068108771,164.2981568920533,0.8820858586368502,3.6871899475850127,1.676511805020952,0.5274793048757971,112.46735670725833,0.9459825825691656,3.7681322853028267,2.5560762888013255,0.4736311278074949,177.13398136880326,0.8820858586368502,3.6871899475850127,1.4885208518386828,0.372406380483195,44.81490079918733,0.011847117781996097,5.346117278576699,0.5532703802368806,0.9299554717279639,391.3504112709527,1.4797421198281882,13.441012018991614,4.83148655890065,1.962481923794385,436.16531207014,1.5828907425178982,13.56860128795542,5.384756939137531,1.9793103650308626,16.401984895424413,0.010599564879727907,2.6518011849754366,0.5467328298474804,0.7063034898977777,233.25020649137377,1.3283706677411828,16.70295501290184,7.775006883045792,3.2953085577279184,249.65219138679814,1.7628564745629673,17.58167185963562,8.32173971289327,3.3933376906976047,26.642081274104584,0.02134685896402111,3.455666227659041,0.8073357961849874,0.8095672435831464,187.81337581440653,2.6025338885349356,11.98864940956264,5.691314418618379,1.7128125957876197,214.4554570885111,2.924901233437738,12.098095989117517,6.498650214803367,1.6635065204953092,43.24073479872599,0.011011963393997348,5.2795824527073165,0.49701994021524126,0.8872436934471257,363.44120288651357,0.5756086577694077,10.3170210825931,4.177485090649581,1.6416245710389101,406.68193768523963,0.9365222917095204,10.341796650980612,4.6745050308648235,1.6743228072081968,55.90375773261451,0.010239530698707977,3.316173977942844,0.47780989515055133,0.6371393938078194,417.9396281435886,1.4797421198281882,7.613870548958403,3.5721335738768256,1.3291542684855921,473.8433858762032,1.5828907425178982,8.779215155665614,4.049943469027378,1.3668683683000349,31.330965161588654,0.012813574143581974,3.685327251685628,0.44758521659412365,0.5857298125600451,285.2487497049867,1.3283706677411828,15.09463006126407,4.0749821386426675,2.230846929324245,316.5797148665754,1.7628564745629673,15.173627965822021,4.5225673552367915,2.176362294107574,53.35663303451043,0.010239530698707977,2.9115725755114785,0.44463860862092025,0.5530213971786977,384.2210615800643,0.5756086577694077,7.613870548958403,3.201842179833869,1.3150521604982608,437.57769461457474,0.9365222917095204,7.775534348354792,3.6464807884547894,1.2953144306524818
c<D>r<41>R<GLN>,139.42439066742276,0.8820858586368502,3.9388407832496934,1.8107063723041916,0.6055137606222207,52.963895592262844,1.7077578863482368,4.873983760357548,3.3102434745164278,0.861507703291407,67.06529974771746,2.187015212632854,5.105423009030513,3.529752618300919,0.8123084231034803,149.25749366362473,0.8820858586368502,3.6457632632924923,1.5878456772726035,0.4560371165022501,167.65735212040636,0.8820858586368502,3.5121145448970585,1.7284263105196531,0.5631619795194495,92.70931925321746,0.9459825825691656,4.042872625888191,2.5752588681449295,0.5258372587332932,176.72410412449253,0.8820858586368502,3.5121145448970585,1.550211439688531,0.41845025610422154,55.319401964175384,0.011847117781996097,5.279461200753428,0.6746268532216511,1.0392564322724784,383.8033382767196,1.4797421198281882,10.169655462864512,4.680528515569751,1.5225406003269841,439.122740240895,1.5828907425178982,11.183107549877413,5.355155368791403,1.6895648965828238,10.114578993716433,0.010599564879727907,2.6518011849754366,0.45975359062347426,0.5880982142769762,171.6696799927313,1.3283706677411828,21.215351601739712,7.803167272396877,3.9688661987502223,181.7842589864477,1.7628564745629673,21.990327359710555,8.26292086302035,3.9529024426814927,17.997228792746853,0.02134685896402111,2.9684544662396597,0.782488208380298,0.8670786948134122,146.0729936112632,2.6025338885349356,11.98864940956264,6.350999722228835,1.8899383271758958,164.07022240401005,2.924901233437738,12.098095989117517,7.1334879306091326,1.8658254783495198,52.797917103271786,0.01121698661062176,4.528794728835386,0.4980935575780357,0.8221202831817671,471.70166203702706,0.5756086577694077,10.3170210825931,4.450015679594595,1.6219921147517047,524.4995791402989,0.9365222917095204,11.183107549877413,4.948109237172631,1.7155326476186743,62.819411316668884,0.012801544035132117,3.3755296031760365,0.5191686885675114,0.6487610750940198,480.5543929486628,1.4797421198281882,10.169655462864512,3.9715239086666347,1.4048617295998982,543.3738042653316,1.5828907425178982,11.04585538128879,4.490692597234146,1.4562484400125555,18.906933909323694,0.012813574143581974,2.6329946493962026,0.35673460206271124,0.44892665976929935,228.98416305015166,1.3283706677411828,15.653077759789085,4.320455906606635,2.4579580981008804,247.89109695947536,1.7628564745629673,15.718587725035754,4.677190508669346,2.4045539797898487,59.19087226328456,0.01059994254496388,2.581934134054068,0.45884397103321367,0.5507349901397453,469.55521990573175,0.5756086577694077,10.169655462864512,3.6399629450056725,1.3899205411780033,528.7460921690163,0.9365222917095204,11.04585538128879,4.098806916038885,1.4328966981659927
c<D>r<42>R<ARG>,140.5921104316202,1.3822270030008474,4.050748726628873,2.037566817849568,0.7964250875748348,54.283386380868365,1.7077578863482368,5.113864719465276,3.392711648804273,1.0188816999624135,79.40543338332418,2.187015212632854,5.107893975531192,3.60933788106019,0.8068270463109235,148.50670342783505,1.312899997165657,4.050748726628873,1.726822132881803,0.6391393418292838,166.17218010680295,1.2187064022403715,4.050748726628873,1.8062193489869887,0.6794300497330238,104.50304708675911,1.7077578863482368,5.04414103922441,2.6795653099169003,0.5934320742309668,174.77322566731505,1.2187064022403715,4.050748726628873,1.6034240886909636,0.5160889019897134,61.13929588853921,0.012088591655119885,4.528794728835386,0.7739151378296102,1.0246323113420093,403.36782907409474,1.6688035442202818,10.07992186293086,5.105921887013857,1.7570241877261017,464.50712496263395,1.8123566640136717,10.961934653504215,5.879837024843468,2.0175436795518022,12.072167807292189,0.010599564879727907,3.9093941792499685,0.6706759892940105,1.068069077209982,144.0398181419189,1.3578084564371693,14.95389550775235,8.002212118995494,3.174513016811225,156.11198594921106,1.7749405009924584,15.007478821368448,8.672888108289504,3.317535653904898,34.721622330986314,0.027165518775333908,9.549363264088349,1.0850506978433223,1.9209575524046618,241.69913400561086,2.6025338885349356,15.480544795930655,7.553097937675339,2.805645457912372,276.42075633659715,2.924901233437738,17.531018606480863,8.638148635518661,3.324415283585468,56.85808502430531,0.01121698661062176,4.528794728835386,0.5985061581505822,0.9201790668100633,445.6296368618491,1.6688035442202818,10.3170210825931,4.690838282756307,1.784786050400489,502.4877218861544,1.8123566640136717,10.961934653504215,5.289344440906889,2.059543639947874,65.92283252357686,0.010025405368814688,4.3263481453510835,0.5359579879965598,0.7724979102808339,517.8429653236606,1.5010282569746778,10.948702752052668,4.210105409135452,1.44582994592043,583.7657978472373,1.6749864972952597,10.975050496942922,4.74606339713201,1.5115104277086395,32.977472098697476,0.011303352926177013,7.429977440720352,0.5318947112693141,1.1305519618279418,353.3393841252521,1.3578084564371693,15.653077759789085,5.69902232460084,3.173135767318219,386.31685622394957,1.7749405009924584,16.49214109364815,6.230917035870155,3.2685764802658706,61.11570584116871,0.011303352926177013,4.3263481453510835,0.4968756572452741,0.727353100821652,467.2296159054408,1.2398560003057355,7.66728859027171,3.7986147634588683,1.3099472598151014,528.3453217466094,1.6749864972952597,8.222189890705186,4.295490420704142,1.4279605603368577
c<D>r<43>R<LEU>,131.8593969765885,1.444669059319388,3.9388407832496934,1.9110057532838913,0.7290041210435062,60.73205443004094,1.7077578863482368,5.648853766019537,3.5724737900024084,0.9264888699888608,62.28634957479967,3.55579735126003,5.448225011881448,4.152423304986645,0.522292483862114,144.96926808296024,1.1725751971437104,3.9388407832496934,1.6663134262409223,0.6354502842470552,154.57280724526484,1.2187064022403715,3.916816919765305,1.8185036146501745,0.7056004071732547,90.17293069219717,1.7077578863482368,5.04414103922441,2.732513051278702,0.6394737686800566,166.4583038234681,1.1725751971437104,3.916816919765305,1.6161000371210494,0.5817749200215176,57.15433925461074,0.012088591655119885,3.1870009916774213,0.6421835871304578,0.8128287982062885,431.78974159295376,1.4811052620243572,8.144958538651736,4.851570130257907,1.1343271863988162,488.94408084756446,1.5629336400173712,8.814519299501526,5.493753717388365,1.11652648368228,15.068055744348243,0.013342844883005966,3.5316127109572086,0.6278356560145101,0.8610607003769006,193.39573493200783,1.3578084564371693,15.390163236474109,8.058155622166993,3.042724000906546,208.46379067635607,1.7749405009924584,16.952451636910894,8.685991278181502,3.240382389007341,18.716297090797802,0.10944657955487713,5.783016110767836,0.9850682679367264,1.273110078051853,144.72033284534086,4.492324821687362,19.997486674347783,7.616859623438993,3.528837636832925,163.4366299361387,5.788849178417509,20.679285885847186,8.601927891375722,3.5166487610925925,56.78999539944717,0.01121698661062176,2.8223171874750044,0.5794897489739508,0.745048221632774,470.13758633791326,2.6478232433701123,13.677965366410717,4.797322309570544,1.4089034324271548,526.9275817373605,2.682600944111444,13.705291881582678,5.376812058544495,1.3612615873071567,63.9407155750905,0.010025405368814688,2.8223171874750044,0.524104226025332,0.6220251363237083,546.0379265400302,1.4811052620243572,10.948702752052668,4.475720709344509,1.404568107735138,609.9786421151207,1.5629336400173712,10.975050496942922,4.999824935369841,1.3974600984266594,24.445257538351367,0.011303352926177013,4.646811514647554,0.5820299413893183,0.9225320523979389,251.32474344453863,1.3578084564371693,15.653077759789085,5.9839224629652055,3.109681534567451,275.77000098289,1.7749405009924584,15.718587725035754,6.565952404354523,3.0909218628424915,65.09924516091887,0.011303352926177013,3.858501973415102,0.5612003893182661,0.7126131945006915,499.6068443642912,2.1645458648608837,9.780704500841239,4.3069555548645795,1.3609397403821502,564.70608952521,2.466263357706598,9.79326902326559,4.868155944182845,1.3715721408990733
c<D>r<44>R<ILE>,131.79388543960678,1.3450611786735254,3.7669889544531507,1.8304706311056498,0.5721411248439977,74.11814511213527,2.1461145160769797,5.094806838757295,3.3690065960061486,0.7250642528215842,56.5647530310652,3.267690194839516,5.637782112645104,4.040339502218943,0.5432114323239841,145.7974566937763,1.1725751971437104,3.7669889544531507,1.5347100704608032,0.3724745620147918,149.33629754223927,1.2187064022403715,3.7669889544531507,1.7165091671521755,0.5351133955788453,99.02786486845379,2.1461145160769797,5.094806838757295,2.676428780228481,0.5806003251413826,163.77177924232996,1.1725751971437104,3.7669889544531507,1.488834356748454,0.3365652474865661,53.12998243302649,0.014913339950382465,4.51747166398019,0.632499790869363,0.8471484433936656,391.67189643290453,1.4811052620243572,10.630400015053056,4.662760671820292,1.2379395254314793,444.80187886593114,1.5629336400173712,11.040479053453405,5.295260462689656,1.2900997872031357,29.460830474602346,0.013342844883005966,7.79163591008497,0.7962386614757391,1.5176635024260974,301.81932461144993,1.3578084564371693,13.212592382454204,8.1572790435527,2.8931481934500316,331.28015508605233,1.7749405009924584,15.75366113422998,8.95351770502844,3.196061611447273,16.68989433649633,0.01162408809972959,4.368607463877737,0.8344947168248165,1.0184891065368828,170.54617707921534,4.492324821687362,16.62937944193345,8.527308853960767,4.147604103037855,187.23607141571165,5.788849178417509,16.64100353003318,9.361803570785582,4.101539393446377,52.52809682271309,0.01121698661062176,4.51747166398019,0.5648182454055171,0.8129589777077569,422.21342181116074,1.1514518790290822,9.245551849145158,4.539929266786674,1.3790138983418363,474.74151863387385,1.303683415113062,9.510817807268332,5.104747512192192,1.3945046175323288,55.650685627694074,0.010025405368814688,5.228115473057779,0.49248394360791214,0.7116276210807976,463.654482623984,1.4811052620243572,10.630400015053056,4.10313701437154,1.3095774951372516,519.3051682516781,1.5629336400173712,11.040479053453405,4.5956209579794525,1.3467676376374542,34.63199888497602,0.010281260762668332,5.4854410137469625,0.6184285515174289,1.0882343627372968,309.58085673831533,1.3578084564371693,14.725306664367963,5.528229584612774,3.0822170662396093,344.2128556232914,1.7749405009924584,14.786367549957227,6.1466581361302035,3.2132071969053433,55.956117082841914,0.011303352926177013,6.064300494754798,0.49518687683930895,0.8014473961424863,449.48278813627894,1.1514518790290822,8.90483993041289,3.9777237888166277,1.4290190463667796,505.43890521912084,1.303683415113062,9.071101319027044,4.472910665655936,1.4247230606824042
c<D>r<45>R<PHE>,126.06208991485524,1.3428358456199994,3.6532807812789976,1.8008869987836462,0.578457651441408,48.84166993701115,2.1461145160769797,6.188757735323393,3.4886907097865105,0.8930237887828435,61.939032785572685,2.788482229224498,6.295866121877878,4.129268852371513,0.9249478604784136,134.35091977214694,1.1725751971437104,3.625924779664524,1.580599056142905,0.4508812768789498,145.87768669420444,1.2227549122564212,3.5601362709927584,1.6962521708628424,0.5337428249623966,80.96690933530273,2.0899089616140776,4.795799980024017,2.6988969778434244,0.6118460020424933,152.8422911728893,1.1725751971437104,3.3507648334275615,1.5132900116127654,0.35543983777461263,47.03202457285881,0.010075321101362888,2.9704151662616045,0.5533179361512801,0.7659981080496696,397.50968596631265,0.49634815977697144,12.848911983314792,4.676584540780149,1.3731310921493713,444.54171053917145,1.5629336400173712,13.558669403948603,5.229902476931429,1.3572176167089216,8.95447771373759,0.013342844883005966,2.7768896645121366,0.44772388568687954,0.7035049531756078,170.09821958547127,4.2075671720212995,13.212592382454204,8.504910979273564,2.8687641850211296,179.05269729920886,4.292598797952724,13.402904304293287,8.952634864960443,2.94906335397197,20.781342259046813,0.019652064643722156,6.803935398280963,0.9446064663203096,1.5012072198331259,209.40624250446126,5.030053025162488,19.08051388151671,9.518465568384602,4.441430526758044,230.18758476350808,5.788849178417509,19.490630622992388,10.463072034704913,4.613527205284371,47.47937242644596,0.010075321101362888,2.963993872784365,0.5720406316439273,0.73351546980438,371.59445264308215,0.49634815977697144,10.42550771423521,4.477041598109423,1.4295452080988325,419.073825069528,1.303683415113062,10.879933206188806,5.04908222975335,1.4179862794726859,52.38142295665799,0.010980081858944502,3.0570313728451106,0.48501317552461104,0.6429410507936036,446.21653143856656,0.49634815977697144,12.373143871515822,4.131634550357098,1.6651676085361207,498.5979543952246,1.1510188253448668,12.55558551883103,4.616647725881709,1.6433310865915418,23.293787889423612,0.011302816385208914,6.641864608108676,0.6295618348492868,1.1341238536366935,175.71898221363335,2.1132297742951778,12.639825465164904,4.74916168144955,2.751267665893424,199.01277010305697,2.6204547232307336,19.28169007327358,5.3787235162988365,3.291608372344938,49.01778725728663,0.010980081858944502,2.7729623905538325,0.4713248774739099,0.5934346355958124,411.2730503315661,0.49634815977697144,12.373143871515822,3.954548560880443,1.6338744690166043,460.2908375888527,1.1510188253448668,12.55558551883103,4.425873438354353,1.5960524049735065
c<D>r<46>R<ALA>,108.06885416588321,1.3428358456199994,4.555201080952712,2.2054868197119024,1.0326865005887995,46.0719088382869,2.7331972462635976,6.382636892194446,4.188355348935173,1.3880674335016863,57.96566275054896,2.788482229224498,6.295866121877878,4.140404482182069,0.8571751013139028,117.35844946100133,1.3252647345959012,4.289318806201064,1.9239090075573988,0.8870032264859699,125.00424960507075,1.226014390039,4.555201080952712,1.9531914000792305,0.8681746565485337,76.04724955454304,2.0899089616140776,4.795799980024017,2.924894213636271,0.7406399300442493,133.46604633541145,1.226014390039,3.9152510234315474,1.7561321886238348,0.7132659464919774,37.18567625026272,0.010980081858944502,3.0456501791120925,0.6761032045502313,0.8462409535505254,361.1135107707578,0.49634815977697144,17.38912126989817,6.56570019583196,3.4082205262956013,398.29918702102054,1.872279334659424,17.493293129879525,7.241803400382191,3.525534852344867,10.450111425868004,0.028219312170151056,6.700737927081292,0.6966740950578669,1.6329269484646536,170.76048173876916,4.342440630914098,18.341696297608905,11.384032115917943,3.8545021623652453,181.21059316463715,5.241775296248516,18.369915609779056,12.08070621097581,4.058045004199938,17.666641400599755,0.027242808708653143,3.105559673573193,0.8833320700299877,0.9482905541875374,214.8868028687375,5.030053025162488,22.150532374857903,10.744340143436876,4.581922930442683,232.55344426933723,6.348427100829733,22.186837438241245,11.627672213466862,4.458390052323159,37.77008259130564,0.010980081858944502,5.004810259598228,0.6191816818246826,0.892628889287674,384.5872644972724,0.49634815977697144,16.85455343547892,6.304709254053646,3.2221523342100498,422.35734708857797,1.872279334659424,17.10169405368115,6.923890935878327,3.3361004351290147,39.98967197322805,0.010956140618441523,5.358256645515688,0.5712810281889721,0.8456557021293293,368.7867046811225,0.49634815977697144,13.64610397017168,5.268381495444607,2.8075842115268324,408.77637665435043,1.1510188253448668,15.239703417964748,5.839662523633578,2.886127608137228,18.842267732631683,0.0108763462515018,2.6126655903934477,0.6280755910877228,0.8238172351280677,181.69150548966627,2.1132297742951778,14.77769888394414,6.056383516322209,3.307710689074274,200.53377322229792,2.6204547232307336,14.986827902173118,6.684459107409931,3.527313549008279,38.05071912608098,0.010956140618441523,5.004810259598228,0.5359256214940983,0.8039693157662837,350.75072199938404,0.49634815977697144,13.250392572213968,4.940151014075831,2.7296258762683108,388.801441125465,1.1510188253448668,13.492763608568966,5.476076635569929,2.813903788937086
c<D>r<47>R<GLY>,106.36789841150505,1.3880212207270677,3.886810871953239,1.8339292829569838,0.5834582095222862,63.056600302924686,2.7331972462635976,6.188757735323393,3.941037518932793,1.0251686211108137,53.68191172692571,2.961018226528837,4.681037612581797,3.8344222662089793,0.501320579359328,120.16746179088742,1.3223972817162135,3.886810871953239,1.6022328238784989,0.4811379850073337,124.50216478761942,1.226014390039,3.396307914308285,1.7055091066797181,0.5141897380159695,84.73374714521245,2.224818415140494,4.795799980024017,2.7333466821036274,0.5555920012472216,137.699160940099,1.226014390039,3.573403223253388,1.5299906771122112,0.39103467742791387,37.21331479610962,0.020426854339488543,5.345217234155392,0.8089851042632527,1.1971714390006198,256.9623711674965,1.690714857666535,10.449195798546498,5.586138503641228,1.8665904470871895,294.1756859636062,1.796483142310212,10.693199693282157,6.395123607904483,1.9546458402080165,25.863228563707608,0.010676675312708994,6.653674504605101,1.077634523487817,1.7394453072048368,239.1574483731588,4.342440630914098,18.341696297608905,9.96489368221495,2.8945107797912804,265.0206769368664,5.241775296248516,18.369915609779056,11.042528205702766,2.87368230473922,20.28821897934909,0.027533882232331663,7.264498174294971,1.193424645844064,1.6873623174415586,151.7228352879265,4.560142308969262,16.095239347649112,8.924872663995677,3.6901153355066296,172.0110542672756,6.348427100829733,16.541477355109045,10.118297309839742,3.666459553544111,39.231191873883574,0.020426854339488543,5.284016698704969,0.7846238374776715,1.2364237614592029,284.0799669109715,1.690714857666535,16.85455343547892,5.6815993382194305,2.578441502916734,323.3111587848551,1.796483142310212,16.87969130041074,6.466223175697102,2.5397796601857348,40.47328189999868,0.011983380049047199,5.773641474190775,0.6226658753845951,1.1296881915499237,284.0102683111095,1.117315927902382,8.957979418550167,4.369388743247838,1.7360306177161722,324.4835502111082,1.1510188253448668,9.2071727221469,4.992054618632434,1.905531605841531,23.85286431624668,0.010281260762668332,6.3480618304127745,0.5963216079061671,1.2958276182133195,207.00035847903337,2.1132297742951778,14.725306664367963,5.175008961975834,2.8716674832805835,230.85322279528006,2.6204547232307336,14.786367549957227,5.771330569882002,3.035445994958666,40.46996531395743,0.011983380049047199,5.133610242177065,0.6131812926357186,1.1208485320233998,274.2229198216039,1.117315927902382,8.90483993041289,4.1548927245697564,1.722312966101847,314.69288513556137,1.1510188253448668,9.122778389188621,4.768074017205476,1.848980444065746
c<D>r<48>R<LYS>,103.15543060743121,1.3570607903216878,3.886810871953239,1.842061260846986,0.6604291863779922,45.677343899707644,2.7969202733889937,6.188757735323393,3.806445324975637,1.1183037574486505,52.91349768603426,2.961018226528837,4.681037612581797,3.779535549002447,0.4503396729184489,112.25726253997209,1.318046709995992,3.886810871953239,1.6269168484053926,0.5796883627373685,124.77686956611424,1.2267926303472163,3.932034319090539,1.757420698114285,0.6537357478754375,77.92114699196011,2.212346413941019,4.795799980024017,2.8859684071096336,0.6624075170064904,133.30679807564627,1.2267926303472163,3.886810871953239,1.5869856913767413,0.5485727688900147,30.63611995587768,0.010075321101362888,4.166381577515674,0.5570203628341397,0.7903198240142849,287.0038427492509,0.4863694579471485,10.449195798546498,5.218251686350016,1.9875923460336906,317.6399627051286,1.8938745115072184,11.483753233659806,5.7752720491841565,2.103980658234974,9.797918609748184,0.016674565895106852,3.802107347837179,0.6998513292677274,1.0049280349138296,123.0544732173787,4.342440630914098,13.43427452868059,8.789605229812764,2.276695391171584,132.8523918271269,5.241775296248516,13.96854047934439,9.489456559080493,2.24444981551825,8.527158676192164,0.027533882232331663,2.002471767429043,0.7751962432901967,0.741607514074191,101.98752081802013,4.560142308969262,14.497965263237347,9.271592801638194,4.101519335434273,110.5146794942123,6.348844411408448,15.210644961710244,10.04678904492839,3.8682677441092017,31.286199623833006,0.010075321101362888,3.3758280371380245,0.5046161229650485,0.6836208194468163,321.7979312115492,0.4863694579471485,10.165365219277191,5.190289213089503,1.9849705089085217,353.08413083538227,1.8938745115072184,10.693199693282157,5.6949053360545525,2.053625062446777,36.93809389772931,0.012116841054462313,3.6020010619844918,0.48602755128591196,0.6836542478185366,331.49377337364604,0.4863694579471485,8.925806745255613,4.361760175969027,1.7808662024909008,368.4318672713753,1.1510188253448668,9.55676702859132,4.847787727254938,1.8584755177593788,15.9345759579327,0.011178543171055821,2.9338477550145186,0.45527359879807716,0.6266018045572309,174.4009905014134,2.1132297742951778,15.866827805688445,4.982885442897525,3.005293154809468,190.33556645934607,2.6204547232307336,16.672702632337412,5.438159041695602,3.073709790915929,37.22123744895551,0.012116841054462313,4.135112475412427,0.45391752986531114,0.719002889028829,350.54412975948253,0.4863694579471485,8.925806745255613,4.274928411701007,1.841425025022602,387.765367208438,1.1510188253448668,9.55676702859132,4.728845941566317,1.8984327572732904
c<D>r<49>R<GLN>,97.62827849869993,1.3679071941284446,4.846169929588927,1.8774668942057677,0.730071365773086,48.85134085010687,2.291909113123158,6.067624254887029,3.757795450008221,1.1458929889879328,65.66628782501118,2.195674552295302,6.6328195715603515,4.104142989063199,0.9540009731185656,107.9355505223873,1.312899997165657,4.099993212577108,1.6353871291270803,0.5900137865173594,124.52878698839913,1.2187064022403715,4.342975817380607,1.8047650288173787,0.7228432535512603,85.61931801100222,2.195674552295302,5.2349802757613615,2.8539772670334074,0.6941742381781058,133.76353593342878,1.2187064022403715,4.123973170817787,1.6116088666678168,0.5790378009533013,29.97491659594406,0.010075321101362888,3.2187516939377145,0.5449984835626193,0.7673954988711367,269.4137115391477,0.4863694579471485,10.630400015053056,4.898431118893595,1.6902250683616287,299.3886281350918,1.8938745115072184,11.040479053453405,5.443429602456214,1.734439772766957,15.487882551137472,0.016674565895106852,4.093649211381692,0.967992659446092,1.4098395794723801,123.84582000171417,1.3578084564371693,13.572301796402826,7.740363750107136,2.969626841356798,139.33370255285166,1.7749405009924584,13.83276640825506,8.708356409553229,3.3781586627564453,23.69598246524687,0.01162408809972959,7.118897043564228,0.9478392986098748,1.419583213044599,255.1080996836256,4.492324821687362,16.706209128997443,10.204323987345024,4.166911706993365,278.80408214887245,6.224326359936958,17.048028008962987,11.152163285954899,4.072462974493296,31.532632687882582,0.010075321101362888,4.3862012170031575,0.5169284047193866,0.8352735996524181,281.8288244625685,0.4863694579471485,8.90483993041289,4.6201446633207945,1.6560564417803438,313.3614571504511,1.8938745115072184,9.162816312847426,5.1370730680401815,1.6523175908161294,39.7873792649078,0.010382853195467945,2.7849282711081793,0.4420819918323089,0.6265378432005609,419.10547342277755,0.4863694579471485,16.706209128997443,4.656727482475306,2.1203516381024867,458.8928526876854,1.8938745115072184,16.83745790713401,5.0988094743076156,2.1424463565272536,27.103395433560898,0.011178543171055821,3.37240536185616,0.5892042485556717,0.7869855022626271,304.9621675638987,1.3578084564371693,16.706209128997443,6.629612338345623,3.600446707351777,332.06556299745955,1.7749405009924584,16.74682594611574,7.218816586901295,3.647609076540008,40.85062642559713,0.011303352926177013,4.135112475412427,0.4538958491733014,0.7975860258025315,400.3319070845221,0.4863694579471485,16.706209128997443,4.448132300939134,2.2167949220181504,441.1825335101192,1.8938745115072184,16.74682594611574,4.902028150112435,2.2023146753600122
c<D>r<50>R<LEU>,124.57742625541614,1.3679071941284446,5.106926265653144,1.9165757885448638,0.8259784899479135,44.35868976896602,2.771275498109611,5.094806838757295,3.6965574807471686,0.6771363340595487,63.99602764568942,2.193217892275778,4.681037612581797,3.764472214452319,0.7203341131851709,134.98569895074556,1.312899997165657,5.106926265653144,1.7305858839839174,0.7312917333184066,145.54388553009147,1.2187064022403715,3.8893219392376817,1.7535407895191744,0.6798892301402905,82.42687349701062,2.193217892275778,4.438925807476721,2.747562449900354,0.5570439372746498,155.2183265344785,1.2187064022403715,3.8893219392376817,1.6168575680674844,0.564154528070292,46.16554443270069,0.010075321101362888,3.2536581559148203,0.6324047182561738,0.7794770206101602,371.7338691847017,0.4863694579471485,10.979550791537804,5.092244783352078,1.581611529798167,417.8994136174024,1.8938745115072184,11.065743214424712,5.724649501608252,1.6990713271295173,7.429429881313059,0.016674565895106852,4.093649211381692,0.6754027164830053,1.2038741065806213,86.36228565475813,5.966102811225937,11.408472864533906,7.851116877705284,1.3723878867472212,93.79171553607118,6.790428239793128,12.071036428849968,8.526519594188288,1.6285804172440541,16.904024263096755,0.014108263644132535,2.313730433132182,0.7349575766563806,0.6034408233858508,195.2658938201912,3.6270830886624026,27.01854971087687,8.489821470443095,4.7559760067283365,212.169918083288,4.502643540320284,27.05768348371017,9.224779047099478,4.542243053988375,47.927391217578666,0.010075321101362888,3.2665238094600486,0.5916961878713416,0.7843881626458935,397.3325940885461,0.4863694579471485,10.979550791537804,4.905340667759829,1.624574238671986,445.25998530612475,1.8938745115072184,11.065743214424712,5.49703685563117,1.6684514188115307,53.06146581142427,0.011819461940163478,4.3263481453510835,0.5053472934421359,0.6933295524321222,467.29316703879704,0.4863694579471485,9.298418884523926,4.45041111465521,1.3730593555769017,520.3546328502214,1.8938745115072184,9.414106154215347,4.9557584080973465,1.4113560549894635,18.885280793410843,0.011178543171055821,2.4617829410847882,0.4292109271229737,0.5910366249238016,304.03536593849276,2.226044938034647,27.01854971087687,6.90989468042029,5.095364802380872,322.9206467319036,2.644990657581424,27.05768348371017,7.339105607543264,5.048475800153891,53.25763408373044,0.011303352926177013,4.3263481453510835,0.512092635420485,0.7352552877936661,441.3680666941209,0.4863694579471485,9.283098768738455,4.2439237182127005,1.4348635473525913,494.6257007778513,1.8938745115072184,9.414106154215347,4.756016353633186,1.4594609744763454
c<D>r<51>R<GLU>,99.1749087619353,1.3679071941284446,4.267759691144402,2.0239777298354142,0.8885397944913239,50.852394177803525,1.7077578863482368,5.862753476669334,3.632313869843109,1.1185945121526302,63.26737106661639,2.187015212632854,4.9279813729293975,3.7216100627421405,0.864530796709525,111.81032092011549,1.3145089482252243,4.100495293737577,1.7470362643768045,0.7370431451662839,119.27009915099855,1.2187064022403715,3.8555562865268858,1.7801507335969933,0.7070122452889784,88.13465589714241,1.7077578863482368,4.438925807476721,2.7542079967857003,0.6438716195590976,130.93257031331703,1.2187064022403715,3.8555562865268858,1.5967386623575248,0.5259787553549857,29.23721148890676,0.010075321101362888,3.3261141040119195,0.6799351509048084,0.8242452762585919,216.76077014732618,0.4863694579471485,8.68276636551036,5.040948142961074,1.6422699298071697,245.99798163623294,1.8938745115072184,10.961934653504215,5.7208832938658825,1.8060257569291043,10.460011757568877,0.012056618713142342,6.87322599297638,0.9509101597789887,1.9087035426879106,95.60849697053163,6.0907150230887055,13.029228382325527,8.691681542775603,2.0761648940324866,106.06850872810051,7.015674698903146,16.784128007627054,9.642591702554592,2.991553852203151,18.702834164283576,0.014108263644132535,2.1248148124720716,0.6449253160097785,0.6017107537786589,238.84311776465165,3.6270830886624026,15.698191570282688,8.235969578091437,3.3425659050225622,257.5459519289352,4.216432153162948,16.304677864267752,8.880894894101214,3.198162657446011,29.723242313113346,0.010075321101362888,3.2536581559148203,0.5307721841627383,0.7055139413230785,283.2036589779191,0.4863694579471485,13.927020369857928,5.057208196034269,2.0881182704157784,312.92690129103244,1.8938745115072184,13.953726073698991,5.587980380197008,2.1235544106006197,32.44657010298353,0.010079819108396393,4.3263481453510835,0.4213840273114744,0.6192785678789218,331.5462880668156,0.4863694579471485,9.283098768738455,4.305795948919683,1.3029566689202188,363.99285816979915,1.8938745115072184,9.414106154215347,4.727179976231158,1.3500584348960092,21.96027585878991,0.011303352926177013,4.242895761246896,0.42231299728442134,0.6973430709205795,340.86762585834276,2.229490375681962,17.195550323394855,6.5551466511219765,3.409133837807012,362.8279017171327,2.644990657581424,17.46876118110739,6.977459648406398,3.4620630380991444,33.99870873081089,0.011303352926177013,4.3263481453510835,0.40962299675675773,0.6224141530145969,352.7691722655827,0.4863694579471485,10.462700802888321,4.250230991151599,1.6341673818437283,386.7678809963936,1.8938745115072184,10.69751808886794,4.659853987908357,1.6646988363174346
c<D>r<52>R<ASP>,106.57453948199655,1.3792408868803245,4.267759691144402,2.0108403675848407,0.8525250809814607,50.5957466475363,1.7077578863482368,5.862753476669334,3.6139819033954503,1.0014324999520314,71.5129843611638,2.1476902139145757,4.922253105076705,3.57564921805819,0.769060944451366,117.3003732377896,1.3145089482252243,4.050748726628873,1.7250054887910236,0.7046656276619804,130.01317403641153,1.2187064022403715,4.050748726628873,1.7569347842758314,0.6646015459875746,95.46578070510313,1.7077578863482368,4.438925807476721,2.727593734431518,0.5953409905047258,140.40337756430316,1.2187064022403715,4.050748726628873,1.57756604004835,0.5012639015419642,34.93354404087915,0.012094302853148164,2.945349433975805,0.6351553461978027,0.7412018015441975,293.4842196317468,3.681811251511135,8.917863710297752,5.336076720577214,1.175507574391568,328.417763672626,4.071921318714256,9.297101487503149,5.971232066775018,1.1335308144021612,5.959939800475257,0.0566042378272309,1.2231175418477598,0.5418127091341143,0.38680526240359103,83.4673868149348,5.543960178002635,11.910661913971126,7.587944255903164,1.984837259425387,89.42732661541005,5.85614733391578,13.133779455818885,8.129756965037277,2.2000264742449356,24.68210662670818,0.014108263644132535,4.224788458801429,0.7259443125502406,0.7926163483577633,239.2302051320803,3.078941436357127,15.379600864915119,7.036182503884715,3.096463187267166,263.91231175878846,3.203297813499447,16.510305003908265,7.762126816434955,3.0133003220933317,31.818503042321623,0.012172287180753472,3.155474725403054,0.482098530944267,0.6692352739567416,335.5702398898138,3.47359029186282,8.917863710297752,5.084397574088088,1.2963232852691786,367.3887429321355,3.683434413602922,9.018037023905894,5.566496105032356,1.2453039266359534,39.74584078590068,0.010079819108396393,2.928390070400164,0.4465824807404571,0.6084374817128583,376.3995272931352,2.057740016571188,11.022090797592682,4.22920817183298,1.298239291205438,416.14536807903585,2.1731264390867304,11.054387502202113,4.675790652573436,1.2784127528529319,22.12997296315509,0.013599088845962726,2.192659723536342,0.3882451397044753,0.4843187950786816,263.25710778939265,2.202663618731094,10.206606282976281,4.618545750691099,2.0163072891794998,285.3870807525478,2.644990657581424,11.06886908129197,5.006790890395575,2.032063016539727,39.43107642347884,0.011054463445585583,3.8878742133217745,0.4285986567769439,0.6346534386611835,374.6443337180199,1.8811441302286767,11.022090797592682,4.072221018674129,1.4792367105476272,414.0754101414987,2.1731264390867304,11.054387502202113,4.500819675451073,1.437484725433886
c<D>r<53>R<GLY>,85.9530253929717,1.4473486017157127,3.795295362435307,1.8685440302819933,0.6200923824574918,49.164883245781986,2.290219233864176,4.912764885213868,3.2776588830521325,0.8083440096601113,72.40505840945058,2.1476902139145757,4.943680831604174,3.6202529204725287,0.7776818771740077,97.31949146647327,1.3145089482252243,3.795295362435307,1.5696692172011817,0.4906985507220899,114.84553826249022,1.2155567185915892,3.509148812157536,1.7141125113804512,0.5502595584846667,97.18166131674958,2.1476902139145757,4.438925807476721,2.6994905921319328,0.5572762843428832,124.77038592960663,1.2155567185915892,2.9243413312438276,1.5032576618024895,0.35091479839216316,21.543024372803572,0.012094302853148164,2.845496641129115,0.5822439019676641,0.6768230128955767,206.51093182807926,3.729801415208385,11.79782549142692,5.581376535894035,1.5799810624031563,228.05395620088285,4.098621572833678,12.566218962716263,6.163620437861699,1.5417056407493221,4.063339115779883,0.012056618713142342,0.9249596758144403,0.3693944650708984,0.31959068412829783,78.31678684587314,1.326509360414093,13.029228382325527,7.119707895079376,2.6534225510678184,82.38012596165302,1.7559382800272028,13.067763861941033,7.489102360150275,2.5099151239921493,22.68300511482624,0.015242557806292467,2.0820336425609742,0.6480858604236068,0.5376873712657805,235.74112607851748,3.078941436357127,14.438200193461853,6.735460745100499,2.6764459074168547,258.4241311933437,3.203297813499447,14.522160831223358,7.383546605524106,2.614493971710195,19.550183129331828,0.012172287180753472,2.2306755195418138,0.4072954818610797,0.5315038647593029,241.1009377090004,1.47783347897348,11.79782549142692,5.0229362022708415,1.726972445109194,260.6511208383322,1.5334929631793113,12.566218962716263,5.430231684131921,1.7762916407000808,29.10538189582835,0.011689363982592571,2.5215881163266776,0.41579116994040505,0.5194458460600224,287.5494509957598,1.8456861550621397,11.022090797592682,4.107849299939426,1.6188530474652032,316.6548328915881,2.1250825053204725,11.054387502202113,4.5236404698798305,1.6127345084550346,28.234936846331323,0.013599088845962726,4.242895761246896,0.4705822807721887,0.7068296842768609,304.00923002417676,1.326509360414093,19.462578565752665,5.066820500402946,3.008939004423234,332.24416687050814,1.7559382800272028,19.478679710134237,5.537402781175135,3.039473229618383,28.4103095071046,0.015472287933635087,2.5215881163266776,0.40586156438720855,0.4908487315478705,272.9202974827649,1.47783347897348,11.022090797592682,3.8988613926109275,1.8167676857392192,301.3306069898694,1.5334929631793113,11.054387502202113,4.304722956998134,1.8039146517497824
c<D>r<54>R<ARG>,89.59631851021626,1.3679071941284446,3.795295362435307,1.866589968962839,0.6380390547522155,49.044088310374384,2.290219233864176,4.912764885213868,3.2696058873582925,0.7359141883144383,62.99316279965015,2.1586443779426463,4.712653510940415,3.705480164685303,0.6804191748437077,99.15571423322575,1.3145089482252243,3.795295362435307,1.5493080348941524,0.4403643194907484,113.31137254434415,1.2187064022403715,3.181341786480777,1.7168389779446083,0.5385052301801421,89.35391937039022,2.1586443779426463,4.438925807476721,2.707694526375461,0.5249355652160752,123.0881941298849,1.2187064022403715,2.9243413312438276,1.501075538169328,0.34505391547924813,28.46371347329061,0.012094302853148164,2.945349433975805,0.60561092496363,0.7647475986565089,220.92975184117586,0.4863694579471485,7.220080928415882,4.700633017897359,0.9636577611921707,249.39346531446648,1.8938745115072184,7.23217523126903,5.306243942860989,0.8969992130245784,6.234849709004756,0.012056618713142342,1.1127496980526317,0.4156566472669837,0.34858500392204167,127.54109421231715,1.326509360414093,18.79709111952252,8.502739614154477,4.364472212637218,133.77594392132193,1.7559382800272028,19.157090713232016,8.918396261421462,4.232362867823675,13.962794281235963,0.014108263644132535,1.9569264458348092,0.5370305492783063,0.5140615832648227,185.62591856533618,3.2958268005386344,14.438200193461853,7.139458406359084,2.7629225783060694,199.58871284657215,3.3599484388036522,14.522160831223358,7.6764889556373905,2.669768002561484,26.206876821414134,0.010566430081956568,2.6016673598138915,0.4441843529053243,0.6252529200014338,268.5238877689626,0.4863694579471485,8.048585129090498,4.551252335067162,1.0176104994015132,294.73076459037674,1.8938745115072184,8.075992000234939,4.995436687972487,0.9258902342013092,33.89719561337638,0.01170800969204766,2.378031457135977,0.4842456516196626,0.6058935170454776,266.93291246585704,0.4863694579471485,6.942661721748664,3.813327320940815,1.118921706798457,300.8301080792334,1.8938745115072184,6.954369731440711,4.297572972560477,1.0312322661519981,25.551194586533086,0.013599088845962726,4.242895761246896,0.4913691266640978,0.7900572216409608,234.50976378304495,1.326509360414093,10.866291603874743,4.5098031496739415,2.3971134084899357,260.06095836957803,1.7559382800272028,11.06886908129197,5.001172276338039,2.4559614011174844,33.73136064611964,0.010634616289951992,3.3533390135836374,0.481876580658852,0.6113857902902681,246.16070241694888,0.4863694579471485,8.048585129090498,3.5165814630992696,1.200839403211476,279.89206306306846,1.8938745115072184,8.075992000234939,3.998458043758121,1.1097856555936554
c<D>r<55>R<THR>,100.90683925762673,1.3679071941284446,4.07328021175849,1.8346698046841223,0.6234012908076507,50.966134557609045,2.291743957347114,5.5113638058526595,3.397742303840603,0.8945480860374625,66.31113858292801,2.1586443779426463,4.227728153401295,3.4900599254172637,0.48719937926080104,114.55181624609831,1.3175151370964806,4.07328021175849,1.613405862621103,0.5253898929683475,126.87075957131316,1.2223965751252626,3.7294284357242398,1.6916101276175088,0.5421027838287698,92.29785560176472,2.1586443779426463,4.072078435401824,2.6370815886218493,0.3859179005406281,140.25873610454786,1.2223965751252626,3.7294284357242398,1.5413047923576688,0.4298937035690498,40.12582449725452,0.012172287180753472,3.329652503251067,0.6800987202924494,0.8755820265201061,289.5709386917806,0.4863694579471485,7.317791315294016,4.907982011725095,1.0551250241388057,329.6967631890351,1.8938745115072184,7.3505142873098706,5.588080732017544,0.9700961284800937,8.176131398820479,0.012056618713142342,1.441050101149905,0.48094890581296934,0.41780599988013317,148.67184623633693,5.770405457675224,18.79709111952252,8.745402719784526,3.8737573697310443,156.8479776351574,6.0186423164095455,19.157090713232016,9.226351625597495,3.7140386897904465,24.240646110181032,0.01819102056985855,2.6802122408974016,0.7575201909431573,0.6668913632600396,190.94108450979456,3.2958268005386344,10.866291603874743,5.96690889093108,1.6394337157429388,215.18173061997558,3.3599484388036522,11.809227570094466,6.724429081874237,1.6109851191210316,36.89267101009253,0.010566430081956568,2.9089284155600694,0.49190228013456705,0.737173282077856,352.32279119606847,0.4863694579471485,7.317791315294016,4.697637215947579,1.0756648970610165,389.215462206161,1.8160703748528628,7.344495540488353,5.189539496082147,1.0104360015830407,46.34758689705319,0.01170800969204766,2.5482057811657013,0.5652144743543072,0.7006656130289347,301.2814404394576,0.4863694579471485,6.942661721748664,3.6741639077982633,1.1253370637011246,347.6290273365108,1.8938745115072184,6.954369731440711,4.23937838215257,1.108034975378863,27.776462441851596,0.014698766668622465,2.9680298157720655,0.4789045248595103,0.6831152233859347,227.6098059884862,2.1543340379648726,10.866291603874743,3.924306999801486,2.0393095355198354,255.38626843033782,2.57760736037923,10.892396587418968,4.403211524660997,2.08509446450513,46.49408174510599,0.011854712677448198,3.3533390135836374,0.5344147327023677,0.6956154150851196,293.8317776323811,0.4863694579471485,6.277640692504974,3.377376754395185,1.1417389038889632,340.325859377487,1.8160703748528628,6.348809315511547,3.9117914870975516,1.157766871369698
c<D>r<57>R<SER>,86.14000962533515,1.3679071941284446,4.206030885489926,1.8327661622411735,0.6139947723090625,35.73163235422872,2.679346322196417,4.864370855543137,3.248330214020793,0.6944771296928628,56.37742751523317,2.1586443779426463,4.34332619787962,3.5235892197020733,0.5470911744568094,91.17710596099863,1.318794814665604,4.206030885489926,1.5453746773050616,0.47736295722940475,106.96375799888196,1.2091267610780967,4.050498477775452,1.6713087187325306,0.5357672068888522,72.26782761461969,2.1586443779426463,3.384856782105466,2.5809938433792747,0.3339310936619102,111.73719455282382,1.2091267610780967,4.050498477775452,1.470226244116103,0.36248701118909155,25.452296312931377,0.013721835920606829,2.9654058262133844,0.5784612798393495,0.7532027118242017,215.06760605807358,1.4868749178467624,6.73386999349259,4.8879001376834905,1.0752434901702466,240.51990237100497,1.6044724128385732,7.433314143564087,5.46636141752284,1.1646053478207266,3.0738922454668094,0.017919156762195243,1.1344040012615189,0.4391274636381156,0.3677503481172555,55.53819043053318,5.352332551607105,18.601972488192587,7.9340272043618825,4.392465422237851,58.612082675999986,5.535169134998217,19.249778552804848,8.373154667999998,4.4882500196071815,21.159224039159007,0.0536653852632103,2.6336923222863904,0.8138163091984233,0.7529851266211491,150.84295987486803,3.2958268005386344,9.185178783205629,5.80165230287954,1.2765445637661486,172.00218391402703,3.3599484388036522,9.284862561884772,6.615468612077962,1.148034890567371,21.113997660560813,0.012381262981702168,2.3326309878225286,0.4492339927778896,0.6096229358929159,218.50588368733497,0.5771908127753704,6.716870090746852,4.64906135504968,1.1523148420620655,239.6198813478958,1.5039023639101141,7.433314143564087,5.0982953478275705,1.1882347618278206,31.787437564530787,0.011854712677448198,2.7805523808644477,0.49667871194579355,0.6969560376269603,242.7040353286966,1.4868749178467624,8.411301233460108,3.7922505520108842,1.3807360988319766,274.49147289322735,1.6044724128385732,8.497230712783686,4.288929263956677,1.3965311899001285,16.16789732566706,0.012419346845127688,2.9172218761009994,0.3849499363254062,0.5053069448203737,139.02663194608704,2.1543340379648726,8.051468252717314,3.3101579034782627,1.1612399011477565,155.1945292717541,2.515144757639436,8.07940441990565,3.6951078398036694,1.1412461767626552,28.680960027732123,0.011854712677448198,2.9172218761009994,0.46259612947955037,0.6463242935340131,215.5030686086975,0.5771908127753704,8.411301233460108,3.4758559453015727,1.4849957340302262,244.18402863642964,1.5039023639101141,8.497230712783686,3.9384520747811234,1.5034177442522942
c<D>r<58>R<ASP>,59.15072186367938,1.3679071941284446,2.4686855830842966,1.6900206246765537,0.3823425350866251,35.11075728209397,2.679346322196417,4.971691295260155,3.511075728209397,0.8216148905993382,47.664447198306185,2.1586443779426463,5.7865648672431655,3.666495938331245,0.8562467719788431,69.3119866115682,1.318794814665604,3.5850405728317014,1.506782317642787,0.3202069684057165,81.20952734680746,1.2272399588894891,3.372343515934692,1.657337292791989,0.5012161014562224,67.59141186925903,2.1586443779426463,5.363860270371739,2.816308827885793,0.7234479771290069,89.86530170269079,1.2272399588894891,2.9792827482841315,1.4977550283781798,0.33827519255164157,15.664353758353652,0.02482862148809062,2.690091990593194,0.6024751445520635,0.7426582496305149,123.15587310299816,0.4863694579471485,6.73386999349259,4.736764350115314,1.1857217547061176,138.8202268613518,1.8938745115072184,6.783626206758779,5.339239494667377,0.93643588908152,1.3574959980580434,0.012056618713142342,0.5342193172917966,0.19392799972257763,0.2171020442874001,56.409982041059266,5.352332551607105,17.14561657116792,8.058568863008466,3.886968869839923,57.76747803911731,5.535169134998217,17.20349414072181,8.252496862731045,3.8086265260357175,16.198735209369815,0.0536653852632103,2.6218571235690105,0.7713683433033245,0.716479671731029,135.24073956250322,3.2958268005386344,10.866291603874743,6.440035217262058,1.8563658238257787,151.43947477187302,3.3599484388036522,11.809227570094466,7.211403560565382,1.8197513280782467,12.412908177693648,0.012381262981702168,2.5344863993683795,0.4774195452959095,0.6274557640370076,106.15765997710423,0.4863694579471485,5.645968808166799,4.082986922196317,1.0603711535642188,118.57056815479788,1.8071054415485688,5.8355329808434,4.560406467492227,0.9854633514473923,21.93463769137492,0.011854712677448198,2.5482057811657013,0.48743639314166487,0.6692609657425014,149.1581429240132,0.4863694579471485,5.074284030488343,3.3146253983114042,0.9287322088383086,171.0927806153881,1.8938745115072184,5.556641458636652,3.802061791453069,0.9301747072186699,15.224520882106908,0.014698766668622465,1.9010705560389987,0.39037233031043356,0.42959313266389093,175.19242257495534,2.1543340379648726,15.866827805688445,4.492113399357829,2.9905256467279466,190.4169434570623,2.57760736037923,15.92529641268148,4.882485729668264,3.01223194866489,18.07588903949304,0.011854712677448198,2.332663218234403,0.39295410955419646,0.5021971559974836,138.9461932065642,0.4863694579471485,5.074284030488343,3.0205694175340043,0.9460970017028868,157.02208224605727,1.8071054415485688,5.456562803602639,3.4135235270882016,0.9108866346423432
c<D>r<59>R<TYR>,106.23601288827743,1.3428358456199994,5.326140919057728,1.831655394625473,0.761086615182571,30.01727420512365,2.679346322196417,4.710458748443818,3.335252689458183,0.6931946484543323,49.077068067981955,2.1586443779426463,6.295866121877878,3.775159082152458,1.0971083054486117,111.71279510199848,1.318794814665604,4.465225574321155,1.642835222088213,0.6187609279066433,123.41176885314188,1.2239638693487334,5.100031270728251,1.714052345182526,0.6854184116118871,64.58344924219867,2.1586443779426463,5.7865648672431655,2.8079760540086376,0.8384331391044132,128.68706913480588,1.2239638693487334,4.465225574321155,1.569354501643974,0.5491804835204982,39.56141880624275,0.01293280582021783,3.5151694816399655,0.6086372124037346,0.80172875451986,306.3637380018108,0.4863694579471485,10.120329719361507,4.713288276950935,1.3473994272146341,345.9251568080536,1.872279334659424,10.912988480770288,5.321925489354671,1.3900964531259963,1.287561809791013,0.017919156762195243,0.5342193172917966,0.2575123619582026,0.2272141320659686,30.1175071705793,5.352332551607105,6.9031586784594765,6.02350143411586,0.5086023628531015,31.405068980370316,5.535169134998217,6.936678764244153,6.281013796074063,0.482447661746418,13.764904593368588,0.06412163826501782,2.6218571235690105,0.9176603062245725,0.8310707783024855,109.2332344725919,3.2958268005386344,19.622290509113554,7.282215631506127,3.8953098469994303,122.99813906596049,3.3599484388036522,21.329034233718495,8.199875937730699,4.039344680622577,34.09990804066137,0.012381262981702168,2.5344863993683795,0.5412683815977996,0.6912586761336751,271.88661174830577,0.4863694579471485,7.091944272415276,4.315660503941362,1.1298137354965316,305.9865197889671,1.8071054415485688,8.138842197165864,4.85692888553916,1.125631007796281,43.82578899883919,0.012658477228404408,2.5482057811657013,0.5344608414492584,0.6680965139153213,328.07147041350436,0.4863694579471485,10.120329719361507,4.00087159040859,1.5137811734637447,371.89725941234354,1.872279334659424,10.259495387260609,4.5353324318578485,1.484437590862635,10.57574005171831,0.012419346845127688,1.182643872885071,0.302164001477666,0.2887857856769614,160.94151195754148,2.1543340379648726,19.622290509113554,4.5983289130726135,3.9786471639276773,171.51725200925978,2.57760736037923,19.83853686164542,4.90049291455028,3.916684268323563,40.557785612157645,0.012381262981702168,2.332663218234403,0.5133896912931347,0.6153857589496614,290.764257993701,0.4863694579471485,7.091944272415276,3.680560227768367,1.3398201070013618,331.32204360585854,1.8071054415485688,8.138842197165864,4.193949919061501,1.3594698166974346
c<D>r<60>R<ASN>,77.86402297702006,1.3428358456199994,5.326140919057728,1.8991225116346355,0.8198415183325809,38.383851031781006,2.679346322196417,6.71034751987781,3.8383851031781004,1.3081775721889417,42.26714791606866,3.2093928612316294,4.802674657185225,3.842467992369878,0.4924819110237251,86.17658280677003,1.318794814665604,4.465225574321155,1.6572419770532698,0.6507275261663525,94.98337916296663,1.2239638693487334,5.100031270728251,1.7921392294899363,0.7762961304892759,61.28070025979041,2.210007581679533,5.326442108716579,2.7854863754450183,0.7505807487831699,101.60751774210152,1.2239638693487334,4.465225574321155,1.5876174647203363,0.5637546571523627,22.290309795572085,0.01384529753077235,3.5151694816399655,0.6555973469285907,0.8635234230509548,178.59967018794305,0.49634815977697144,10.120329719361507,5.252931476115972,1.6661832692990153,200.88997998351513,1.872279334659424,10.912988480770288,5.908528823044563,1.709192618039738,7.546244831350739,0.017919156762195243,3.1092836905164063,1.0780349759072485,1.1849597657045414,66.29684046273451,5.352332551607105,16.200520842898186,9.470977208962072,4.1297539685057405,73.84308529408523,5.535169134998217,18.819360100575928,10.549012184869317,5.254589093813287,9.94271009137469,0.03799580395316049,2.215985118945847,0.6628473394249794,0.6239825363046164,100.88456942936682,5.044732310090694,9.185178783205629,6.725637961957788,1.2449615668453278,110.82727952074153,5.837287428987446,9.284862561884772,7.388485301382769,0.9443672994146555,17.591173267434417,0.012381262981702168,2.9704151662616045,0.4510557248060107,0.6595760465845284,221.8182378573283,0.49634815977697144,16.21970342546865,5.68764712454688,3.2412856337587113,239.40941112476276,1.8071054415485688,16.46043784485397,6.1387028493528915,3.1407530194581503,24.308823430721816,0.012658477228404408,2.291292305917132,0.4051470571786969,0.5350381337559619,249.71945636073906,0.49634815977697144,10.120329719361507,4.161990939345651,1.6393922717435008,274.0282797914609,1.872279334659424,10.259495387260609,4.567137996524348,1.6001439865325244,9.668034133785955,0.010583881179634602,1.5667258112884035,0.3333804873719295,0.3475989513222347,123.27344805433131,2.1899361070945815,16.200520842898186,4.250808553597631,3.010017670236064,132.94148218811725,2.57760736037923,16.21110472407782,4.5841890409695605,3.092611200180365,20.763338909812155,0.010583881179634602,2.0606246684043725,0.35798860189331305,0.4692037667271932,248.44859618819737,0.49634815977697144,16.200520842898186,4.283596486003403,2.5017807598319406,269.2119350980095,1.8071054415485688,16.21110472407782,4.641585087896716,2.465423177253461
c<D>r<61>R<ILE>,118.41105823769819,1.3428358456199994,4.206030885489926,1.9411648891425932,0.7402751639048457,45.209054011624,2.679346322196417,5.274461511046317,3.4776195393556923,0.7929522312588358,49.88832280849792,2.918456710674947,4.862820758172513,3.837563292961378,0.59985707692941,127.43105986682133,1.318794814665604,4.195189464826904,1.6990807982242844,0.6550081474242411,134.88953736366057,1.2239638693487334,3.7669889544531507,1.7985271648488075,0.6829599748106182,71.12850650886939,2.210007581679533,4.483160703618713,2.6343891299581257,0.4800123763505936,142.92818304308926,1.2239638693487334,3.7669889544531507,1.6059346409335873,0.5527578247631618,47.449788651528316,0.013721835920606829,3.06345266632235,0.6977910095812988,0.8485323969553912,333.63196464507473,0.49634815977697144,8.898838426042857,4.906352421251099,1.2448509691660135,381.08175329660304,1.872279334659424,9.13281113744625,5.604143430832398,1.1644409244014287,3.452181969931546,0.017919156762195243,1.0647793906573746,0.43152274624144327,0.3641405208209674,59.77370085625898,5.352332551607105,11.477593807619996,7.471712607032373,2.143486403608585,63.22588282619053,5.535169134998217,12.542373198277371,7.903235353273816,2.3231390874680273,9.500439721957909,0.03799580395316049,2.215985118945847,0.5937774826223693,0.6382644283402765,113.24649761397541,5.044732310090694,9.185178783205629,7.077906100873463,1.3678388092321734,122.74693733593332,5.837287428987446,9.624074900454751,7.671683583495833,1.1030410918435427,44.40088162387583,0.012381262981702168,3.06345266632235,0.6082312551215867,0.7758876182685517,338.52380273739345,0.49634815977697144,8.254766747942085,4.637312366265664,1.246321089467191,382.92468436126927,1.8071054415485688,8.432253672091274,5.245543621387251,1.2567902749044138,51.65704777714672,0.012658477228404408,2.6910276609525523,0.543758397654176,0.6916291418301916,389.5255278264076,0.49634815977697144,8.411301233460108,4.100268713962185,1.2712867756332171,441.18257560355426,1.872279334659424,8.497230712783686,4.644027111616361,1.3257341590084668,12.378787328795557,0.012419346845127688,1.6389230135636232,0.34385520357765437,0.3434700549381625,132.19325932579432,2.1293473930209075,8.051468252717314,3.6720349812720645,1.637448838632932,144.57204665458988,2.57760736037923,8.07940441990565,4.015890184849719,1.6824331009309723,48.43668869213375,0.012381262981702168,2.6910276609525523,0.5098598809698289,0.6550201322625975,379.7178457959699,0.49634815977697144,8.411301233460108,3.997029955747051,1.3995908671918318,428.15453448810365,1.8071054415485688,8.497230712783686,4.506889836716881,1.4625918656389632
c<D>r<62>R<GLN>,94.84222373712822,1.3428358456199994,4.206030885489926,1.8968444747425643,0.7077145047888923,48.77793565781977,2.82162112265807,6.118924391745953,4.064827971484981,0.9687521599703525,41.52263029319525,2.918456710674947,4.483160703618713,3.774784572108659,0.5598392480648124,103.44996752327124,1.318794814665604,4.206030885489926,1.6420629765598609,0.5977194324526252,109.19743829801939,1.2202640136907068,4.206030885489926,1.7612490048067644,0.6533788542602356,66.10083104717003,2.203866921248427,5.152223782074735,2.7542012936320845,0.7140402838491382,116.91932866069234,1.2202640136907068,4.206030885489926,1.5589243821425647,0.492552634755907,26.173367039276954,0.01384529753077235,3.06345266632235,0.594849250892658,0.7612811682315629,232.87220043424531,1.4286831466397416,8.898838426042857,5.2925500098692115,1.4929664014239519,259.0455674735223,1.872279334659424,9.13281113744625,5.88739926076187,1.4373954238550557,6.429657318288784,0.0840611893788541,1.970152458243387,0.6429657318288784,0.5301243427733768,82.27178903462936,5.352332551607105,11.477593807619996,8.227178903462937,2.165830933934934,88.70144635291814,5.535169134998217,12.542373198277371,8.870144635291814,2.353151536061885,9.83074260339589,0.03799580395316049,2.215985118945847,0.6553828402263927,0.6437616373097275,100.14687360932612,5.044732310090694,9.178397090546241,6.676458240621741,1.3148958812528,109.97761621272201,5.837287428987446,9.624074900454751,7.331841080848134,1.1121081056438016,22.071153515354126,0.017761683530288508,3.06345266632235,0.4598156982365443,0.6434742454370227,238.95432922800956,1.4286831466397416,8.254766747942085,4.978215192250199,1.476988010891608,261.0254827433637,1.872279334659424,8.432253672091274,5.438030890486743,1.4577987839608788,29.65481265776532,0.010081870678781968,2.5237903181585786,0.4361001861436076,0.6080740722445283,280.9628137792463,1.4286831466397416,8.411301233460108,4.131806084988916,1.4490169126250034,310.61762643701167,1.872279334659424,8.497230712783686,4.567906271132524,1.4909880550381165,9.916310591289866,0.012419346845127688,1.6389230135636232,0.3672707626403654,0.3464903161395006,114.84450879434598,2.1293473930209075,9.360308927975893,4.253500325716518,1.9403562017799303,124.76081938563584,2.6287609142168575,9.972150177465874,4.620771088356883,2.034624355864945,26.661064427744684,0.012658477228404408,2.5207311102273717,0.41017022196530284,0.5735648565746763,262.08297521231384,1.4286831466397416,8.411301233460108,4.032045772497136,1.5367461169903,288.74403964005853,1.872279334659424,8.497230712783686,4.442215994462439,1.583761684582368
c<D>r<63>R<LYS>,72.71023826892045,1.387091520376954,3.7991826280929577,1.8177559567230113,0.6213665649219414,40.41355082383777,2.82162112265807,6.118924391745953,4.0413550823837765,0.9644327967255573,46.61332381029011,2.1988883799668395,5.732789513541416,3.8844436508575093,0.9376044962897462,81.20841543632258,1.3154373879124763,3.7398438722883522,1.5923218713004428,0.48675080647476965,91.99579321980401,1.2144454656740886,3.7278088877833864,1.7357696833925285,0.6216185595189531,67.31940786795819,2.1988883799668395,5.098762260764621,2.9269307768677475,0.8477470550290966,99.945596322981,1.2144454656740886,3.497902433101464,1.5616499425465782,0.47599680340557377,19.291656928948818,0.01384529753077235,2.810916675406143,0.6028642790296506,0.7532761294146973,155.86318458900996,2.4545334469776208,7.9691644161248405,4.870724518406561,1.31372735250051,175.1548415179588,2.5492766136008225,8.348542761958921,5.4735887974362125,1.3120975662494838,7.6918582879775235,0.0840611893788541,2.509562585010219,0.8546509208863915,0.7818424014242591,71.89504881673929,5.820827275652846,10.793881015205443,7.988338757415477,1.8575221326751858,79.58690710471681,6.7485118981953125,11.649146276849091,8.842989678301869,1.782356196769142,11.927021391307354,0.08129901425347619,4.134639192509718,0.8519300993790967,1.0447351635432134,100.55965248166171,5.143659267136172,9.178397090546241,7.182832320118694,1.2757069528302345,112.48667387296905,6.180366522661119,10.864502885239796,8.03476241949779,1.5047337092421467,17.447761345165837,0.014692575362458271,2.4169840985422963,0.47156111743691453,0.5760809045755295,173.2522159510977,2.4545334469776208,7.9691644161248405,4.6824923230026405,1.3662947711770506,190.69997729626354,2.5492766136008225,8.348542761958921,5.154053440439555,1.3690171273903542,25.36141102892988,0.010084427580435928,3.7043042825688097,0.49728256919470354,0.7125053707726465,208.09114261038326,1.8948613625116195,10.300714853165118,4.080218482556535,1.66164993064067,233.45255363931312,2.0722529809119425,10.414811011096786,4.577501051751238,1.7153947122413664,16.292420457201466,0.02791838434817251,3.1936345448274093,0.6788508523833944,0.8711374645942435,120.23463962535516,2.1293473930209075,9.360308927975893,5.009776651056465,2.285677208772793,136.52706008255663,2.6287609142168575,9.972150177465874,5.68862750343986,2.516352793577426,26.893779308455898,0.010084427580435928,3.9801545351682925,0.5488526389480796,0.8995297199763788,186.81995387503184,1.8948613625116195,7.367030093388394,3.812652119898609,1.4082525213291104,213.71373318348773,2.0722529809119425,9.613788907979977,4.361504758846689,1.6153900930470615
c<D>r<64>R<GLU>,99.28992325919471,1.3621314429613334,5.688046453009168,1.8387022825776798,0.7930188321168107,36.88492511580454,2.82162112265807,6.118924391745953,4.098325012867171,1.0005112374216687,60.43941585078688,2.1988883799668395,5.031481289799888,3.55525975592864,0.7691303769741298,104.55910322040083,1.3154373879124763,4.844495282808217,1.6086015880061666,0.586569279428915,123.58913266585844,1.2144454656740886,4.010643520819603,1.7165157314702562,0.6025674027941073,82.52751492888673,2.1988883799668395,5.031481289799888,2.9474112474602405,0.7966938346757045,128.8756554540631,1.2144454656740886,3.497902433101464,1.5527187404103988,0.44832931269325366,30.790779484625347,0.010811323429707365,3.608009483751694,0.6283832547882724,0.8756748733266416,307.00689979513004,0.48100572147541243,17.926669683260116,6.2654469345944905,3.2310848718799345,337.7976792797554,1.8843058417654626,18.296055473490235,6.893830189382763,3.251375785804084,7.880639399082017,0.0840611893788541,2.509562585010219,0.7880639399082017,0.7681498687889462,90.10479321802359,5.820827275652846,18.209744401284297,9.010479321802359,3.536706324580337,97.9854326171056,6.7485118981953125,18.39852551238879,9.79854326171056,3.3281914169458395,21.524095854295545,0.1503974404351558,4.134639192509718,1.024956945442645,1.0144627463103673,136.83225874716186,3.978532356537471,9.219083064879896,6.515821845102946,1.4069357012986623,158.35635460145738,4.589770071250154,10.864502885239796,7.540778790545589,1.4943322349605321,28.899838842056326,0.010811323429707365,3.608009483751694,0.5557661315780063,0.7705987340629707,301.9566148855631,0.48100572147541243,14.430911119148732,5.806857978568521,2.770807606287015,330.8564537276195,1.8843058417654626,14.665593930404555,6.362624110146529,2.8797693557654873,39.45193176702266,0.010084427580435928,3.4522632049124446,0.5479434967642036,0.7483679337989902,304.2095330437403,0.48100572147541243,10.300714853165118,4.225132403385282,1.6994948749586372,343.66146481076294,1.8843058417654626,10.414811011096786,4.773075900149485,1.7774362323507311,23.852840968683783,0.02409994501817181,4.254143482762492,0.7015541461377583,0.9547387830840107,174.71190393310667,2.1293473930209075,9.360308927975893,5.138585409797255,2.296745370353926,198.56474490179048,2.6287609142168575,9.972150177465874,5.840139555935014,2.447909974375276,39.000115191066314,0.010084427580435928,4.771375758786437,0.5735311057509752,0.938245594789679,277.6714833207104,0.48100572147541243,13.37110828623645,4.083404166481036,1.9044161951079475,316.6715985117768,1.8843058417654626,13.808974551670982,4.656935272232012,2.0517215440337027
c<D>r<65>R<SER>,113.75708307025042,1.3428358456199994,6.047164339831237,1.8347916624233938,0.7840590338168325,37.628495297083795,2.82162112265807,5.274461511046317,3.7628495297083795,0.6584968725556318,68.33592922212773,2.2035326580266386,5.098762260764621,3.7964405123404297,0.7275339736518481,119.36664796543941,1.3135502221216278,6.047164339831237,1.6351595611704028,0.7024841702126606,137.17734501445432,1.2202640136907068,4.492505466989957,1.693547469314251,0.6233384115997588,80.8324097223568,2.2035326580266386,5.098762260764621,2.787324473184717,0.7418376532263145,142.17767993721384,1.2202640136907068,4.492505466989957,1.545409564534933,0.5172259851026751,38.47086354655006,0.010811323429707365,5.107739042849937,0.6411810591091677,1.0230578658785534,320.4579298565593,0.49634815977697144,20.74521614076366,5.3409654976093215,2.629152019927895,358.9287934031094,1.872279334659424,20.91371858387416,5.98214655671849,2.7104876295913547,6.339304851334172,0.19165889685373472,2.509562585010219,0.9056149787620246,0.7229503489911991,48.80724150386959,5.783126005852864,10.634506776063972,6.9724630719813705,1.5629981831304591,55.14654635520377,6.7485118981953125,10.826165672917707,7.878078050743396,1.317591301119803,20.47348811161659,0.03799580395316049,2.6235792685414037,0.7874418504467919,0.7332572914172568,173.68763763981792,3.978532356537471,11.311174923442195,6.680293755377613,1.6461327137420885,194.1611257514345,4.589770071250154,11.675989763588639,7.467735605824403,1.4429676651550798,37.32294477554496,0.010811323429707365,5.107739042849937,0.6220490795924161,0.9525913026416863,299.382864157938,0.49634815977697144,16.031274784244488,4.9897144026323,2.1896058786498824,336.705808933483,1.872279334659424,18.187108478557796,5.611763482224717,2.4986366632241745,40.64725700937227,0.010811323429707365,3.259902270985756,0.47820302363967376,0.6803523829787305,335.7339817901159,0.49634815977697144,6.7187323316120455,3.9498115504719515,1.116371765334691,376.3812387994882,1.872279334659424,7.889188534319576,4.428014574111626,1.1724943837706219,20.579662370429293,0.012419346845127688,4.3709359960274465,0.7096435300148032,0.967967905426904,120.53070465109681,2.0435910216701814,7.302126489479633,4.156231194865407,1.7688729250147897,141.1103670215261,2.6287609142168575,8.113435317290971,4.86587472488021,1.9828221152436083,38.23702049223441,0.010811323429707365,3.588719748629977,0.48401291762322035,0.6906384427790369,317.85446178660095,0.49634815977697144,16.031274784244488,4.023474199830392,1.84331274506361,356.0914822788354,1.872279334659424,16.39443365389885,4.507487117453612,1.8542059905241413
c<D>r<66>R<THR>,128.36152563869166,1.3428358456199994,4.54787053254976,1.8876694946866421,0.7440582022789799,58.79460231490465,2.1461145160769797,7.3273984226797655,3.9196401543269768,1.2810941210584679,70.13712351441531,2.199478204868359,4.492505466989957,3.5068561757207655,0.6969318184705211,138.5419032652846,1.1725751971437104,3.9429759825465696,1.6493083722057689,0.5889296450809186,159.37295664835366,1.2202640136907068,3.940029522606504,1.7907073780713896,0.6459674111033302,95.9916503924628,2.0899089616140776,4.492505466989957,2.6664347331239666,0.5146101948420083,167.96517635538362,1.1725751971437104,3.835829738156216,1.5996683462417487,0.4902848186674184,47.3364665127671,0.012770471408497741,4.3117107618611925,0.5991957786426215,0.8544193631268612,419.083552194875,0.48100572147541243,15.436999149033227,5.304855091074367,2.1662249098928363,466.4200187076421,1.3260678384238367,15.58328790494951,5.904050869716989,2.1049981640008717,15.79514603891403,0.013342844883005966,2.89482538503211,0.8313234757323174,0.8773294961424004,176.50431090145958,4.2075671720212995,18.17505511341915,9.28970057376103,3.957951400829273,192.29945694037363,4.292598797952724,18.42744844147501,10.121024049493348,4.218961393279733,23.032223748595094,0.02767707498655092,3.9030822992526417,0.8858547595613497,0.9412464945040345,162.95605126076703,3.978532356537471,10.287152265289478,6.267540433106424,1.3998906456734646,185.98827500936213,4.589770071250154,10.429513275726677,7.153395192667774,1.177033649291336,46.2659105451302,0.012770471408497741,3.1646438467155082,0.5574206089774723,0.7446317810311861,443.5975966664912,0.4744872995697733,15.436999149033227,5.344549357427605,2.4984592673134145,489.8635072116213,1.303683415113062,15.58328790494951,5.901969966405076,2.3716512662555798,59.29677554227991,0.011593533283665636,4.382878687126264,0.5342051850655848,0.8177332497251314,448.6026933679302,0.48100572147541243,9.198784886159274,4.041465706017389,1.3918399844149434,507.89946891021003,1.3260678384238367,9.232571892375983,4.575670891082973,1.4149298283979557,31.704540478325416,0.010703857400368832,4.3709359960274465,0.7205577381437595,1.0976503901334562,221.0901134247424,2.0435910216701814,11.292808079864699,5.024775305107782,2.556468747105429,252.7946539030678,2.6287609142168575,12.175714933353024,5.745333043251541,2.603601953440074,59.825661181121575,0.012770471408497741,3.6212403300205764,0.5865260900109959,0.8403562030656342,413.4280883236229,0.4744872995697733,11.011612111023169,4.0532165521923815,1.7634099009790352,473.2537495047444,1.303683415113062,11.105013142505374,4.639742642203377,1.7152193380052054
c<D>r<67>R<LEU>,140.23123664320758,1.3428358456199994,3.916816919765305,1.8451478505685208,0.6704703712449597,52.04546299487765,2.1461145160769797,4.664981348931124,3.4696975329918436,0.5439576462412681,61.5444016815737,2.5808399111540186,4.681037612581797,3.8465251050983564,0.5428810944991709,150.1190420286613,1.1725751971437104,3.916816919765305,1.6317287177028403,0.5717785357984173,165.19908864520838,1.2227549122564212,3.916816919765305,1.776334286507617,0.6365581364985133,83.88648115138085,2.0899089616140776,3.4586083372894287,2.6214525359806515,0.34325455304387736,174.05163385025475,1.1725751971437104,3.916816919765305,1.5968039802775664,0.5259064863007081,57.81693183590808,0.012770471408497741,2.9755633061838545,0.5899686922031436,0.766320471627434,490.4877624522712,0.49634815977697144,12.848911983314792,5.004977167880319,1.4814763793158974,548.3046942881793,1.3260678384238367,13.558669403948603,5.594945860083463,1.4224834886120548,9.820290906696085,0.013342844883005966,1.8194409408290966,0.4676329003188612,0.5100920912283323,151.21636216323304,4.117294475906419,13.187196457017308,7.200779150630145,2.3774128778823043,161.03665306992914,4.292598797952724,13.402904304293287,7.668412050949007,2.360507785148435,17.685090517245065,0.019652064643722156,3.9030822992526417,0.8038677507838666,0.8558481428654919,153.41224633886827,4.765153273655642,18.93749483929514,6.973283924494012,2.9574710232481336,171.09733685611332,5.788849178417509,18.957146903938863,7.777151675277878,2.681384881750319,56.76897626769923,0.012770471408497741,2.963993872784365,0.6104190996526799,0.7183974884650731,446.44791929704274,0.4744872995697733,11.838520471345873,4.800515261258524,1.425250343042158,503.216895564742,1.303683415113062,11.891814956358978,5.410934360911204,1.3011777540877278,66.44914703509482,0.012770471408497741,3.0570313728451106,0.5402369677649985,0.6995601371985999,521.2146288810097,0.49634815977697144,12.14388383548885,4.237517307975689,1.4792151835669851,587.6637759161046,1.3260678384238367,12.434073449345131,4.777754275740687,1.4986483787670861,24.641387946665837,0.011302816385208914,3.568358264752879,0.6844829985184955,0.9818502727735628,166.7080986311173,2.05733637132289,11.011612111023169,4.630780517531036,2.065026831589329,191.34948657778315,2.947139502903143,11.105013142505374,5.315263516049532,1.9082262622117039,64.74489240004219,0.012770471408497741,3.036814896568943,0.5885899309094744,0.724920575881669,460.22110237144443,0.4744872995697733,11.011612111023169,4.183828203376768,1.491362916556962,524.9659947714865,1.303683415113062,11.105013142505374,4.772418134286241,1.4321765093282917
c<D>r<68>R<HIS>,126.4600974478154,1.3450611786735254,3.8893219392376817,1.8327550354755855,0.5796016024727267,67.218359319478,2.1461145160769797,4.974449401856098,3.3609179659738997,0.6263888778854371,64.40884500383942,2.788482229224498,5.920447530569271,4.025552812739964,0.6493135120257223,140.56228143360957,1.1725751971437104,3.8893219392376817,1.5618031270401063,0.4329482076372793,152.1850609278135,1.2227549122564212,5.100522912424318,1.7695937317187618,0.6558251389620152,99.10327483464239,2.0899089616140776,4.974449401856098,2.6784668874227675,0.6142303076318509,164.9481105323584,1.1725751971437104,4.65264190647391,1.5415711264706393,0.48124333801240216,44.495280539240554,0.012460298276880444,3.052893886993372,0.5360877173402476,0.7703160260207086,391.62437152769917,1.202823440231441,7.402555425271203,4.718365922020472,1.0581017495961975,436.11965206693975,1.3260678384238367,7.428981343102552,5.25445363936072,1.081174417121079,14.567261470962302,0.013342844883005966,2.5358953746773203,0.4855753823654101,0.6308161309455842,219.50719953883754,1.3454754252716157,13.187196457017308,7.316906651294585,2.6012059860681758,234.07446100979988,1.7794466909404392,13.402904304293287,7.802482033659996,2.6456924842762177,22.580205681954354,0.02767707498655092,3.312234591194933,0.9408419034147647,0.8082877269883469,164.96225185476146,4.8982993240970245,12.712811267440884,6.873427160615061,2.1616632758737215,187.54245753671583,5.660553897602877,14.305099520075078,7.814269064029826,2.2349970238720993,45.10650219647465,0.012460298276880444,2.7849294403155316,0.5500792950789591,0.6931133834465717,366.110364806083,0.4744872995697733,10.42550771423521,4.464760546415646,1.3029284514758213,411.2168670025576,1.303683415113062,10.971146087017107,5.014839841494605,1.3031478093546418,53.61352768582106,0.010025405368814688,2.5002125657979377,0.47029410250720227,0.594285962315692,484.2119243210759,1.202823440231441,10.070092421517984,4.247473020360315,1.5176222166699012,537.825452006897,1.3260678384238367,10.100224353320364,4.717767122867517,1.6045370665331,31.8401945388351,0.011302816385208914,3.5197316229566873,0.6243175399771588,0.8502559278610533,247.44623024767225,1.3454754252716157,11.011612111023169,4.851886867601417,2.2433464126124187,279.2864247865073,1.7794466909404392,11.105013142505374,5.476204407578575,2.1773487340109194,53.20737323854706,0.012770471408497741,3.036814896568943,0.48370339307770055,0.6306827421776119,470.3518752949369,0.4744872995697733,11.011612111023169,4.2759261390448815,1.8181383409085912,523.559248533484,1.303683415113062,11.105013142505374,4.759629532122582,1.7906152811529423
c<D>r<69>R<LEU>,141.73442849389835,1.3450611786735254,3.69034513598094,1.9153301147824102,0.6527768287169533,60.92236289664998,2.1461145160769797,4.218875557637216,3.206440152455262,0.5348359260496762,72.35643917351828,2.1999474849616933,5.448225011881448,3.8082336407114887,0.6436039106770491,153.63353032669843,1.1725751971437104,3.6244224959108307,1.6343992587946643,0.5302103555210201,164.08047121546934,1.2201597142500604,3.6244224959108307,1.745536927824142,0.5835586094082871,102.75921917058878,2.1461145160769797,5.04414103922441,2.6348517736048405,0.5074770135039021,176.00816955896025,1.1725751971437104,3.6244224959108307,1.5439313119207039,0.438894657077384,61.5766655082576,0.012460298276880444,6.004094307077718,0.7244313589206777,1.025291953520775,406.3815034331226,1.202823440231441,8.042093351356925,4.780958863919089,1.1799713781973735,467.9581689413802,1.3260678384238367,9.74405001317849,5.505390222839767,1.2408494800958532,13.857250290974294,0.04746392124788912,3.5567079478096595,0.5773854287905956,0.8391886204453126,175.17985381359858,4.117294475906419,14.95389550775235,7.299160575566607,2.5169533991861415,189.03710410457288,4.292598797952724,15.007478821368448,7.876546004357203,2.747424597837232,15.576340401956335,0.02940017142174689,2.9684544662396597,0.5990900154598591,0.6503463667142287,224.51730125413792,4.417740853680016,23.73980399527136,8.635280817466843,4.792782483365983,240.09364165609423,4.702815766617103,23.811330455795087,9.234370832926702,4.650149369303657,58.15540933801582,0.01121698661062176,5.2008042813554205,0.5934225442654676,0.8503193401281557,440.76720320522986,0.4744872995697733,11.250556811508432,4.4976245225023455,1.4720810045682295,498.9226125432457,0.9365222917095204,11.285532344109255,5.091047066767813,1.5077870542243508,65.76961492215261,0.010025405368814688,4.130172774739921,0.5621334608730992,0.7167599864737092,475.41165871673616,1.202823440231441,8.388107138847772,4.0633475103994545,1.1453344262543177,541.1812736388888,1.3260678384238367,8.4081900200235,4.6254809712725535,1.2188120024387852,25.132144486331555,0.012282290628518933,3.5197316229566873,0.465410083080214,0.7489179802028371,262.85166175432573,2.0896450494155943,23.73980399527136,4.8676233658208465,3.5464654249269536,287.98380624065726,2.4208941338397096,23.811330455795087,5.333033448901061,3.4396230455507015,64.18552729830148,0.012171889292057259,3.547436671419023,0.5348793941525123,0.6747506644687297,459.9359903396114,0.4744872995697733,7.255319146335978,3.832799919496762,1.2260698083938173,524.121517637913,0.9365222917095204,7.2955998746519874,4.367679313649275,1.273480519219336
c<D>r<70>R<VAL>,136.8585390273339,1.37042800635756,3.542505129863728,1.7773836237316092,0.5152660519432145,60.81654298303596,2.291909113123158,6.208359063587102,3.8010339364397474,1.0571153600357996,74.06418737175328,2.1999474849616933,5.472666353856769,3.7032093685876637,0.7918913580268304,151.66873068701864,1.1725751971437104,3.6457632632924923,1.6134971349682834,0.46797099771396333,167.2810309986776,1.2227549122564212,3.354634557942791,1.7069492959048735,0.49614593455711953,103.19916670571716,2.1999474849616933,4.600901898096947,2.7891666677220854,0.5237242542405861,182.1171437651439,1.1725751971437104,3.6457632632924923,1.583627337088208,0.4441322564926755,49.575659105189814,0.012460298276880444,3.2465698543394588,0.6982487197914058,0.8669754069411992,302.698937475682,0.48821962641977734,9.099319458851141,4.263365316558901,1.4217035680132006,352.2745965808718,1.5629336400173712,10.500096952094825,4.961614036350307,1.5401635803669957,17.922660688490005,0.018176004667010304,3.9093941792499685,0.8146663949313638,1.1360308565590533,197.5363347852499,1.3578084564371693,15.951519367451738,8.97892430842045,3.604810559826847,215.4589954737399,1.7749405009924584,16.04817316896024,9.793590703351812,3.761200463134069,28.200080264101317,0.022676350191197514,6.606617052227627,1.0444474171889377,1.507911823214438,219.55618080603904,2.6025338885349356,21.623053783989235,8.131710400223668,3.902451136463601,247.75626107014037,2.924901233437738,21.645730134180432,9.176157817412607,4.040266985168637,54.847834846039774,0.01121698661062176,3.7254316450990554,0.5961721178917366,0.834376670633781,400.7987105957109,0.48821962641977734,12.990734560341025,4.3565077238664225,1.7602412768174713,455.6465454417507,1.7514407401148633,13.839337702051903,4.95267984175816,1.8436176595696794,66.48059396448159,0.010025405368814688,4.116089423514968,0.5318447517158527,0.7715897163560019,510.20838288656455,0.48821962641977734,8.915019258942266,4.0816670630925165,1.5498200198003782,576.6889768510462,1.5629336400173712,9.513226440794835,4.613511814808369,1.5624152080504141,33.179753221802684,0.013546981739551711,4.832839231338603,0.6032682403964125,0.9393547950214195,306.90392430339375,1.3578084564371693,12.975146229950951,5.580071350970796,2.306084902310115,340.08367752519655,1.7749405009924584,13.08385414588247,6.18333959136721,2.4164491944652946,70.70873330717801,0.011983380049047199,4.116089423514968,0.5161221409283067,0.7791964909768991,550.5453755768526,0.48821962641977734,8.915019258942266,4.0185793837726465,1.485446821515708,621.2541088840306,1.7514407401148633,9.258778636902763,4.534701524700954,1.4862400321361495
c<D>r<71>R<LEU>,141.25870833531667,1.37042800635756,3.8468237587104857,1.8110090812220085,0.6264280096670002,48.21702325659814,2.291909113123158,5.659908398222009,4.018085271383178,1.0218360813654308,66.96904553300243,2.1999474849616933,5.472666353856769,3.9393556195883783,0.8140395833986915,148.95260586999416,1.3217051002210072,3.8468237587104857,1.6368418227471886,0.5351252624840545,162.9464434184261,1.2260455583636656,3.589395384625922,1.6973587856086052,0.5466946999239836,87.95747310108113,2.1999474849616933,5.472666353856769,2.9319157700360376,0.808035470194027,170.99306151209808,1.2260455583636656,3.589395384625922,1.5687436835972302,0.45302554544469836,56.605962318077026,0.010130803393799681,5.8649618355070885,0.6903166136350857,1.124591862550024,385.1713866891657,0.48287368544339415,9.016844533646008,4.697212032794703,1.933730332706475,441.7773490072427,1.8123566640136717,10.408331476849995,5.387528646429789,2.00681104059011,10.534992574996908,0.01400412893214309,2.65122033705763,0.6584370359373067,0.738338899428425,178.10361646823827,1.3578084564371693,17.715870225922117,11.131476029264892,4.131469927291865,188.6386090432352,1.7749405009924584,19.04010505453962,11.7899130652022,4.323079370288509,28.36512162544589,0.017549962948642417,10.46957629826385,1.0909662163633036,2.1440951455836648,251.31021248408962,2.6025338885349356,24.10917363391951,9.665777403234216,5.689768218834939,279.67533410953547,2.924901233437738,24.126723596868153,10.756743619597518,5.675022013581018,55.22959064596623,0.010130803393799681,6.680928402429416,0.5875488366592152,1.05140349887398,407.33729439144537,0.48287368544339415,10.3170210825931,4.333375472249418,1.752115852797049,462.56688503741157,1.7514407401148633,10.341796650980612,4.920924308908634,1.8625108428309989,68.43321318304444,0.010130803393799681,5.1155999602341975,0.5950714189829952,0.9055223404255932,478.0441213179221,0.48287368544339415,9.093104335334829,4.15690540276454,1.7235395470111678,546.4773345009665,1.8123566640136717,9.193121551904476,4.751976821747535,1.6806650297826098,29.379171449257356,0.013546981739551711,5.009301994160751,0.6995040821251751,1.0392903453282434,282.6070118354069,1.3578084564371693,22.895876307100536,6.7287383770334985,4.164970690497981,311.9861832846643,1.7749405009924584,23.317648533219202,7.428242459158675,4.260882822705145,68.63204327126181,0.010130803393799681,4.74793405984851,0.5916555454419121,0.8810203106949015,443.41354763706903,0.48287368544339415,8.54887669414444,3.8225305830781813,1.4743057615715611,512.045590908331,1.7514407401148633,8.55900749753824,4.414186128520094,1.4839901807820162
