TARGET,MODEL_KEY,MODEL,PRED_DOCKQ,DockQ
7O9W,7O9W/fold_7o9w_1_model_0,fold_7o9w_1_model_0,0.19646190106868744,0.640603244304657
7O9W,7O9W/fold_7o9w_1_model_1,fold_7o9w_1_model_1,0.1260131597518921,0.6619728207588196
7O9W,7O9W/fold_7o9w_1_model_2,fold_7o9w_1_model_2,0.1762388050556183,0.7814293503761292
7O9W,7O9W/fold_7o9w_1_model_3,fold_7o9w_1_model_3,0.184065580368042,0.7428423762321472
7O9W,7O9W/fold_7o9w_1_model_4,fold_7o9w_1_model_4,0.17590908706188202,0.618364155292511
7O9W,7O9W/fold_7o9w_2_model_0,fold_7o9w_2_model_0,0.18198150396347046,0.7362119555473328
7O9W,7O9W/fold_7o9w_2_model_1,fold_7o9w_2_model_1,0.214028999209404,0.7385815382003784
7O9W,7O9W/fold_7o9w_2_model_2,fold_7o9w_2_model_2,0.17046162486076355,0.6425489187240601
7O9W,7O9W/fold_7o9w_2_model_3,fold_7o9w_2_model_3,0.2085680365562439,0.7506738901138306
7O9W,7O9W/fold_7o9w_2_model_4,fold_7o9w_2_model_4,0.21274083852767944,0.7473369836807251
7O9W,7O9W/fold_7o9w_3_model_0,fold_7o9w_3_model_0,0.1340259462594986,0.6428043246269226
7O9W,7O9W/fold_7o9w_3_model_1,fold_7o9w_3_model_1,0.1458851546049118,0.7338804602622986
7O9W,7O9W/fold_7o9w_3_model_2,fold_7o9w_3_model_2,0.2273080199956894,0.7234565019607544
7O9W,7O9W/fold_7o9w_3_model_3,fold_7o9w_3_model_3,0.2506619393825531,0.6643152236938477
7O9W,7O9W/fold_7o9w_3_model_4,fold_7o9w_3_model_4,0.16656699776649475,0.7355434894561768
7O9W,7O9W/fold_7o9w_4_model_0,fold_7o9w_4_model_0,0.23810076713562012,0.7309184670448303
7O9W,7O9W/fold_7o9w_4_model_1,fold_7o9w_4_model_1,0.18943877518177032,0.7211141586303711
7O9W,7O9W/fold_7o9w_4_model_2,fold_7o9w_4_model_2,0.20421379804611206,0.6286413073539734
7O9W,7O9W/fold_7o9w_4_model_3,fold_7o9w_4_model_3,0.1579861342906952,0.6553260684013367
7O9W,7O9W/fold_7o9w_4_model_4,fold_7o9w_4_model_4,0.12874555587768555,0.742527186870575
7O9W,7O9W/fold_7o9w_5_model_0,fold_7o9w_5_model_0,0.20579807460308075,0.7303152084350586
7O9W,7O9W/fold_7o9w_5_model_1,fold_7o9w_5_model_1,0.16195394098758698,0.6972064971923828
7O9W,7O9W/fold_7o9w_5_model_2,fold_7o9w_5_model_2,0.2100817710161209,0.7222608923912048
7O9W,7O9W/fold_7o9w_5_model_3,fold_7o9w_5_model_3,0.19553004205226898,0.5914673805236816
7O9W,7O9W/fold_7o9w_5_model_4,fold_7o9w_5_model_4,0.2625320553779602,0.7404999732971191
7OM4,7OM4/fold_7om4_1_model_0,fold_7om4_1_model_0,0.1502416878938675,0.6171428561210632
7OM4,7OM4/fold_7om4_1_model_1,fold_7om4_1_model_1,0.14061065018177032,0.47890976071357727
7OM4,7OM4/fold_7om4_1_model_2,fold_7om4_1_model_2,0.31620392203330994,0.4479548931121826
7OM4,7OM4/fold_7om4_1_model_3,fold_7om4_1_model_3,0.19824564456939697,0.45257896184921265
7OM4,7OM4/fold_7om4_1_model_4,fold_7om4_1_model_4,0.13360467553138733,0.4493308365345001
7OM4,7OM4/fold_7om4_2_model_0,fold_7om4_2_model_0,0.1028965562582016,0.6283533573150635
7OM4,7OM4/fold_7om4_2_model_1,fold_7om4_2_model_1,0.057328298687934875,0.63361656665802
7OM4,7OM4/fold_7om4_2_model_2,fold_7om4_2_model_2,0.06091645359992981,0.46294736862182617
7OM4,7OM4/fold_7om4_2_model_3,fold_7om4_2_model_3,0.005293846130371094,0.44995489716529846
7OM4,7OM4/fold_7om4_2_model_4,fold_7om4_2_model_4,0.016713250428438187,0.4549473822116852
7OM4,7OM4/fold_7om4_3_model_0,fold_7om4_3_model_0,0.24298793077468872,0.4901428520679474
7OM4,7OM4/fold_7om4_3_model_1,fold_7om4_3_model_1,0.09133531153202057,0.48015788197517395
7OM4,7OM4/fold_7om4_3_model_2,fold_7om4_3_model_2,0.4201151132583618,0.48290976881980896
7OM4,7OM4/fold_7om4_3_model_3,fold_7om4_3_model_3,0.10431336611509323,0.483902245759964
7OM4,7OM4/fold_7om4_3_model_4,fold_7om4_3_model_4,0.08413244038820267,0.4907819628715515
7OM4,7OM4/fold_7om4_4_model_0,fold_7om4_4_model_0,0.1427231729030609,0.6025939583778381
7OM4,7OM4/fold_7om4_4_model_1,fold_7om4_4_model_1,0.3262610137462616,0.5949624180793762
7OM4,7OM4/fold_7om4_4_model_2,fold_7om4_4_model_2,0.25104689598083496,0.5871879458427429
7OM4,7OM4/fold_7om4_4_model_3,fold_7om4_4_model_3,0.35658809542655945,0.5879398584365845
7OM4,7OM4/fold_7om4_4_model_4,fold_7om4_4_model_4,0.22542694211006165,0.608120322227478
7OM4,7OM4/fold_7om4_5_model_0,fold_7om4_5_model_0,0.16404832899570465,0.6832857131958008
7OM4,7OM4/fold_7om4_5_model_1,fold_7om4_5_model_1,0.04311807081103325,0.4460827112197876
7OM4,7OM4/fold_7om4_5_model_2,fold_7om4_5_model_2,0.26866117119789124,0.4460827112197876
7OM4,7OM4/fold_7om4_5_model_3,fold_7om4_5_model_3,0.07922177016735077,0.4408420920372009
7OM4,7OM4/fold_7om4_5_model_4,fold_7om4_5_model_4,0.016478480771183968,0.44458645582199097
7R40,7R40/fold_7r40_1_model_0,fold_7r40_1_model_0,0.1459660828113556,0.6800000071525574
7R40,7R40/fold_7r40_1_model_1,fold_7r40_1_model_1,0.0937236025929451,0.6639999747276306
7R40,7R40/fold_7r40_1_model_2,fold_7r40_1_model_2,0.2078271508216858,0.6710000038146973
7R40,7R40/fold_7r40_1_model_3,fold_7r40_1_model_3,0.10841980576515198,0.671999990940094
7R40,7R40/fold_7r40_1_model_4,fold_7r40_1_model_4,0.1038917526602745,0.6660000085830688
7R40,7R40/fold_7r40_2_model_0,fold_7r40_2_model_0,0.05844452977180481,0.6759999990463257
7R40,7R40/fold_7r40_2_model_1,fold_7r40_2_model_1,0.6282452344894409,0.6779999732971191
7R40,7R40/fold_7r40_2_model_2,fold_7r40_2_model_2,0.057433102279901505,0.675000011920929
7R40,7R40/fold_7r40_2_model_3,fold_7r40_2_model_3,0.10712817311286926,0.43497222661972046
7R40,7R40/fold_7r40_2_model_4,fold_7r40_2_model_4,0.19723588228225708,0.6790000200271606
7R40,7R40/fold_7r40_3_model_0,fold_7r40_3_model_0,0.09631726145744324,0.43433332443237305
7R40,7R40/fold_7r40_3_model_1,fold_7r40_3_model_1,0.19910894334316254,0.6700000166893005
7R40,7R40/fold_7r40_3_model_2,fold_7r40_3_model_2,0.13693132996559143,0.6729999780654907
7R40,7R40/fold_7r40_3_model_3,fold_7r40_3_model_3,0.1332464963197708,0.4300277829170227
7R40,7R40/fold_7r40_3_model_4,fold_7r40_3_model_4,0.14441370964050293,0.43113890290260315
7R40,7R40/fold_7r40_4_model_0,fold_7r40_4_model_0,0.036535926163196564,0.6779999732971191
7R40,7R40/fold_7r40_4_model_1,fold_7r40_4_model_1,0.15185265243053436,0.4316111207008362
7R40,7R40/fold_7r40_4_model_2,fold_7r40_4_model_2,0.16877281665802002,0.6669999957084656
7R40,7R40/fold_7r40_4_model_3,fold_7r40_4_model_3,0.13523419201374054,0.6710000038146973
7R40,7R40/fold_7r40_4_model_4,fold_7r40_4_model_4,0.5821014642715454,0.6729999780654907
7R40,7R40/fold_7r40_5_model_0,fold_7r40_5_model_0,0.10212381929159164,0.6389999985694885
7R40,7R40/fold_7r40_5_model_1,fold_7r40_5_model_1,0.11960864812135696,0.4255833327770233
7R40,7R40/fold_7r40_5_model_2,fold_7r40_5_model_2,0.08836816251277924,0.671999990940094
7R40,7R40/fold_7r40_5_model_3,fold_7r40_5_model_3,0.04396650940179825,0.6710000038146973
7R40,7R40/fold_7r40_5_model_4,fold_7r40_5_model_4,0.19515325129032135,0.6740000247955322
7S0E,7S0E/fold_7s0e_1_model_0,fold_7s0e_1_model_0,0.215963676571846,0.5016904473304749
7S0E,7S0E/fold_7s0e_1_model_1,fold_7s0e_1_model_1,0.16397635638713837,0.5039047598838806
7S0E,7S0E/fold_7s0e_1_model_2,fold_7s0e_1_model_2,0.1769266277551651,0.509071409702301
7S0E,7S0E/fold_7s0e_1_model_3,fold_7s0e_1_model_3,0.11880553513765335,0.4950476288795471
7S0E,7S0E/fold_7s0e_1_model_4,fold_7s0e_1_model_4,0.1728801280260086,0.5067301392555237
7S0E,7S0E/fold_7s0e_2_model_0,fold_7s0e_2_model_0,0.11820412427186966,0.5053809285163879
7S0E,7S0E/fold_7s0e_2_model_1,fold_7s0e_2_model_1,0.17435264587402344,0.5061190724372864
7S0E,7S0E/fold_7s0e_2_model_2,fold_7s0e_2_model_2,0.22855834662914276,0.5002142786979675
7S0E,7S0E/fold_7s0e_2_model_3,fold_7s0e_2_model_3,0.20950652658939362,0.49865078926086426
7S0E,7S0E/fold_7s0e_2_model_4,fold_7s0e_2_model_4,0.4286789000034332,0.5079841017723083
7S0E,7S0E/fold_7s0e_3_model_0,fold_7s0e_3_model_0,0.19643953442573547,0.5024285912513733
7S0E,7S0E/fold_7s0e_3_model_1,fold_7s0e_3_model_1,0.19201527535915375,0.50685715675354
7S0E,7S0E/fold_7s0e_3_model_2,fold_7s0e_3_model_2,0.18798549473285675,0.5053809285163879
7S0E,7S0E/fold_7s0e_3_model_3,fold_7s0e_3_model_3,0.24318177998065948,0.5025317668914795
7S0E,7S0E/fold_7s0e_3_model_4,fold_7s0e_3_model_4,0.12068501859903336,0.49961110949516296
7S0E,7S0E/fold_7s0e_4_model_0,fold_7s0e_4_model_0,0.1946149319410324,0.5024285912513733
7S0E,7S0E/fold_7s0e_4_model_1,fold_7s0e_4_model_1,0.2031795084476471,0.5046428442001343
7S0E,7S0E/fold_7s0e_4_model_2,fold_7s0e_4_model_2,0.22424569725990295,0.5121587514877319
7S0E,7S0E/fold_7s0e_4_model_3,fold_7s0e_4_model_3,0.19337370991706848,0.5127618908882141
7S0E,7S0E/fold_7s0e_4_model_4,fold_7s0e_4_model_4,0.17329813539981842,0.5046428442001343
7S0E,7S0E/fold_7s0e_5_model_0,fold_7s0e_5_model_0,0.17476627230644226,0.5046428442001343
7S0E,7S0E/fold_7s0e_5_model_1,fold_7s0e_5_model_1,0.18394409120082855,0.4972619116306305
7S0E,7S0E/fold_7s0e_5_model_2,fold_7s0e_5_model_2,0.2209949642419815,0.5016904473304749
7S0E,7S0E/fold_7s0e_5_model_3,fold_7s0e_5_model_3,0.3059826195240021,0.5013412833213806
7S0E,7S0E/fold_7s0e_5_model_4,fold_7s0e_5_model_4,0.14856144785881042,0.5075952410697937
7SBG,7SBG/fold_7sbg_1_model_0,fold_7sbg_1_model_0,0.2839904725551605,0.41644230484962463
7SBG,7SBG/fold_7sbg_1_model_1,fold_7sbg_1_model_1,0.33452069759368896,0.4559038579463959
7SBG,7SBG/fold_7sbg_1_model_2,fold_7sbg_1_model_2,0.4815519452095032,0.6502307653427124
7SBG,7SBG/fold_7sbg_1_model_3,fold_7sbg_1_model_3,0.6670218706130981,0.4188653826713562
7SBG,7SBG/fold_7sbg_1_model_4,fold_7sbg_1_model_4,0.6203941702842712,0.43313461542129517
7SBG,7SBG/fold_7sbg_2_model_0,fold_7sbg_2_model_0,0.46696916222572327,0.4320576786994934
7SBG,7SBG/fold_7sbg_2_model_1,fold_7sbg_2_model_1,0.5970643758773804,0.44692307710647583
7SBG,7SBG/fold_7sbg_2_model_2,fold_7sbg_2_model_2,0.5062426924705505,0.43091025948524475
7SBG,7SBG/fold_7sbg_2_model_3,fold_7sbg_2_model_3,0.6242470741271973,0.4278269112110138
7SBG,7SBG/fold_7sbg_2_model_4,fold_7sbg_2_model_4,0.3988646864891052,0.47846153378486633
7SBG,7SBG/fold_7sbg_3_model_0,fold_7sbg_3_model_0,0.5186398029327393,0.43184614181518555
7SBG,7SBG/fold_7sbg_3_model_1,fold_7sbg_3_model_1,0.32371634244918823,0.4314935803413391
7SBG,7SBG/fold_7sbg_3_model_2,fold_7sbg_3_model_2,0.6615358591079712,0.4140512943267822
7SBG,7SBG/fold_7sbg_3_model_3,fold_7sbg_3_model_3,0.42982247471809387,0.4346282184123993
7SBG,7SBG/fold_7sbg_3_model_4,fold_7sbg_3_model_4,0.6074120998382568,0.42112821340560913
7SBG,7SBG/fold_7sbg_4_model_0,fold_7sbg_4_model_0,0.5951944589614868,0.659416675567627
7SBG,7SBG/fold_7sbg_4_model_1,fold_7sbg_4_model_1,0.6844401955604553,0.6405128240585327
7SBG,7SBG/fold_7sbg_4_model_2,fold_7sbg_4_model_2,0.7130496501922607,0.6454102396965027
7SBG,7SBG/fold_7sbg_4_model_3,fold_7sbg_4_model_3,0.6950546503067017,0.6839295029640198
7SBG,7SBG/fold_7sbg_4_model_4,fold_7sbg_4_model_4,0.6925181746482849,0.6615320444107056
7SBG,7SBG/fold_7sbg_5_model_0,fold_7sbg_5_model_0,0.6990124583244324,0.6555512547492981
7SBG,7SBG/fold_7sbg_5_model_1,fold_7sbg_5_model_1,0.6865376234054565,0.683512806892395
7SBG,7SBG/fold_7sbg_5_model_2,fold_7sbg_5_model_2,0.6443068385124207,0.6420320272445679
7SBG,7SBG/fold_7sbg_5_model_3,fold_7sbg_5_model_3,0.670745849609375,0.6350128054618835
7SBG,7SBG/fold_7sbg_5_model_4,fold_7sbg_5_model_4,0.6738933324813843,0.6461794972419739
7SD3,7SD3/fold_7sd3_1_model_0,fold_7sd3_1_model_0,0.39259886741638184,0.5839475393295288
7SD3,7SD3/fold_7sd3_1_model_1,fold_7sd3_1_model_1,0.2061816155910492,0.6019691228866577
7SD3,7SD3/fold_7sd3_1_model_2,fold_7sd3_1_model_2,0.3864595592021942,0.5713580250740051
7SD3,7SD3/fold_7sd3_1_model_3,fold_7sd3_1_model_3,0.4570913314819336,0.5900740623474121
7SD3,7SD3/fold_7sd3_1_model_4,fold_7sd3_1_model_4,0.3621141016483307,0.554253101348877
7SD3,7SD3/fold_7sd3_2_model_0,fold_7sd3_2_model_0,0.38728067278862,0.5733271837234497
7SD3,7SD3/fold_7sd3_2_model_1,fold_7sd3_2_model_1,0.289356529712677,0.5762222409248352
7SD3,7SD3/fold_7sd3_2_model_2,fold_7sd3_2_model_2,0.3265322148799896,0.5084999799728394
7SD3,7SD3/fold_7sd3_2_model_3,fold_7sd3_2_model_3,0.2300797402858734,0.5704907178878784
7SD3,7SD3/fold_7sd3_2_model_4,fold_7sd3_2_model_4,0.1724926233291626,0.6183456778526306
7SD3,7SD3/fold_7sd3_3_model_0,fold_7sd3_3_model_0,0.4464580714702606,0.5727592706680298
7SD3,7SD3/fold_7sd3_3_model_1,fold_7sd3_3_model_1,0.2903333306312561,0.5862839221954346
7SD3,7SD3/fold_7sd3_3_model_2,fold_7sd3_3_model_2,0.35490846633911133,0.5728117227554321
7SD3,7SD3/fold_7sd3_3_model_3,fold_7sd3_3_model_3,0.13023413717746735,0.5605339407920837
7SD3,7SD3/fold_7sd3_3_model_4,fold_7sd3_3_model_4,0.40669870376586914,0.5970401167869568
7SD3,7SD3/fold_7sd3_4_model_0,fold_7sd3_4_model_0,0.4665513336658478,0.5756173133850098
7SD3,7SD3/fold_7sd3_4_model_1,fold_7sd3_4_model_1,0.29125863313674927,0.5794351696968079
7SD3,7SD3/fold_7sd3_4_model_2,fold_7sd3_4_model_2,0.28995656967163086,0.5435215830802917
7SD3,7SD3/fold_7sd3_4_model_3,fold_7sd3_4_model_3,0.4220324456691742,0.6158302426338196
7SD3,7SD3/fold_7sd3_4_model_4,fold_7sd3_4_model_4,0.23245158791542053,0.6216543316841125
7SD3,7SD3/fold_7sd3_5_model_0,fold_7sd3_5_model_0,0.39371490478515625,0.6059741377830505
7SD3,7SD3/fold_7sd3_5_model_1,fold_7sd3_5_model_1,0.3096918761730194,0.5415061712265015
7SD3,7SD3/fold_7sd3_5_model_2,fold_7sd3_5_model_2,0.45125138759613037,0.6191359162330627
7SD3,7SD3/fold_7sd3_5_model_3,fold_7sd3_5_model_3,0.2946280837059021,0.5686450600624084
7SD3,7SD3/fold_7sd3_5_model_4,fold_7sd3_5_model_4,0.26201552152633667,0.6148878931999207
7SGM,7SGM/fold_7sgm_1_model_0,fold_7sgm_1_model_0,0.13562604784965515,0.5551989078521729
7SGM,7SGM/fold_7sgm_1_model_1,fold_7sgm_1_model_1,0.18968801200389862,0.5349447727203369
7SGM,7SGM/fold_7sgm_1_model_2,fold_7sgm_1_model_2,0.1282506138086319,0.5634585618972778
7SGM,7SGM/fold_7sgm_1_model_3,fold_7sgm_1_model_3,0.20778821408748627,0.8288376331329346
7SGM,7SGM/fold_7sgm_1_model_4,fold_7sgm_1_model_4,0.2713935375213623,0.8507093787193298
7SGM,7SGM/fold_7sgm_2_model_0,fold_7sgm_2_model_0,0.12962648272514343,0.5662541389465332
7SGM,7SGM/fold_7sgm_2_model_1,fold_7sgm_2_model_1,0.2280552238225937,0.8326153755187988
7SGM,7SGM/fold_7sgm_2_model_2,fold_7sgm_2_model_2,0.16103602945804596,0.8367692232131958
7SGM,7SGM/fold_7sgm_2_model_3,fold_7sgm_2_model_3,0.06325973570346832,0.8240512609481812
7SGM,7SGM/fold_7sgm_2_model_4,fold_7sgm_2_model_4,0.6515830159187317,0.79329913854599
7SGM,7SGM/fold_7sgm_3_model_0,fold_7sgm_3_model_0,0.10401509702205658,0.8448803424835205
7SGM,7SGM/fold_7sgm_3_model_1,fold_7sgm_3_model_1,0.09190686792135239,0.8339999914169312
7SGM,7SGM/fold_7sgm_3_model_2,fold_7sgm_3_model_2,0.08715511858463287,0.8165470361709595
7SGM,7SGM/fold_7sgm_3_model_3,fold_7sgm_3_model_3,0.2250312715768814,0.7827350497245789
7SGM,7SGM/fold_7sgm_3_model_4,fold_7sgm_3_model_4,0.12437131255865097,0.8351880311965942
7SGM,7SGM/fold_7sgm_4_model_0,fold_7sgm_4_model_0,0.1272393763065338,0.5430110692977905
7SGM,7SGM/fold_7sgm_4_model_1,fold_7sgm_4_model_1,0.16720105707645416,0.5402209758758545
7SGM,7SGM/fold_7sgm_4_model_2,fold_7sgm_4_model_2,0.13165217638015747,0.5761768221855164
7SGM,7SGM/fold_7sgm_4_model_3,fold_7sgm_4_model_3,0.12899933755397797,0.5724806785583496
7SGM,7SGM/fold_7sgm_4_model_4,fold_7sgm_4_model_4,0.12593959271907806,0.5478066205978394
7SGM,7SGM/fold_7sgm_5_model_0,fold_7sgm_5_model_0,0.2552284002304077,0.5453922748565674
7SGM,7SGM/fold_7sgm_5_model_1,fold_7sgm_5_model_1,0.06444422900676727,0.5642043948173523
7SGM,7SGM/fold_7sgm_5_model_2,fold_7sgm_5_model_2,0.25109004974365234,0.5705469846725464
7SGM,7SGM/fold_7sgm_5_model_3,fold_7sgm_5_model_3,0.1668066680431366,0.5589447617530823
7SGM,7SGM/fold_7sgm_5_model_4,fold_7sgm_5_model_4,0.11420353502035141,0.564016580581665
7SJN,7SJN/fold_7sjn_1_model_0,fold_7sjn_1_model_0,0.5887972712516785,0.8881495594978333
7SJN,7SJN/fold_7sjn_1_model_1,fold_7sjn_1_model_1,0.4770497977733612,0.8952617049217224
7SJN,7SJN/fold_7sjn_1_model_2,fold_7sjn_1_model_2,0.5393564701080322,0.8999813199043274
7SJN,7SJN/fold_7sjn_1_model_3,fold_7sjn_1_model_3,0.5300384163856506,0.8929532766342163
7SJN,7SJN/fold_7sjn_1_model_4,fold_7sjn_1_model_4,0.5638123750686646,0.8872523307800293
7SJN,7SJN/fold_7sjn_2_model_0,fold_7sjn_2_model_0,0.7041707634925842,0.5571869015693665
7SJN,7SJN/fold_7sjn_2_model_1,fold_7sjn_2_model_1,0.6930391788482666,0.5491588711738586
7SJN,7SJN/fold_7sjn_2_model_2,fold_7sjn_2_model_2,0.7437084317207336,0.5649439096450806
7SJN,7SJN/fold_7sjn_2_model_3,fold_7sjn_2_model_3,0.7020688056945801,0.5560934543609619
7SJN,7SJN/fold_7sjn_2_model_4,fold_7sjn_2_model_4,0.7089824676513672,0.5669158697128296
7SJN,7SJN/fold_7sjn_3_model_0,fold_7sjn_3_model_0,0.7258466482162476,0.5571121573448181
7SJN,7SJN/fold_7sjn_3_model_1,fold_7sjn_3_model_1,0.7181413173675537,0.5499252080917358
7SJN,7SJN/fold_7sjn_3_model_2,fold_7sjn_3_model_2,0.7424822449684143,0.5615140199661255
7SJN,7SJN/fold_7sjn_3_model_3,fold_7sjn_3_model_3,0.7553598880767822,0.5572803616523743
7SJN,7SJN/fold_7sjn_3_model_4,fold_7sjn_3_model_4,0.7507409453392029,0.565822422504425
7SJN,7SJN/fold_7sjn_4_model_0,fold_7sjn_4_model_0,0.7240698933601379,0.55231773853302
7SJN,7SJN/fold_7sjn_4_model_1,fold_7sjn_4_model_1,0.7121981978416443,0.5606915950775146
7SJN,7SJN/fold_7sjn_4_model_2,fold_7sjn_4_model_2,0.7305418848991394,0.55853271484375
7SJN,7SJN/fold_7sjn_4_model_3,fold_7sjn_4_model_3,0.7340970039367676,0.5564860105514526
7SJN,7SJN/fold_7sjn_4_model_4,fold_7sjn_4_model_4,0.7159314751625061,0.6031121611595154
7SJN,7SJN/fold_7sjn_5_model_0,fold_7sjn_5_model_0,0.5774411559104919,0.8901215195655823
7SJN,7SJN/fold_7sjn_5_model_1,fold_7sjn_5_model_1,0.5868194103240967,0.8902990818023682
7SJN,7SJN/fold_7sjn_5_model_2,fold_7sjn_5_model_2,0.5594621300697327,0.8986168503761292
7SJN,7SJN/fold_7sjn_5_model_3,fold_7sjn_5_model_3,0.6176034808158875,0.8717103004455566
7SJN,7SJN/fold_7sjn_5_model_4,fold_7sjn_5_model_4,0.6043581366539001,0.8931214809417725
7SJO,7SJO/fold_7sjo_1_model_0,fold_7sjo_1_model_0,0.4694044291973114,0.5732585191726685
7SJO,7SJO/fold_7sjo_1_model_1,fold_7sjo_1_model_1,0.46340641379356384,0.5666122436523438
7SJO,7SJO/fold_7sjo_1_model_2,fold_7sjo_1_model_2,0.2250823676586151,0.5710680484771729
7SJO,7SJO/fold_7sjo_1_model_3,fold_7sjo_1_model_3,0.36716991662979126,0.5744761824607849
7SJO,7SJO/fold_7sjo_1_model_4,fold_7sjo_1_model_4,0.4789692461490631,0.5694625973701477
7SJO,7SJO/fold_7sjo_2_model_0,fold_7sjo_2_model_0,0.4424189329147339,0.5984761714935303
7SJO,7SJO/fold_7sjo_2_model_1,fold_7sjo_2_model_1,0.34566596150398254,0.5980679988861084
7SJO,7SJO/fold_7sjo_2_model_2,fold_7sjo_2_model_2,0.35860809683799744,0.6190271973609924
7SJO,7SJO/fold_7sjo_2_model_3,fold_7sjo_2_model_3,0.384832501411438,0.5903265476226807
7SJO,7SJO/fold_7sjo_2_model_4,fold_7sjo_2_model_4,0.25098103284835815,0.5591564774513245
7SJO,7SJO/fold_7sjo_3_model_0,fold_7sjo_3_model_0,0.4921617805957794,0.5707958936691284
7SJO,7SJO/fold_7sjo_3_model_1,fold_7sjo_3_model_1,0.3892463445663452,0.570659875869751
7SJO,7SJO/fold_7sjo_3_model_2,fold_7sjo_3_model_2,0.5118830800056458,0.5685646533966064
7SJO,7SJO/fold_7sjo_3_model_3,fold_7sjo_3_model_3,0.5953367948532104,0.5791224241256714
7SJO,7SJO/fold_7sjo_3_model_4,fold_7sjo_3_model_4,0.4639092683792114,0.577346920967102
7SJO,7SJO/fold_7sjo_4_model_0,fold_7sjo_4_model_0,0.4508545994758606,0.6164829730987549
7SJO,7SJO/fold_7sjo_4_model_1,fold_7sjo_4_model_1,0.24885202944278717,0.6204965710639954
7SJO,7SJO/fold_7sjo_4_model_2,fold_7sjo_4_model_2,0.4956847131252289,0.5855000019073486
7SJO,7SJO/fold_7sjo_4_model_3,fold_7sjo_4_model_3,0.46603772044181824,0.5505933165550232
7SJO,7SJO/fold_7sjo_4_model_4,fold_7sjo_4_model_4,0.19687306880950928,0.5616122484207153
7SJO,7SJO/fold_7sjo_5_model_0,fold_7sjo_5_model_0,0.5854969620704651,0.570027232170105
7SJO,7SJO/fold_7sjo_5_model_1,fold_7sjo_5_model_1,0.5412803292274475,0.5700544118881226
7SJO,7SJO/fold_7sjo_5_model_2,fold_7sjo_5_model_2,0.5167709589004517,0.5754217505455017
7SJO,7SJO/fold_7sjo_5_model_3,fold_7sjo_5_model_3,0.40272268652915955,0.5661632418632507
7SJO,7SJO/fold_7sjo_5_model_4,fold_7sjo_5_model_4,0.5883594751358032,0.5712993144989014
7SU0,7SU0/fold_7su0_1_model_0,fold_7su0_1_model_0,0.1344146877527237,0.668779194355011
7SU0,7SU0/fold_7su0_1_model_1,fold_7su0_1_model_1,0.15841561555862427,0.6472654342651367
7SU0,7SU0/fold_7su0_1_model_2,fold_7su0_1_model_2,0.12874986231327057,0.6479350924491882
7SU0,7SU0/fold_7su0_1_model_3,fold_7su0_1_model_3,0.0352788120508194,0.5958518385887146
7SU0,7SU0/fold_7su0_1_model_4,fold_7su0_1_model_4,0.08872343599796295,0.5918148159980774
7SU0,7SU0/fold_7su0_2_model_0,fold_7su0_2_model_0,0.15036235749721527,0.9338889122009277
7SU0,7SU0/fold_7su0_2_model_1,fold_7su0_2_model_1,0.09366155415773392,0.9187222123146057
7SU0,7SU0/fold_7su0_2_model_2,fold_7su0_2_model_2,0.11608738452196121,0.9257715940475464
7SU0,7SU0/fold_7su0_2_model_3,fold_7su0_2_model_3,0.1489136666059494,0.9176234602928162
7SU0,7SU0/fold_7su0_2_model_4,fold_7su0_2_model_4,0.15686695277690887,0.92195063829422
7SU0,7SU0/fold_7su0_3_model_0,fold_7su0_3_model_0,0.16093170642852783,0.6666948199272156
7SU0,7SU0/fold_7su0_3_model_1,fold_7su0_3_model_1,0.1322280764579773,0.6585061550140381
7SU0,7SU0/fold_7su0_3_model_2,fold_7su0_3_model_2,0.1915905475616455,0.649071455001831
7SU0,7SU0/fold_7su0_3_model_3,fold_7su0_3_model_3,0.09066881239414215,0.6785908937454224
7SU0,7SU0/fold_7su0_3_model_4,fold_7su0_3_model_4,0.07037316262722015,0.6463580131530762
7SU0,7SU0/fold_7su0_4_model_0,fold_7su0_4_model_0,0.12543460726737976,0.6490432024002075
7SU0,7SU0/fold_7su0_4_model_1,fold_7su0_4_model_1,0.1402827501296997,0.6592222452163696
7SU0,7SU0/fold_7su0_4_model_2,fold_7su0_4_model_2,0.10311228036880493,0.7096039056777954
7SU0,7SU0/fold_7su0_4_model_3,fold_7su0_4_model_3,0.15020643174648285,0.6454753279685974
7SU0,7SU0/fold_7su0_4_model_4,fold_7su0_4_model_4,0.10072121024131775,0.6198210120201111
7SU0,7SU0/fold_7su0_5_model_0,fold_7su0_5_model_0,0.095509834587574,0.6540370583534241
7SU0,7SU0/fold_7su0_5_model_1,fold_7su0_5_model_1,0.11944834887981415,0.6532345414161682
7SU0,7SU0/fold_7su0_5_model_2,fold_7su0_5_model_2,0.11199741065502167,0.6349197626113892
7SU0,7SU0/fold_7su0_5_model_3,fold_7su0_5_model_3,0.14921261370182037,0.6499567627906799
7SU0,7SU0/fold_7su0_5_model_4,fold_7su0_5_model_4,0.11644266545772552,0.6225246787071228
7SU1,7SU1/fold_7su1_1_model_0,fold_7su1_1_model_0,0.44567209482192993,0.8467397093772888
7SU1,7SU1/fold_7su1_1_model_1,fold_7su1_1_model_1,0.6111412644386292,0.8540410995483398
7SU1,7SU1/fold_7su1_1_model_2,fold_7su1_1_model_2,0.5969021916389465,0.8404109477996826
7SU1,7SU1/fold_7su1_1_model_3,fold_7su1_1_model_3,0.6173669695854187,0.8483972549438477
7SU1,7SU1/fold_7su1_1_model_4,fold_7su1_1_model_4,0.649236798286438,0.8330274224281311
7SU1,7SU1/fold_7su1_2_model_0,fold_7su1_2_model_0,0.5605087876319885,0.8434657454490662
7SU1,7SU1/fold_7su1_2_model_1,fold_7su1_2_model_1,0.6417869329452515,0.8570274114608765
7SU1,7SU1/fold_7su1_2_model_2,fold_7su1_2_model_2,0.6295272707939148,0.858164370059967
7SU1,7SU1/fold_7su1_2_model_3,fold_7su1_2_model_3,0.5853212475776672,0.8445616364479065
7SU1,7SU1/fold_7su1_2_model_4,fold_7su1_2_model_4,0.6024308800697327,0.8492876887321472
7SU1,7SU1/fold_7su1_3_model_0,fold_7su1_3_model_0,0.577872633934021,0.8417534232139587
7SU1,7SU1/fold_7su1_3_model_1,fold_7su1_3_model_1,0.6059152483940125,0.8397808074951172
7SU1,7SU1/fold_7su1_3_model_2,fold_7su1_3_model_2,0.5971518754959106,0.8467397093772888
7SU1,7SU1/fold_7su1_3_model_3,fold_7su1_3_model_3,0.6073534488677979,0.857191801071167
7SU1,7SU1/fold_7su1_3_model_4,fold_7su1_3_model_4,0.6173946857452393,0.846246600151062
7SU1,7SU1/fold_7su1_4_model_0,fold_7su1_4_model_0,0.6342850923538208,0.8484931588172913
7SU1,7SU1/fold_7su1_4_model_1,fold_7su1_4_model_1,0.5870524048805237,0.8464794754981995
7SU1,7SU1/fold_7su1_4_model_2,fold_7su1_4_model_2,0.5958126187324524,0.853506863117218
7SU1,7SU1/fold_7su1_4_model_3,fold_7su1_4_model_3,0.6162647604942322,0.8579177856445312
7SU1,7SU1/fold_7su1_4_model_4,fold_7su1_4_model_4,0.6003086566925049,0.8453150391578674
7SU1,7SU1/fold_7su1_5_model_0,fold_7su1_5_model_0,0.5938358306884766,0.8536986112594604
7SU1,7SU1/fold_7su1_5_model_1,fold_7su1_5_model_1,0.6043343544006348,0.8379589319229126
7SU1,7SU1/fold_7su1_5_model_2,fold_7su1_5_model_2,0.6293960809707642,0.8473561406135559
7SU1,7SU1/fold_7su1_5_model_3,fold_7su1_5_model_3,0.5919349789619446,0.8589451909065247
7SU1,7SU1/fold_7su1_5_model_4,fold_7su1_5_model_4,0.5974020957946777,0.8267534375190735
7SWN,7SWN/fold_7swn_1_model_0,fold_7swn_1_model_0,0.4705950915813446,0.7233448028564453
7SWN,7SWN/fold_7swn_1_model_1,fold_7swn_1_model_1,0.505620539188385,0.7198850512504578
7SWN,7SWN/fold_7swn_1_model_2,fold_7swn_1_model_2,0.34322401881217957,0.7158735394477844
7SWN,7SWN/fold_7swn_1_model_3,fold_7swn_1_model_3,0.38614457845687866,0.7161149382591248
7SWN,7SWN/fold_7swn_1_model_4,fold_7swn_1_model_4,0.517056405544281,0.7286436557769775
7SWN,7SWN/fold_7swn_2_model_0,fold_7swn_2_model_0,0.4417659044265747,0.7197930812835693
7SWN,7SWN/fold_7swn_2_model_1,fold_7swn_2_model_1,0.3843230605125427,0.7078735828399658
7SWN,7SWN/fold_7swn_2_model_2,fold_7swn_2_model_2,0.5820547342300415,0.7259770035743713
7SWN,7SWN/fold_7swn_2_model_3,fold_7swn_2_model_3,0.4379558563232422,0.7260229587554932
7SWN,7SWN/fold_7swn_2_model_4,fold_7swn_2_model_4,0.5609679222106934,0.7249885201454163
7SWN,7SWN/fold_7swn_3_model_0,fold_7swn_3_model_0,0.4193568527698517,0.7149655222892761
7SWN,7SWN/fold_7swn_3_model_1,fold_7swn_3_model_1,0.3476635217666626,0.7183448076248169
7SWN,7SWN/fold_7swn_3_model_2,fold_7swn_3_model_2,0.43453821539878845,0.71925288438797
7SWN,7SWN/fold_7swn_3_model_3,fold_7swn_3_model_3,0.48311713337898254,0.7273563146591187
7SWN,7SWN/fold_7swn_3_model_4,fold_7swn_3_model_4,0.4352758228778839,0.7200804352760315
7SWN,7SWN/fold_7swn_4_model_0,fold_7swn_4_model_0,0.20474481582641602,0.6124712824821472
7SWN,7SWN/fold_7swn_4_model_1,fold_7swn_4_model_1,0.21100513637065887,0.48273563385009766
7SWN,7SWN/fold_7swn_4_model_2,fold_7swn_4_model_2,0.3108280599117279,0.6888046264648438
7SWN,7SWN/fold_7swn_4_model_3,fold_7swn_4_model_3,0.35817351937294006,0.5990114808082581
7SWN,7SWN/fold_7swn_4_model_4,fold_7swn_4_model_4,0.3642539083957672,0.540597677230835
7SWN,7SWN/fold_7swn_5_model_0,fold_7swn_5_model_0,0.36665913462638855,0.689609169960022
7SWN,7SWN/fold_7swn_5_model_1,fold_7swn_5_model_1,0.2784174978733063,0.6761953830718994
7SWN,7SWN/fold_7swn_5_model_2,fold_7swn_5_model_2,0.2822560966014862,0.6386321783065796
7SWN,7SWN/fold_7swn_5_model_3,fold_7swn_5_model_3,0.3152879774570465,0.6487126350402832
7SWN,7SWN/fold_7swn_5_model_4,fold_7swn_5_model_4,0.30728909373283386,0.6727356314659119
7T25,7T25/fold_7t25_1_model_0,fold_7t25_1_model_0,0.4221096932888031,0.8600000143051147
7T25,7T25/fold_7t25_1_model_1,fold_7t25_1_model_1,0.43397659063339233,0.8600000143051147
7T25,7T25/fold_7t25_1_model_2,fold_7t25_1_model_2,0.2742990553379059,0.8610000014305115
7T25,7T25/fold_7t25_1_model_3,fold_7t25_1_model_3,0.5483419299125671,0.6540895700454712
7T25,7T25/fold_7t25_1_model_4,fold_7t25_1_model_4,0.4149285852909088,0.8659999966621399
7T25,7T25/fold_7t25_2_model_0,fold_7t25_2_model_0,0.3145018517971039,0.8529999852180481
7T25,7T25/fold_7t25_2_model_1,fold_7t25_2_model_1,0.4631481170654297,0.8610000014305115
7T25,7T25/fold_7t25_2_model_2,fold_7t25_2_model_2,0.29462477564811707,0.8650000095367432
7T25,7T25/fold_7t25_2_model_3,fold_7t25_2_model_3,0.36906901001930237,0.8650000095367432
7T25,7T25/fold_7t25_2_model_4,fold_7t25_2_model_4,0.27199485898017883,0.6663880348205566
7T25,7T25/fold_7t25_3_model_0,fold_7t25_3_model_0,0.6754457950592041,0.8659999966621399
7T25,7T25/fold_7t25_3_model_1,fold_7t25_3_model_1,0.611688494682312,0.8610000014305115
7T25,7T25/fold_7t25_3_model_2,fold_7t25_3_model_2,0.515823483467102,0.8579999804496765
7T25,7T25/fold_7t25_3_model_3,fold_7t25_3_model_3,0.06666338443756104,0.8619999885559082
7T25,7T25/fold_7t25_3_model_4,fold_7t25_3_model_4,0.16322357952594757,0.6661641597747803
7T25,7T25/fold_7t25_4_model_0,fold_7t25_4_model_0,0.443062424659729,0.6702387928962708
7T25,7T25/fold_7t25_4_model_1,fold_7t25_4_model_1,0.3121408224105835,0.6721268892288208
7T25,7T25/fold_7t25_4_model_2,fold_7t25_4_model_2,0.15713216364383698,0.8619999885559082
7T25,7T25/fold_7t25_4_model_3,fold_7t25_4_model_3,0.4209142029285431,0.8629999756813049
7T25,7T25/fold_7t25_4_model_4,fold_7t25_4_model_4,0.3056532144546509,0.8629999756813049
7T25,7T25/fold_7t25_5_model_0,fold_7t25_5_model_0,0.5660938024520874,0.6732089519500732
7T25,7T25/fold_7t25_5_model_1,fold_7t25_5_model_1,0.5027830004692078,0.6570671796798706
7T25,7T25/fold_7t25_5_model_2,fold_7t25_5_model_2,0.5571992993354797,0.8529999852180481
7T25,7T25/fold_7t25_5_model_3,fold_7t25_5_model_3,0.6063746213912964,0.8550000190734863
7T25,7T25/fold_7t25_5_model_4,fold_7t25_5_model_4,0.31482791900634766,0.8619999885559082
7T73,7T73/fold_7t73_1_model_0,fold_7t73_1_model_0,0.13629236817359924,0.6078469157218933
7T73,7T73/fold_7t73_1_model_1,fold_7t73_1_model_1,0.16081278026103973,0.6094258427619934
7T73,7T73/fold_7t73_1_model_2,fold_7t73_1_model_2,0.24727055430412292,0.6041339635848999
7T73,7T73/fold_7t73_1_model_3,fold_7t73_1_model_3,0.13566309213638306,0.615516722202301
7T73,7T73/fold_7t73_1_model_4,fold_7t73_1_model_4,0.09372562170028687,0.6126076579093933
7T73,7T73/fold_7t73_2_model_0,fold_7t73_2_model_0,0.11596013605594635,0.6169569492340088
7T73,7T73/fold_7t73_2_model_1,fold_7t73_2_model_1,0.14353707432746887,0.6389521360397339
7T73,7T73/fold_7t73_2_model_2,fold_7t73_2_model_2,0.06949786841869354,0.6335071921348572
7T73,7T73/fold_7t73_2_model_3,fold_7t73_2_model_3,0.09409920126199722,0.6248277425765991
7T73,7T73/fold_7t73_2_model_4,fold_7t73_2_model_4,0.16843003034591675,0.677535891532898
7T73,7T73/fold_7t73_3_model_0,fold_7t73_3_model_0,0.13813252747058868,0.6069952249526978
7T73,7T73/fold_7t73_3_model_1,fold_7t73_3_model_1,0.11993853747844696,0.6135837435722351
7T73,7T73/fold_7t73_3_model_2,fold_7t73_3_model_2,0.18681342899799347,0.6220622062683105
7T73,7T73/fold_7t73_3_model_3,fold_7t73_3_model_3,0.14948728680610657,0.6058229804039001
7T73,7T73/fold_7t73_3_model_4,fold_7t73_3_model_4,0.1072353944182396,0.6084784865379333
7T73,7T73/fold_7t73_4_model_0,fold_7t73_4_model_0,0.14296631515026093,0.6141291856765747
7T73,7T73/fold_7t73_4_model_1,fold_7t73_4_model_1,0.12404148280620575,0.606019139289856
7T73,7T73/fold_7t73_4_model_2,fold_7t73_4_model_2,0.11765696108341217,0.6025263071060181
7T73,7T73/fold_7t73_4_model_3,fold_7t73_4_model_3,0.19122420251369476,0.6070765256881714
7T73,7T73/fold_7t73_4_model_4,fold_7t73_4_model_4,0.08255356550216675,0.60774165391922
7T73,7T73/fold_7t73_5_model_0,fold_7t73_5_model_0,0.11371811479330063,0.5978755950927734
7T73,7T73/fold_7t73_5_model_1,fold_7t73_5_model_1,0.0876779556274414,0.6105990409851074
7T73,7T73/fold_7t73_5_model_2,fold_7t73_5_model_2,0.17218051850795746,0.6141100525856018
7T73,7T73/fold_7t73_5_model_3,fold_7t73_5_model_3,0.1788090020418167,0.5879760980606079
7T73,7T73/fold_7t73_5_model_4,fold_7t73_5_model_4,0.18870477378368378,0.5963397026062012
7T77,7T77/fold_7t77_1_model_0,fold_7t77_1_model_0,0.47082722187042236,0.5879220962524414
7T77,7T77/fold_7t77_1_model_1,fold_7t77_1_model_1,0.2460697442293167,0.5888874530792236
7T77,7T77/fold_7t77_1_model_2,fold_7t77_1_model_2,0.23315776884555817,0.5873723030090332
7T77,7T77/fold_7t77_1_model_3,fold_7t77_1_model_3,0.15700368583202362,0.5961818099021912
7T77,7T77/fold_7t77_1_model_4,fold_7t77_1_model_4,0.0880822241306305,0.588203489780426
7T77,7T77/fold_7t77_2_model_0,fold_7t77_2_model_0,0.30207350850105286,0.5949047803878784
7T77,7T77/fold_7t77_2_model_1,fold_7t77_2_model_1,0.2952362895011902,0.5891515016555786
7T77,7T77/fold_7t77_2_model_2,fold_7t77_2_model_2,0.3897867202758789,0.5935627818107605
7T77,7T77/fold_7t77_2_model_3,fold_7t77_2_model_3,0.45112597942352295,0.593584418296814
7T77,7T77/fold_7t77_2_model_4,fold_7t77_2_model_4,0.5831692218780518,0.5845324397087097
7T77,7T77/fold_7t77_3_model_0,fold_7t77_3_model_0,0.6047101616859436,0.5955584645271301
7T77,7T77/fold_7t77_3_model_1,fold_7t77_3_model_1,0.586430013179779,0.6055411100387573
7T77,7T77/fold_7t77_3_model_2,fold_7t77_3_model_2,0.5745033025741577,0.610978364944458
7T77,7T77/fold_7t77_3_model_3,fold_7t77_3_model_3,0.5842128992080688,0.6125195026397705
7T77,7T77/fold_7t77_3_model_4,fold_7t77_3_model_4,0.6069915890693665,0.6094978451728821
7T77,7T77/fold_7t77_4_model_0,fold_7t77_4_model_0,0.1023564413189888,0.6013766527175903
7T77,7T77/fold_7t77_4_model_1,fold_7t77_4_model_1,0.0978870838880539,0.5945151448249817
7T77,7T77/fold_7t77_4_model_2,fold_7t77_4_model_2,0.19642435014247894,0.5927922129631042
7T77,7T77/fold_7t77_4_model_3,fold_7t77_4_model_3,0.31395986676216125,0.602432906627655
7T77,7T77/fold_7t77_4_model_4,fold_7t77_4_model_4,0.5267524123191833,0.5942857265472412
7T77,7T77/fold_7t77_5_model_0,fold_7t77_5_model_0,0.1589258760213852,0.6045887470245361
7T77,7T77/fold_7t77_5_model_1,fold_7t77_5_model_1,0.3204856812953949,0.5884415507316589
7T77,7T77/fold_7t77_5_model_2,fold_7t77_5_model_2,0.18068352341651917,0.5920606255531311
7T77,7T77/fold_7t77_5_model_3,fold_7t77_5_model_3,0.25043025612831116,0.5995021462440491
7T77,7T77/fold_7t77_5_model_4,fold_7t77_5_model_4,0.4669690728187561,0.5997705459594727
7TEE,7TEE/fold_7tee_1_model_0,fold_7tee_1_model_0,0.5092275142669678,0.42037662863731384
7TEE,7TEE/fold_7tee_1_model_1,fold_7tee_1_model_1,0.5264357924461365,0.42420345544815063
7TEE,7TEE/fold_7tee_1_model_2,fold_7tee_1_model_2,0.5139696002006531,0.4146233797073364
7TEE,7TEE/fold_7tee_1_model_3,fold_7tee_1_model_3,0.34082889556884766,0.40775758028030396
7TEE,7TEE/fold_7tee_1_model_4,fold_7tee_1_model_4,0.28134989738464355,0.5371428728103638
7TEE,7TEE/fold_7tee_2_model_0,fold_7tee_2_model_0,0.579856812953949,0.4240303039550781
7TEE,7TEE/fold_7tee_2_model_1,fold_7tee_2_model_1,0.41102057695388794,0.4185108244419098
7TEE,7TEE/fold_7tee_2_model_2,fold_7tee_2_model_2,0.5671488046646118,0.4139913320541382
7TEE,7TEE/fold_7tee_2_model_3,fold_7tee_2_model_3,0.40025728940963745,0.4050433039665222
7TEE,7TEE/fold_7tee_2_model_4,fold_7tee_2_model_4,0.48906874656677246,0.5766344666481018
7TEE,7TEE/fold_7tee_3_model_0,fold_7tee_3_model_0,0.3753555417060852,0.50875324010849
7TEE,7TEE/fold_7tee_3_model_1,fold_7tee_3_model_1,0.5921269655227661,0.5325151681900024
7TEE,7TEE/fold_7tee_3_model_2,fold_7tee_3_model_2,0.2904698848724365,0.5422207713127136
7TEE,7TEE/fold_7tee_3_model_3,fold_7tee_3_model_3,0.5685118436813354,0.5311428308486938
7TEE,7TEE/fold_7tee_3_model_4,fold_7tee_3_model_4,0.3642898201942444,0.4880649447441101
7TEE,7TEE/fold_7tee_4_model_0,fold_7tee_4_model_0,0.27947917580604553,0.41722944378852844
7TEE,7TEE/fold_7tee_4_model_1,fold_7tee_4_model_1,0.5854459404945374,0.41452381014823914
7TEE,7TEE/fold_7tee_4_model_2,fold_7tee_4_model_2,0.30042776465415955,0.410722941160202
7TEE,7TEE/fold_7tee_4_model_3,fold_7tee_4_model_3,0.5815067291259766,0.5660995841026306
7TEE,7TEE/fold_7tee_4_model_4,fold_7tee_4_model_4,0.37604227662086487,0.518831193447113
7TEE,7TEE/fold_7tee_5_model_0,fold_7tee_5_model_0,0.5774661302566528,0.42167532444000244
7TEE,7TEE/fold_7tee_5_model_1,fold_7tee_5_model_1,0.46245163679122925,0.41190043091773987
7TEE,7TEE/fold_7tee_5_model_2,fold_7tee_5_model_2,0.06404157727956772,0.4060995578765869
7TEE,7TEE/fold_7tee_5_model_3,fold_7tee_5_model_3,0.5199728608131409,0.49337661266326904
7TEE,7TEE/fold_7tee_5_model_4,fold_7tee_5_model_4,0.5378099083900452,0.5024108290672302
7TFO,7TFO/fold_7tfo_1_model_0,fold_7tfo_1_model_0,0.0668308213353157,0.4482928216457367
7TFO,7TFO/fold_7tfo_1_model_1,fold_7tfo_1_model_1,0.13613148033618927,0.45558562874794006
7TFO,7TFO/fold_7tfo_1_model_2,fold_7tfo_1_model_2,0.08490811288356781,0.4482928216457367
7TFO,7TFO/fold_7tfo_1_model_3,fold_7tfo_1_model_3,0.06030793488025665,0.4519502818584442
7TFO,7TFO/fold_7tfo_1_model_4,fold_7tfo_1_model_4,0.026923837140202522,0.4524143636226654
7TFO,7TFO/fold_7tfo_2_model_0,fold_7tfo_2_model_0,0.07922524958848953,0.44612154364585876
7TFO,7TFO/fold_7tfo_2_model_1,fold_7tfo_2_model_1,0.08193228393793106,0.45617127418518066
7TFO,7TFO/fold_7tfo_2_model_2,fold_7tfo_2_model_2,0.10631134361028671,0.46177899837493896
7TFO,7TFO/fold_7tfo_2_model_3,fold_7tfo_2_model_3,0.058838579803705215,0.4558287262916565
7TFO,7TFO/fold_7tfo_2_model_4,fold_7tfo_2_model_4,0.05665440112352371,0.4782375693321228
7TFO,7TFO/fold_7tfo_3_model_0,fold_7tfo_3_model_0,0.1245732307434082,0.4463425278663635
7TFO,7TFO/fold_7tfo_3_model_1,fold_7tfo_3_model_1,0.08176890015602112,0.4479060769081116
7TFO,7TFO/fold_7tfo_3_model_2,fold_7tfo_3_model_2,0.0937616154551506,0.4540497362613678
7TFO,7TFO/fold_7tfo_3_model_3,fold_7tfo_3_model_3,0.0822220966219902,0.4563204348087311
7TFO,7TFO/fold_7tfo_3_model_4,fold_7tfo_3_model_4,0.08611992746591568,0.45634254813194275
7TFO,7TFO/fold_7tfo_4_model_0,fold_7tfo_4_model_0,0.2071031779050827,0.4410994350910187
7TFO,7TFO/fold_7tfo_4_model_1,fold_7tfo_4_model_1,0.07231000065803528,0.44451379776000977
7TFO,7TFO/fold_7tfo_4_model_2,fold_7tfo_4_model_2,0.06981996446847916,0.44941437244415283
7TFO,7TFO/fold_7tfo_4_model_3,fold_7tfo_4_model_3,0.11874654144048691,0.4504640996456146
7TFO,7TFO/fold_7tfo_4_model_4,fold_7tfo_4_model_4,0.05634194612503052,0.4519999921321869
7TFO,7TFO/fold_7tfo_5_model_0,fold_7tfo_5_model_0,0.48451557755470276,0.45885634422302246
7TFO,7TFO/fold_7tfo_5_model_1,fold_7tfo_5_model_1,0.5125677585601807,0.4645138084888458
7TFO,7TFO/fold_7tfo_5_model_2,fold_7tfo_5_model_2,0.29535314440727234,0.46109944581985474
7TFO,7TFO/fold_7tfo_5_model_3,fold_7tfo_5_model_3,0.30833563208580017,0.46361327171325684
7TFO,7TFO/fold_7tfo_5_model_4,fold_7tfo_5_model_4,0.12041489034891129,0.45975691080093384
7TYV,7TYV/fold_7tyv_1_model_0,fold_7tyv_1_model_0,0.08707067370414734,0.6542890667915344
7TYV,7TYV/fold_7tyv_1_model_1,fold_7tyv_1_model_1,0.07759659737348557,0.6524062752723694
7TYV,7TYV/fold_7tyv_1_model_2,fold_7tyv_1_model_2,0.1935151368379593,0.7656986117362976
7TYV,7TYV/fold_7tyv_1_model_3,fold_7tyv_1_model_3,0.1146441400051117,0.7477762699127197
7TYV,7TYV/fold_7tyv_1_model_4,fold_7tyv_1_model_4,0.12392149865627289,0.7543835639953613
7TYV,7TYV/fold_7tyv_2_model_0,fold_7tyv_2_model_0,0.12070772051811218,0.7810730338096619
7TYV,7TYV/fold_7tyv_2_model_1,fold_7tyv_2_model_1,0.14610323309898376,0.7688310742378235
7TYV,7TYV/fold_7tyv_2_model_2,fold_7tyv_2_model_2,0.10712844133377075,0.7814748883247375
7TYV,7TYV/fold_7tyv_2_model_3,fold_7tyv_2_model_3,0.04909155145287514,0.7883241772651672
7TYV,7TYV/fold_7tyv_2_model_4,fold_7tyv_2_model_4,0.1306738704442978,0.6594882607460022
7TYV,7TYV/fold_7tyv_3_model_0,fold_7tyv_3_model_0,0.12668655812740326,0.6559492349624634
7TYV,7TYV/fold_7tyv_3_model_1,fold_7tyv_3_model_1,0.143588587641716,0.7669132351875305
7TYV,7TYV/fold_7tyv_3_model_2,fold_7tyv_3_model_2,0.1105336844921112,0.6511093974113464
7TYV,7TYV/fold_7tyv_3_model_3,fold_7tyv_3_model_3,0.11397302895784378,0.6588827967643738
7TYV,7TYV/fold_7tyv_3_model_4,fold_7tyv_3_model_4,0.14806301891803741,0.7576255798339844
7TYV,7TYV/fold_7tyv_4_model_0,fold_7tyv_4_model_0,0.10392904281616211,0.7716803550720215
7TYV,7TYV/fold_7tyv_4_model_1,fold_7tyv_4_model_1,0.08337052166461945,0.7728675603866577
7TYV,7TYV/fold_7tyv_4_model_2,fold_7tyv_4_model_2,0.057868581265211105,0.6526406407356262
7TYV,7TYV/fold_7tyv_4_model_3,fold_7tyv_4_model_3,0.14401356875896454,0.6643710732460022
7TYV,7TYV/fold_7tyv_4_model_4,fold_7tyv_4_model_4,0.06464763730764389,0.6672812700271606
7TYV,7TYV/fold_7tyv_5_model_0,fold_7tyv_5_model_0,0.09476487338542938,0.7509634494781494
7TYV,7TYV/fold_7tyv_5_model_1,fold_7tyv_5_model_1,0.09149207174777985,0.7702785134315491
7TYV,7TYV/fold_7tyv_5_model_2,fold_7tyv_5_model_2,0.09213436394929886,0.7654200792312622
7TYV,7TYV/fold_7tyv_5_model_3,fold_7tyv_5_model_3,0.08574561029672623,0.7592054605484009
7TYV,7TYV/fold_7tyv_5_model_4,fold_7tyv_5_model_4,0.11965430527925491,0.7538127899169922
7UED,7UED/fold_7ued_1_model_0,fold_7ued_1_model_0,0.17928887903690338,0.7624102830886841
7UED,7UED/fold_7ued_1_model_1,fold_7ued_1_model_1,0.18557998538017273,0.7784872055053711
7UED,7UED/fold_7ued_1_model_2,fold_7ued_1_model_2,0.17610792815685272,0.7683333158493042
7UED,7UED/fold_7ued_1_model_3,fold_7ued_1_model_3,0.22982639074325562,0.7505640983581543
7UED,7UED/fold_7ued_1_model_4,fold_7ued_1_model_4,0.21352334320545197,0.42573076486587524
7UED,7UED/fold_7ued_2_model_0,fold_7ued_2_model_0,0.09355435520410538,0.7647563815116882
7UED,7UED/fold_7ued_2_model_1,fold_7ued_2_model_1,0.09540204703807831,0.7850641012191772
7UED,7UED/fold_7ued_2_model_2,fold_7ued_2_model_2,0.11556649953126907,0.7790769338607788
7UED,7UED/fold_7ued_2_model_3,fold_7ued_2_model_3,0.11668042838573456,0.7590512633323669
7UED,7UED/fold_7ued_2_model_4,fold_7ued_2_model_4,0.08552904427051544,0.7396025657653809
7UED,7UED/fold_7ued_3_model_0,fold_7ued_3_model_0,0.19902797043323517,0.7674871683120728
7UED,7UED/fold_7ued_3_model_1,fold_7ued_3_model_1,0.18614542484283447,0.775948703289032
7UED,7UED/fold_7ued_3_model_2,fold_7ued_3_model_2,0.19394324719905853,0.7564871907234192
7UED,7UED/fold_7ued_3_model_3,fold_7ued_3_model_3,0.15719389915466309,0.764102578163147
7UED,7UED/fold_7ued_3_model_4,fold_7ued_3_model_4,0.2158905267715454,0.7624102830886841
7UED,7UED/fold_7ued_4_model_0,fold_7ued_4_model_0,0.09505820274353027,0.7640640735626221
7UED,7UED/fold_7ued_4_model_1,fold_7ued_4_model_1,0.11801820993423462,0.7496795058250427
7UED,7UED/fold_7ued_4_model_2,fold_7ued_4_model_2,0.09690143167972565,0.7488974332809448
7UED,7UED/fold_7ued_4_model_3,fold_7ued_4_model_3,0.1118660643696785,0.7666666507720947
7UED,7UED/fold_7ued_4_model_4,fold_7ued_4_model_4,0.1570928543806076,0.7847564220428467
7UED,7UED/fold_7ued_5_model_0,fold_7ued_5_model_0,0.26532047986984253,0.7615640759468079
7UED,7UED/fold_7ued_5_model_1,fold_7ued_5_model_1,0.2700246572494507,0.7767948508262634
7UED,7UED/fold_7ued_5_model_2,fold_7ued_5_model_2,0.2203129380941391,0.7691794633865356
7UED,7UED/fold_7ued_5_model_3,fold_7ued_5_model_3,0.24582038819789886,0.7556410431861877
7UED,7UED/fold_7ued_5_model_4,fold_7ued_5_model_4,0.26200833916664124,0.7683333158493042
7VNG,7VNG/fold_7vng_1_model_0,fold_7vng_1_model_0,0.1870204210281372,0.6632684469223022
7VNG,7VNG/fold_7vng_1_model_1,fold_7vng_1_model_1,0.18762028217315674,0.7523579001426697
7VNG,7VNG/fold_7vng_1_model_2,fold_7vng_1_model_2,0.18520526587963104,0.7280473709106445
7VNG,7VNG/fold_7vng_1_model_3,fold_7vng_1_model_3,0.20380127429962158,0.7607473731040955
7VNG,7VNG/fold_7vng_1_model_4,fold_7vng_1_model_4,0.19948652386665344,0.7665684223175049
7VNG,7VNG/fold_7vng_2_model_0,fold_7vng_2_model_0,0.23299866914749146,0.6962316036224365
7VNG,7VNG/fold_7vng_2_model_1,fold_7vng_2_model_1,0.1986650675535202,0.7594947218894958
7VNG,7VNG/fold_7vng_2_model_2,fold_7vng_2_model_2,0.18209640681743622,0.7648526430130005
7VNG,7VNG/fold_7vng_2_model_3,fold_7vng_2_model_3,0.21430470049381256,0.7668105363845825
7VNG,7VNG/fold_7vng_2_model_4,fold_7vng_2_model_4,0.1992882788181305,0.572542130947113
7VNG,7VNG/fold_7vng_3_model_0,fold_7vng_3_model_0,0.17565932869911194,0.6685947179794312
7VNG,7VNG/fold_7vng_3_model_1,fold_7vng_3_model_1,0.17639127373695374,0.6924631595611572
7VNG,7VNG/fold_7vng_3_model_2,fold_7vng_3_model_2,0.17001758515834808,0.6395315527915955
7VNG,7VNG/fold_7vng_3_model_3,fold_7vng_3_model_3,0.1951313018798828,0.7561420798301697
7VNG,7VNG/fold_7vng_3_model_4,fold_7vng_3_model_4,0.18381549417972565,0.7465999722480774
7VNG,7VNG/fold_7vng_4_model_0,fold_7vng_4_model_0,0.09782885760068893,0.4344315826892853
7VNG,7VNG/fold_7vng_4_model_1,fold_7vng_4_model_1,0.17150774598121643,0.43714210391044617
7VNG,7VNG/fold_7vng_4_model_2,fold_7vng_4_model_2,0.12940816581249237,0.4251842200756073
7VNG,7VNG/fold_7vng_4_model_3,fold_7vng_4_model_3,0.08407624065876007,0.4753526449203491
7VNG,7VNG/fold_7vng_4_model_4,fold_7vng_4_model_4,0.17450599372386932,0.3628210425376892
7VNG,7VNG/fold_7vng_5_model_0,fold_7vng_5_model_0,0.044093575328588486,0.45095789432525635
7VNG,7VNG/fold_7vng_5_model_1,fold_7vng_5_model_1,0.11083195358514786,0.34994736313819885
7VNG,7VNG/fold_7vng_5_model_2,fold_7vng_5_model_2,0.12766523659229279,0.42792630195617676
7VNG,7VNG/fold_7vng_5_model_3,fold_7vng_5_model_3,0.13554900884628296,0.3432421088218689
7VNG,7VNG/fold_7vng_5_model_4,fold_7vng_5_model_4,0.23889203369617462,0.6070894598960876
7VYR,7VYR/fold_7vyr_1_model_0,fold_7vyr_1_model_0,0.37058255076408386,0.8450437188148499
7VYR,7VYR/fold_7vyr_1_model_1,fold_7vyr_1_model_1,0.5398130416870117,0.8741256594657898
7VYR,7VYR/fold_7vyr_1_model_2,fold_7vyr_1_model_2,0.4007805585861206,0.8910983800888062
7VYR,7VYR/fold_7vyr_1_model_3,fold_7vyr_1_model_3,0.5382200479507446,0.8666502833366394
7VYR,7VYR/fold_7vyr_1_model_4,fold_7vyr_1_model_4,0.3293721675872803,0.5545573830604553
7VYR,7VYR/fold_7vyr_2_model_0,fold_7vyr_2_model_0,0.44124752283096313,0.843961775302887
7VYR,7VYR/fold_7vyr_2_model_1,fold_7vyr_2_model_1,0.4691370725631714,0.8449344038963318
7VYR,7VYR/fold_7vyr_2_model_2,fold_7vyr_2_model_2,0.43813472986221313,0.8410655856132507
7VYR,7VYR/fold_7vyr_2_model_3,fold_7vyr_2_model_3,0.5192667841911316,0.8675081729888916
7VYR,7VYR/fold_7vyr_2_model_4,fold_7vyr_2_model_4,0.4564823508262634,0.7259726524353027
7VYR,7VYR/fold_7vyr_3_model_0,fold_7vyr_3_model_0,0.5278180241584778,0.8649125695228577
7VYR,7VYR/fold_7vyr_3_model_1,fold_7vyr_3_model_1,0.4621376395225525,0.852464497089386
7VYR,7VYR/fold_7vyr_3_model_2,fold_7vyr_3_model_2,0.3133542835712433,0.8570983409881592
7VYR,7VYR/fold_7vyr_3_model_3,fold_7vyr_3_model_3,0.41697803139686584,0.8423169255256653
7VYR,7VYR/fold_7vyr_3_model_4,fold_7vyr_3_model_4,0.29665815830230713,0.7784426212310791
7VYR,7VYR/fold_7vyr_4_model_0,fold_7vyr_4_model_0,0.4149731695652008,0.8483169674873352
7VYR,7VYR/fold_7vyr_4_model_1,fold_7vyr_4_model_1,0.37044066190719604,0.8061529994010925
7VYR,7VYR/fold_7vyr_4_model_2,fold_7vyr_4_model_2,0.5016950964927673,0.8511967062950134
7VYR,7VYR/fold_7vyr_4_model_3,fold_7vyr_4_model_3,0.30366212129592896,0.8401201963424683
7VYR,7VYR/fold_7vyr_4_model_4,fold_7vyr_4_model_4,0.5322906970977783,0.8509945273399353
7VYR,7VYR/fold_7vyr_5_model_0,fold_7vyr_5_model_0,0.4906395673751831,0.7313224077224731
7VYR,7VYR/fold_7vyr_5_model_1,fold_7vyr_5_model_1,0.5362322330474854,0.7914371490478516
7VYR,7VYR/fold_7vyr_5_model_2,fold_7vyr_5_model_2,0.41074681282043457,0.8415136337280273
7VYR,7VYR/fold_7vyr_5_model_3,fold_7vyr_5_model_3,0.3744891881942749,0.8425518870353699
7VYR,7VYR/fold_7vyr_5_model_4,fold_7vyr_5_model_4,0.38573795557022095,0.7936611771583557
7WO5,7WO5/fold_7wo5_1_model_0,fold_7wo5_1_model_0,0.1552204042673111,0.5690000057220459
7WO5,7WO5/fold_7wo5_1_model_1,fold_7wo5_1_model_1,0.08980011194944382,0.5960000157356262
7WO5,7WO5/fold_7wo5_1_model_2,fold_7wo5_1_model_2,0.19853679835796356,0.42043429613113403
7WO5,7WO5/fold_7wo5_1_model_3,fold_7wo5_1_model_3,0.3101511001586914,0.5559999942779541
7WO5,7WO5/fold_7wo5_1_model_4,fold_7wo5_1_model_4,0.3112509250640869,0.42179998755455017
7WO5,7WO5/fold_7wo5_2_model_0,fold_7wo5_2_model_0,0.23426604270935059,0.44466856122016907
7WO5,7WO5/fold_7wo5_2_model_1,fold_7wo5_2_model_1,0.26723042130470276,0.3578285574913025
7WO5,7WO5/fold_7wo5_2_model_2,fold_7wo5_2_model_2,0.09847893565893173,0.43683427572250366
7WO5,7WO5/fold_7wo5_2_model_3,fold_7wo5_2_model_3,0.1395295262336731,0.4537314176559448
7WO5,7WO5/fold_7wo5_2_model_4,fold_7wo5_2_model_4,0.15103787183761597,0.5019999742507935
7WO5,7WO5/fold_7wo5_3_model_0,fold_7wo5_3_model_0,0.17055822908878326,0.3490400016307831
7WO5,7WO5/fold_7wo5_3_model_1,fold_7wo5_3_model_1,0.17638710141181946,0.5009999871253967
7WO5,7WO5/fold_7wo5_3_model_2,fold_7wo5_3_model_2,0.038404274731874466,0.3822285830974579
7WO5,7WO5/fold_7wo5_3_model_3,fold_7wo5_3_model_3,0.10454631596803665,0.5720000267028809
7WO5,7WO5/fold_7wo5_3_model_4,fold_7wo5_3_model_4,0.09921777993440628,0.48399999737739563
7WO5,7WO5/fold_7wo5_4_model_0,fold_7wo5_4_model_0,0.15955346822738647,0.5770000219345093
7WO5,7WO5/fold_7wo5_4_model_1,fold_7wo5_4_model_1,0.09843669086694717,0.5820000171661377
7WO5,7WO5/fold_7wo5_4_model_2,fold_7wo5_4_model_2,0.16649161279201508,0.41190284490585327
7WO5,7WO5/fold_7wo5_4_model_3,fold_7wo5_4_model_3,0.11970061808824539,0.35487428307533264
7WO5,7WO5/fold_7wo5_4_model_4,fold_7wo5_4_model_4,0.13498806953430176,0.3854571282863617
7WO5,7WO5/fold_7wo5_5_model_0,fold_7wo5_5_model_0,0.0870734229683876,0.4383942782878876
7WO5,7WO5/fold_7wo5_5_model_1,fold_7wo5_5_model_1,0.06416457146406174,0.37472569942474365
7WO5,7WO5/fold_7wo5_5_model_2,fold_7wo5_5_model_2,0.09117388725280762,0.3658914268016815
7WO5,7WO5/fold_7wo5_5_model_3,fold_7wo5_5_model_3,0.1322430819272995,0.5019999742507935
7WO5,7WO5/fold_7wo5_5_model_4,fold_7wo5_5_model_4,0.17664019763469696,0.3346285820007324
7WRV,7WRV/fold_7wrv_1_model_0,fold_7wrv_1_model_0,0.1332480013370514,0.3856949210166931
7WRV,7WRV/fold_7wrv_1_model_1,fold_7wrv_1_model_1,0.17127983272075653,0.3895423710346222
7WRV,7WRV/fold_7wrv_1_model_2,fold_7wrv_1_model_2,0.16474483907222748,0.29588136076927185
7WRV,7WRV/fold_7wrv_1_model_3,fold_7wrv_1_model_3,0.2950626611709595,0.2915762662887573
7WRV,7WRV/fold_7wrv_1_model_4,fold_7wrv_1_model_4,0.2764420211315155,0.2728305160999298
7WRV,7WRV/fold_7wrv_2_model_0,fold_7wrv_2_model_0,0.1892092525959015,0.2785762846469879
7WRV,7WRV/fold_7wrv_2_model_1,fold_7wrv_2_model_1,0.3704788386821747,0.29566100239753723
7WRV,7WRV/fold_7wrv_2_model_2,fold_7wrv_2_model_2,0.5891574025154114,0.28459322452545166
7WRV,7WRV/fold_7wrv_2_model_3,fold_7wrv_2_model_3,0.15638507902622223,0.2726779580116272
7WRV,7WRV/fold_7wrv_2_model_4,fold_7wrv_2_model_4,0.17301636934280396,0.28518643975257874
7WRV,7WRV/fold_7wrv_3_model_0,fold_7wrv_3_model_0,0.21432626247406006,0.41174575686454773
7WRV,7WRV/fold_7wrv_3_model_1,fold_7wrv_3_model_1,0.14912910759449005,0.47372880578041077
7WRV,7WRV/fold_7wrv_3_model_2,fold_7wrv_3_model_2,0.2160852700471878,0.30469492077827454
7WRV,7WRV/fold_7wrv_3_model_3,fold_7wrv_3_model_3,0.2692747712135315,0.28128814697265625
7WRV,7WRV/fold_7wrv_3_model_4,fold_7wrv_3_model_4,0.17374686896800995,0.3548135459423065
7WRV,7WRV/fold_7wrv_4_model_0,fold_7wrv_4_model_0,0.16420073807239532,0.4472711980342865
7WRV,7WRV/fold_7wrv_4_model_1,fold_7wrv_4_model_1,0.26044291257858276,0.44915252923965454
7WRV,7WRV/fold_7wrv_4_model_2,fold_7wrv_4_model_2,0.2141103744506836,0.42159321904182434
7WRV,7WRV/fold_7wrv_4_model_3,fold_7wrv_4_model_3,0.2841741144657135,0.4187796711921692
7WRV,7WRV/fold_7wrv_4_model_4,fold_7wrv_4_model_4,0.33277222514152527,0.43216949701309204
7WRV,7WRV/fold_7wrv_5_model_0,fold_7wrv_5_model_0,0.21026596426963806,0.4186271131038666
7WRV,7WRV/fold_7wrv_5_model_1,fold_7wrv_5_model_1,0.17149363458156586,0.4843898415565491
7WRV,7WRV/fold_7wrv_5_model_2,fold_7wrv_5_model_2,0.23808114230632782,0.44196611642837524
7WRV,7WRV/fold_7wrv_5_model_3,fold_7wrv_5_model_3,0.160106360912323,0.4082203507423401
7WRV,7WRV/fold_7wrv_5_model_4,fold_7wrv_5_model_4,0.2135315239429474,0.4667118787765503
7X7O,7X7O/fold_7x7o_1_model_0,fold_7x7o_1_model_0,0.6040342450141907,0.7969231009483337
7X7O,7X7O/fold_7x7o_1_model_1,fold_7x7o_1_model_1,0.5229304432868958,0.7973653674125671
7X7O,7X7O/fold_7x7o_1_model_2,fold_7x7o_1_model_2,0.5922296047210693,0.7920288443565369
7X7O,7X7O/fold_7x7o_1_model_3,fold_7x7o_1_model_3,0.5136628746986389,0.7941538691520691
7X7O,7X7O/fold_7x7o_1_model_4,fold_7x7o_1_model_4,0.4930298924446106,0.795519232749939
7X7O,7X7O/fold_7x7o_2_model_0,fold_7x7o_2_model_0,0.5584394335746765,0.7660288214683533
7X7O,7X7O/fold_7x7o_2_model_1,fold_7x7o_2_model_1,0.43353909254074097,0.7890769243240356
7X7O,7X7O/fold_7x7o_2_model_2,fold_7x7o_2_model_2,0.45961299538612366,0.7834230661392212
7X7O,7X7O/fold_7x7o_2_model_3,fold_7x7o_2_model_3,0.501264750957489,0.7895961403846741
7X7O,7X7O/fold_7x7o_2_model_4,fold_7x7o_2_model_4,0.49201500415802,0.7829711437225342
7X7O,7X7O/fold_7x7o_3_model_0,fold_7x7o_3_model_0,0.3870520293712616,0.7895480990409851
7X7O,7X7O/fold_7x7o_3_model_1,fold_7x7o_3_model_1,0.39962735772132874,0.7794615626335144
7X7O,7X7O/fold_7x7o_3_model_2,fold_7x7o_3_model_2,0.43155208230018616,0.7983750104904175
7X7O,7X7O/fold_7x7o_3_model_3,fold_7x7o_3_model_3,0.43115270137786865,0.7972692251205444
7X7O,7X7O/fold_7x7o_3_model_4,fold_7x7o_3_model_4,0.4439662992954254,0.7739422917366028
7X7O,7X7O/fold_7x7o_4_model_0,fold_7x7o_4_model_0,0.4173509180545807,0.7716249823570251
7X7O,7X7O/fold_7x7o_4_model_1,fold_7x7o_4_model_1,0.45268645882606506,0.7779807448387146
7X7O,7X7O/fold_7x7o_4_model_2,fold_7x7o_4_model_2,0.5416997075080872,0.7826538681983948
7X7O,7X7O/fold_7x7o_4_model_3,fold_7x7o_4_model_3,0.467995822429657,0.7841153740882874
7X7O,7X7O/fold_7x7o_4_model_4,fold_7x7o_4_model_4,0.4379937946796417,0.7982211709022522
7X7O,7X7O/fold_7x7o_5_model_0,fold_7x7o_5_model_0,0.5506837368011475,0.7850865125656128
7X7O,7X7O/fold_7x7o_5_model_1,fold_7x7o_5_model_1,0.571135401725769,0.791692316532135
7X7O,7X7O/fold_7x7o_5_model_2,fold_7x7o_5_model_2,0.5111422538757324,0.798153817653656
7X7O,7X7O/fold_7x7o_5_model_3,fold_7x7o_5_model_3,0.527431845664978,0.791894257068634
7X7O,7X7O/fold_7x7o_5_model_4,fold_7x7o_5_model_4,0.4910362660884857,0.7858076691627502
7YQX,7YQX/fold_7yqx_1_model_0,fold_7yqx_1_model_0,0.04093807190656662,0.4239007532596588
7YQX,7YQX/fold_7yqx_1_model_1,fold_7yqx_1_model_1,0.04311412200331688,0.4181218445301056
7YQX,7YQX/fold_7yqx_1_model_2,fold_7yqx_1_model_2,0.02998313680291176,0.4420904517173767
7YQX,7YQX/fold_7yqx_1_model_3,fold_7yqx_1_model_3,0.0775851309299469,0.444477379322052
7YQX,7YQX/fold_7yqx_1_model_4,fold_7yqx_1_model_4,0.028820287436246872,0.4275866746902466
7YQX,7YQX/fold_7yqx_2_model_0,fold_7yqx_2_model_0,0.02159302867949009,0.4080502390861511
7YQX,7YQX/fold_7yqx_2_model_1,fold_7yqx_2_model_1,0.05505524203181267,0.4544811546802521
7YQX,7YQX/fold_7yqx_2_model_2,fold_7yqx_2_model_2,0.029227986931800842,0.44860175251960754
7YQX,7YQX/fold_7yqx_2_model_3,fold_7yqx_2_model_3,0.027118654921650887,0.39998114109039307
7YQX,7YQX/fold_7yqx_2_model_4,fold_7yqx_2_model_4,0.06306417286396027,0.450824111700058
7YQX,7YQX/fold_7yqx_3_model_0,fold_7yqx_3_model_0,0.0783594623208046,0.4578216075897217
7YQX,7YQX/fold_7yqx_3_model_1,fold_7yqx_3_model_1,0.038672707974910736,0.44107913970947266
7YQX,7YQX/fold_7yqx_3_model_2,fold_7yqx_3_model_2,0.10557148605585098,0.4619962275028229
7YQX,7YQX/fold_7yqx_3_model_3,fold_7yqx_3_model_3,0.03630295768380165,0.4493178427219391
7YQX,7YQX/fold_7yqx_3_model_4,fold_7yqx_3_model_4,0.04012104123830795,0.4559321701526642
7YQX,7YQX/fold_7yqx_4_model_0,fold_7yqx_4_model_0,0.08030163496732712,0.44431281089782715
7YQX,7YQX/fold_7yqx_4_model_1,fold_7yqx_4_model_1,0.04377377778291702,0.415282666683197
7YQX,7YQX/fold_7yqx_4_model_2,fold_7yqx_4_model_2,0.05511302873492241,0.398048996925354
7YQX,7YQX/fold_7yqx_4_model_3,fold_7yqx_4_model_3,0.054461557418107986,0.4542525112628937
7YQX,7YQX/fold_7yqx_4_model_4,fold_7yqx_4_model_4,0.05385538190603256,0.4516105651855469
7YQX,7YQX/fold_7yqx_5_model_0,fold_7yqx_5_model_0,0.03033040650188923,0.4050213694572449
7YQX,7YQX/fold_7yqx_5_model_1,fold_7yqx_5_model_1,0.07879894971847534,0.44273367524147034
7YQX,7YQX/fold_7yqx_5_model_2,fold_7yqx_5_model_2,0.0521981380879879,0.44647863507270813
7YQX,7YQX/fold_7yqx_5_model_3,fold_7yqx_5_model_3,0.07324405014514923,0.4677474796772003
7YQX,7YQX/fold_7yqx_5_model_4,fold_7yqx_5_model_4,0.07152435183525085,0.4486168324947357
7YQZ,7YQZ/fold_7yqz_1_model_0,fold_7yqz_1_model_0,0.029827136546373367,0.4197414815425873
7YQZ,7YQZ/fold_7yqz_1_model_1,fold_7yqz_1_model_1,0.07405832409858704,0.4632723927497864
7YQZ,7YQZ/fold_7yqz_1_model_2,fold_7yqz_1_model_2,0.021588409319519997,0.44862547516822815
7YQZ,7YQZ/fold_7yqz_1_model_3,fold_7yqz_1_model_3,0.05430823937058449,0.412883996963501
7YQZ,7YQZ/fold_7yqz_1_model_4,fold_7yqz_1_model_4,0.03720559552311897,0.39282599091529846
7YQZ,7YQZ/fold_7yqz_2_model_0,fold_7yqz_2_model_0,0.037772051990032196,0.45162925124168396
7YQZ,7YQZ/fold_7yqz_2_model_1,fold_7yqz_2_model_1,0.035012803971767426,0.45775914192199707
7YQZ,7YQZ/fold_7yqz_2_model_2,fold_7yqz_2_model_2,0.03583863750100136,0.41283100843429565
7YQZ,7YQZ/fold_7yqz_2_model_3,fold_7yqz_2_model_3,0.04458242282271385,0.4487137496471405
7YQZ,7YQZ/fold_7yqz_2_model_4,fold_7yqz_2_model_4,0.023810455575585365,0.45815131068229675
7YQZ,7YQZ/fold_7yqz_3_model_0,fold_7yqz_3_model_0,0.04764701798558235,0.4312988519668579
7YQZ,7YQZ/fold_7yqz_3_model_1,fold_7yqz_3_model_1,0.05258067324757576,0.4507843554019928
7YQZ,7YQZ/fold_7yqz_3_model_2,fold_7yqz_3_model_2,0.0464693121612072,0.4255838692188263
7YQZ,7YQZ/fold_7yqz_3_model_3,fold_7yqz_3_model_3,0.06858131289482117,0.46401262283325195
7YQZ,7YQZ/fold_7yqz_3_model_4,fold_7yqz_3_model_4,0.010231315158307552,0.40005800127983093
7YQZ,7YQZ/fold_7yqz_4_model_0,fold_7yqz_4_model_0,0.07148544490337372,0.4366658329963684
7YQZ,7YQZ/fold_7yqz_4_model_1,fold_7yqz_4_model_1,0.06203607842326164,0.42602017521858215
7YQZ,7YQZ/fold_7yqz_4_model_2,fold_7yqz_4_model_2,0.03814435377717018,0.45961663126945496
7YQZ,7YQZ/fold_7yqz_4_model_3,fold_7yqz_4_model_3,0.06024778261780739,0.45269861817359924
7YQZ,7YQZ/fold_7yqz_4_model_4,fold_7yqz_4_model_4,0.04706055298447609,0.45724591612815857
7YQZ,7YQZ/fold_7yqz_5_model_0,fold_7yqz_5_model_0,0.03398275002837181,0.4107931852340698
7YQZ,7YQZ/fold_7yqz_5_model_1,fold_7yqz_5_model_1,0.03725576773285866,0.4661967158317566
7YQZ,7YQZ/fold_7yqz_5_model_2,fold_7yqz_5_model_2,0.026372293010354042,0.44642874598503113
7YQZ,7YQZ/fold_7yqz_5_model_3,fold_7yqz_5_model_3,0.03991222754120827,0.47217780351638794
7YQZ,7YQZ/fold_7yqz_5_model_4,fold_7yqz_5_model_4,0.03971921280026436,0.44728121161460876
7Z2M,7Z2M/fold_7z2m_1_model_0,fold_7z2m_1_model_0,0.6331309676170349,0.42066290974617004
7Z2M,7Z2M/fold_7z2m_1_model_1,fold_7z2m_1_model_1,0.6240856051445007,0.42955055832862854
7Z2M,7Z2M/fold_7z2m_1_model_2,fold_7z2m_1_model_2,0.647902250289917,0.5585908889770508
7Z2M,7Z2M/fold_7z2m_1_model_3,fold_7z2m_1_model_3,0.6536486744880676,0.4345056116580963
7Z2M,7Z2M/fold_7z2m_1_model_4,fold_7z2m_1_model_4,0.6067382097244263,0.4423595368862152
7Z2M,7Z2M/fold_7z2m_2_model_0,fold_7z2m_2_model_0,0.6760274171829224,0.4080224633216858
7Z2M,7Z2M/fold_7z2m_2_model_1,fold_7z2m_2_model_1,0.6662673354148865,0.42230337858200073
7Z2M,7Z2M/fold_7z2m_2_model_2,fold_7z2m_2_model_2,0.6733379364013672,0.4256179630756378
7Z2M,7Z2M/fold_7z2m_2_model_3,fold_7z2m_2_model_3,0.6213505268096924,0.4164831340312958
7Z2M,7Z2M/fold_7z2m_2_model_4,fold_7z2m_2_model_4,0.5748694539070129,0.4265393316745758
7Z2M,7Z2M/fold_7z2m_3_model_0,fold_7z2m_3_model_0,0.6794938445091248,0.4333033561706543
7Z2M,7Z2M/fold_7z2m_3_model_1,fold_7z2m_3_model_1,0.6805127263069153,0.42486515641212463
7Z2M,7Z2M/fold_7z2m_3_model_2,fold_7z2m_3_model_2,0.6753020882606506,0.4213033616542816
7Z2M,7Z2M/fold_7z2m_3_model_3,fold_7z2m_3_model_3,0.6093040108680725,0.552545428276062
7Z2M,7Z2M/fold_7z2m_3_model_4,fold_7z2m_3_model_4,0.6395675539970398,0.4393483102321625
7Z2M,7Z2M/fold_7z2m_4_model_0,fold_7z2m_4_model_0,0.6565560102462769,0.4227752685546875
7Z2M,7Z2M/fold_7z2m_4_model_1,fold_7z2m_4_model_1,0.6556671857833862,0.43285393714904785
7Z2M,7Z2M/fold_7z2m_4_model_2,fold_7z2m_4_model_2,0.5154415369033813,0.5568636655807495
7Z2M,7Z2M/fold_7z2m_4_model_3,fold_7z2m_4_model_3,0.6538204550743103,0.4269775152206421
7Z2M,7Z2M/fold_7z2m_4_model_4,fold_7z2m_4_model_4,0.6249988079071045,0.41608989238739014
7Z2M,7Z2M/fold_7z2m_5_model_0,fold_7z2m_5_model_0,0.671017587184906,0.41826966404914856
7Z2M,7Z2M/fold_7z2m_5_model_1,fold_7z2m_5_model_1,0.6714692711830139,0.4192696511745453
7Z2M,7Z2M/fold_7z2m_5_model_2,fold_7z2m_5_model_2,0.6609432101249695,0.41994380950927734
7Z2M,7Z2M/fold_7z2m_5_model_3,fold_7z2m_5_model_3,0.5577696561813354,0.4028427004814148
7Z2M,7Z2M/fold_7z2m_5_model_4,fold_7z2m_5_model_4,0.6528399586677551,0.5585908889770508
7Z4T,7Z4T/fold_7z4t_1_model_0,fold_7z4t_1_model_0,0.18148386478424072,0.5696823596954346
7Z4T,7Z4T/fold_7z4t_1_model_1,fold_7z4t_1_model_1,0.20821860432624817,0.5462706089019775
7Z4T,7Z4T/fold_7z4t_1_model_2,fold_7z4t_1_model_2,0.18861986696720123,0.5532235503196716
7Z4T,7Z4T/fold_7z4t_1_model_3,fold_7z4t_1_model_3,0.17686684429645538,0.5519529581069946
7Z4T,7Z4T/fold_7z4t_1_model_4,fold_7z4t_1_model_4,0.09844322502613068,0.6015529632568359
7Z4T,7Z4T/fold_7z4t_2_model_0,fold_7z4t_2_model_0,0.22122207283973694,0.8494940996170044
7Z4T,7Z4T/fold_7z4t_2_model_1,fold_7z4t_2_model_1,0.2302914708852768,0.8552823662757874
7Z4T,7Z4T/fold_7z4t_2_model_2,fold_7z4t_2_model_2,0.21418602764606476,0.8512941002845764
7Z4T,7Z4T/fold_7z4t_2_model_3,fold_7z4t_2_model_3,0.20727482438087463,0.8475176692008972
7Z4T,7Z4T/fold_7z4t_2_model_4,fold_7z4t_2_model_4,0.2481575310230255,0.852647066116333
7Z4T,7Z4T/fold_7z4t_3_model_0,fold_7z4t_3_model_0,0.24942246079444885,0.8592000007629395
7Z4T,7Z4T/fold_7z4t_3_model_1,fold_7z4t_3_model_1,0.2205457091331482,0.8553529381752014
7Z4T,7Z4T/fold_7z4t_3_model_2,fold_7z4t_3_model_2,0.22023041546344757,0.848517656326294
7Z4T,7Z4T/fold_7z4t_3_model_3,fold_7z4t_3_model_3,0.18948298692703247,0.8341293931007385
7Z4T,7Z4T/fold_7z4t_3_model_4,fold_7z4t_3_model_4,0.2198089361190796,0.8539999723434448
7Z4T,7Z4T/fold_7z4t_4_model_0,fold_7z4t_4_model_0,0.23276953399181366,0.8570470809936523
7Z4T,7Z4T/fold_7z4t_4_model_1,fold_7z4t_4_model_1,0.22481657564640045,0.8571764826774597
7Z4T,7Z4T/fold_7z4t_4_model_2,fold_7z4t_4_model_2,0.22294990718364716,0.8575294017791748
7Z4T,7Z4T/fold_7z4t_4_model_3,fold_7z4t_4_model_3,0.19117918610572815,0.8439529538154602
7Z4T,7Z4T/fold_7z4t_4_model_4,fold_7z4t_4_model_4,0.20943619310855865,0.8539999723434448
7Z4T,7Z4T/fold_7z4t_5_model_0,fold_7z4t_5_model_0,0.10154978930950165,0.5502941012382507
7Z4T,7Z4T/fold_7z4t_5_model_1,fold_7z4t_5_model_1,0.21375522017478943,0.5612117648124695
7Z4T,7Z4T/fold_7z4t_5_model_2,fold_7z4t_5_model_2,0.11802753806114197,0.5585647225379944
7Z4T,7Z4T/fold_7z4t_5_model_3,fold_7z4t_5_model_3,0.11099347472190857,0.5524705648422241
7Z4T,7Z4T/fold_7z4t_5_model_4,fold_7z4t_5_model_4,0.12146762758493423,0.5740470886230469
7ZF9,7ZF9/fold_7zf9_1_model_0,fold_7zf9_1_model_0,0.3343634605407715,0.8310627937316895
7ZF9,7ZF9/fold_7zf9_1_model_1,fold_7zf9_1_model_1,0.3532281517982483,0.9035652279853821
7ZF9,7ZF9/fold_7zf9_1_model_2,fold_7zf9_1_model_2,0.579471230506897,0.8412125706672668
7ZF9,7ZF9/fold_7zf9_1_model_3,fold_7zf9_1_model_3,0.3671194016933441,0.8442946672439575
7ZF9,7ZF9/fold_7zf9_1_model_4,fold_7zf9_1_model_4,0.3240441083908081,0.8923140168190002
7ZF9,7ZF9/fold_7zf9_2_model_0,fold_7zf9_2_model_0,0.3795825242996216,0.889743983745575
7ZF9,7ZF9/fold_7zf9_2_model_1,fold_7zf9_2_model_1,0.5364829897880554,0.8975362181663513
7ZF9,7ZF9/fold_7zf9_2_model_2,fold_7zf9_2_model_2,0.4891030788421631,0.8912029266357422
7ZF9,7ZF9/fold_7zf9_2_model_3,fold_7zf9_2_model_3,0.4033697545528412,0.8772608637809753
7ZF9,7ZF9/fold_7zf9_2_model_4,fold_7zf9_2_model_4,0.36154600977897644,0.887333333492279
7ZF9,7ZF9/fold_7zf9_3_model_0,fold_7zf9_3_model_0,0.4878968596458435,0.890101432800293
7ZF9,7ZF9/fold_7zf9_3_model_1,fold_7zf9_3_model_1,0.5406955480575562,0.8800869584083557
7ZF9,7ZF9/fold_7zf9_3_model_2,fold_7zf9_3_model_2,0.4672298729419708,0.8937729597091675
7ZF9,7ZF9/fold_7zf9_3_model_3,fold_7zf9_3_model_3,0.5128414630889893,0.8881111145019531
7ZF9,7ZF9/fold_7zf9_3_model_4,fold_7zf9_3_model_4,0.5777542591094971,0.8462125658988953
7ZF9,7ZF9/fold_7zf9_4_model_0,fold_7zf9_4_model_0,0.3634619116783142,0.8984347581863403
7ZF9,7ZF9/fold_7zf9_4_model_1,fold_7zf9_4_model_1,0.45194777846336365,0.8809854984283447
7ZF9,7ZF9/fold_7zf9_4_model_2,fold_7zf9_4_model_2,0.41903427243232727,0.8706424832344055
7ZF9,7ZF9/fold_7zf9_4_model_3,fold_7zf9_4_model_3,0.4486376941204071,0.8754782676696777
7ZF9,7ZF9/fold_7zf9_4_model_4,fold_7zf9_4_model_4,0.38111811876296997,0.8314203023910522
7ZF9,7ZF9/fold_7zf9_5_model_0,fold_7zf9_5_model_0,0.5246567130088806,0.8490048050880432
7ZF9,7ZF9/fold_7zf9_5_model_1,fold_7zf9_5_model_1,0.43257835507392883,0.9113043546676636
7ZF9,7ZF9/fold_7zf9_5_model_2,fold_7zf9_5_model_2,0.43141359090805054,0.8668888807296753
7ZF9,7ZF9/fold_7zf9_5_model_3,fold_7zf9_5_model_3,0.38706469535827637,0.8920676112174988
7ZF9,7ZF9/fold_7zf9_5_model_4,fold_7zf9_5_model_4,0.3677716553211212,0.9055845141410828
7ZR7,7ZR7/fold_7zr7_1_model_0,fold_7zr7_1_model_0,0.4076888859272003,0.847000002861023
7ZR7,7ZR7/fold_7zr7_1_model_1,fold_7zr7_1_model_1,0.20664161443710327,0.5058736801147461
7ZR7,7ZR7/fold_7zr7_1_model_2,fold_7zr7_1_model_2,0.5520647764205933,0.7919999957084656
7ZR7,7ZR7/fold_7zr7_1_model_3,fold_7zr7_1_model_3,0.12523789703845978,0.5319368243217468
7ZR7,7ZR7/fold_7zr7_1_model_4,fold_7zr7_1_model_4,0.14997732639312744,0.5222736597061157
7ZR7,7ZR7/fold_7zr7_2_model_0,fold_7zr7_2_model_0,0.4703803062438965,0.5148420929908752
7ZR7,7ZR7/fold_7zr7_2_model_1,fold_7zr7_2_model_1,0.28388407826423645,0.4525684118270874
7ZR7,7ZR7/fold_7zr7_2_model_2,fold_7zr7_2_model_2,0.5225628614425659,0.5148420929908752
7ZR7,7ZR7/fold_7zr7_2_model_3,fold_7zr7_2_model_3,0.22939349710941315,0.513378918170929
7ZR7,7ZR7/fold_7zr7_2_model_4,fold_7zr7_2_model_4,0.38683241605758667,0.8460000157356262
7ZR7,7ZR7/fold_7zr7_3_model_0,fold_7zr7_3_model_0,0.37142637372016907,0.8429999947547913
7ZR7,7ZR7/fold_7zr7_3_model_1,fold_7zr7_3_model_1,0.3457549214363098,0.49347367882728577
7ZR7,7ZR7/fold_7zr7_3_model_2,fold_7zr7_3_model_2,0.4732271432876587,0.859000027179718
7ZR7,7ZR7/fold_7zr7_3_model_3,fold_7zr7_3_model_3,0.34336957335472107,0.5197263360023499
7ZR7,7ZR7/fold_7zr7_3_model_4,fold_7zr7_3_model_4,0.4785812795162201,0.5062947273254395
7ZR7,7ZR7/fold_7zr7_4_model_0,fold_7zr7_4_model_0,0.41723763942718506,0.526515781879425
7ZR7,7ZR7/fold_7zr7_4_model_1,fold_7zr7_4_model_1,0.5977911353111267,0.5366315841674805
7ZR7,7ZR7/fold_7zr7_4_model_2,fold_7zr7_4_model_2,0.48698166012763977,0.5378526449203491
7ZR7,7ZR7/fold_7zr7_4_model_3,fold_7zr7_4_model_3,0.1961621344089508,0.5156736969947815
7ZR7,7ZR7/fold_7zr7_4_model_4,fold_7zr7_4_model_4,0.22372673451900482,0.5112526416778564
7ZR7,7ZR7/fold_7zr7_5_model_0,fold_7zr7_5_model_0,0.2647291421890259,0.5099579095840454
7ZR7,7ZR7/fold_7zr7_5_model_1,fold_7zr7_5_model_1,0.2825177311897278,0.5150105357170105
7ZR7,7ZR7/fold_7zr7_5_model_2,fold_7zr7_5_model_2,0.4182373285293579,0.5081263184547424
7ZR7,7ZR7/fold_7zr7_5_model_3,fold_7zr7_5_model_3,0.33039435744285583,0.521747350692749
7ZR7,7ZR7/fold_7zr7_5_model_4,fold_7zr7_5_model_4,0.5569750070571899,0.5215578675270081
8B7W,8B7W/fold_8b7w_1_model_0,fold_8b7w_1_model_0,0.31918618083000183,0.08399999886751175
8B7W,8B7W/fold_8b7w_1_model_1,fold_8b7w_1_model_1,0.3087204098701477,0.05900000035762787
8B7W,8B7W/fold_8b7w_1_model_2,fold_8b7w_1_model_2,0.09932819753885269,0.04800000041723251
8B7W,8B7W/fold_8b7w_1_model_3,fold_8b7w_1_model_3,0.23299425840377808,0.017999999225139618
8B7W,8B7W/fold_8b7w_1_model_4,fold_8b7w_1_model_4,0.14204351603984833,0.014000000432133675
8B7W,8B7W/fold_8b7w_2_model_0,fold_8b7w_2_model_0,0.6864984035491943,0.01899999938905239
8B7W,8B7W/fold_8b7w_2_model_1,fold_8b7w_2_model_1,0.6056534647941589,0.05900000035762787
8B7W,8B7W/fold_8b7w_2_model_2,fold_8b7w_2_model_2,0.1941906362771988,0.05700000002980232
8B7W,8B7W/fold_8b7w_2_model_3,fold_8b7w_2_model_3,0.42550891637802124,0.03500000014901161
8B7W,8B7W/fold_8b7w_2_model_4,fold_8b7w_2_model_4,0.478557288646698,0.03400000184774399
8B7W,8B7W/fold_8b7w_3_model_0,fold_8b7w_3_model_0,0.6938062906265259,0.20800000429153442
8B7W,8B7W/fold_8b7w_3_model_1,fold_8b7w_3_model_1,0.634033203125,0.02199999988079071
8B7W,8B7W/fold_8b7w_3_model_2,fold_8b7w_3_model_2,0.7330228090286255,0.14000000059604645
8B7W,8B7W/fold_8b7w_3_model_3,fold_8b7w_3_model_3,0.08181998133659363,0.012000000104308128
8B7W,8B7W/fold_8b7w_3_model_4,fold_8b7w_3_model_4,0.6971989870071411,0.24199999868869781
8B7W,8B7W/fold_8b7w_4_model_0,fold_8b7w_4_model_0,0.6680782437324524,0.054999999701976776
8B7W,8B7W/fold_8b7w_4_model_1,fold_8b7w_4_model_1,0.6548355221748352,0.054999999701976776
8B7W,8B7W/fold_8b7w_4_model_2,fold_8b7w_4_model_2,0.662101149559021,0.05700000002980232
8B7W,8B7W/fold_8b7w_4_model_3,fold_8b7w_4_model_3,0.3061084747314453,0.01899999938905239
8B7W,8B7W/fold_8b7w_4_model_4,fold_8b7w_4_model_4,0.6240489482879639,0.035999998450279236
8B7W,8B7W/fold_8b7w_5_model_0,fold_8b7w_5_model_0,0.38233014941215515,0.014999999664723873
8B7W,8B7W/fold_8b7w_5_model_1,fold_8b7w_5_model_1,0.4837873876094818,0.014999999664723873
8B7W,8B7W/fold_8b7w_5_model_2,fold_8b7w_5_model_2,0.6724321842193604,0.03400000184774399
8B7W,8B7W/fold_8b7w_5_model_3,fold_8b7w_5_model_3,0.2915848195552826,0.0430000014603138
8B7W,8B7W/fold_8b7w_5_model_4,fold_8b7w_5_model_4,0.2732415795326233,0.017999999225139618
8F8X,8F8X/fold_8f8x_1_model_0,fold_8f8x_1_model_0,0.6040319204330444,0.010999999940395355
8F8X,8F8X/fold_8f8x_1_model_1,fold_8f8x_1_model_1,0.6547686457633972,0.00800000037997961
8F8X,8F8X/fold_8f8x_1_model_2,fold_8f8x_1_model_2,0.6409531831741333,0.009999999776482582
8F8X,8F8X/fold_8f8x_1_model_3,fold_8f8x_1_model_3,0.5223767161369324,0.00800000037997961
8F8X,8F8X/fold_8f8x_1_model_4,fold_8f8x_1_model_4,0.6215060949325562,0.0989999994635582
8F8X,8F8X/fold_8f8x_2_model_0,fold_8f8x_2_model_0,0.6051825881004333,0.012000000104308128
8F8X,8F8X/fold_8f8x_2_model_1,fold_8f8x_2_model_1,0.2809095084667206,0.010999999940395355
8F8X,8F8X/fold_8f8x_2_model_2,fold_8f8x_2_model_2,0.4032442271709442,0.009999999776482582
8F8X,8F8X/fold_8f8x_2_model_3,fold_8f8x_2_model_3,0.7143954038619995,0.014999999664723873
8F8X,8F8X/fold_8f8x_2_model_4,fold_8f8x_2_model_4,0.5222187638282776,0.017000000923871994
8F8X,8F8X/fold_8f8x_3_model_0,fold_8f8x_3_model_0,0.6700537800788879,0.014999999664723873
8F8X,8F8X/fold_8f8x_3_model_1,fold_8f8x_3_model_1,0.5510213375091553,0.008999999612569809
8F8X,8F8X/fold_8f8x_3_model_2,fold_8f8x_3_model_2,0.5332611799240112,0.009999999776482582
8F8X,8F8X/fold_8f8x_3_model_3,fold_8f8x_3_model_3,0.43548110127449036,0.009999999776482582
8F8X,8F8X/fold_8f8x_3_model_4,fold_8f8x_3_model_4,0.40107089281082153,0.017000000923871994
8F8X,8F8X/fold_8f8x_4_model_0,fold_8f8x_4_model_0,0.6786872148513794,0.010999999940395355
8F8X,8F8X/fold_8f8x_4_model_1,fold_8f8x_4_model_1,0.5585428476333618,0.010999999940395355
8F8X,8F8X/fold_8f8x_4_model_2,fold_8f8x_4_model_2,0.5846520066261292,0.010999999940395355
8F8X,8F8X/fold_8f8x_4_model_3,fold_8f8x_4_model_3,0.7213507890701294,0.009999999776482582
8F8X,8F8X/fold_8f8x_4_model_4,fold_8f8x_4_model_4,0.4277808666229248,0.009999999776482582
8F8X,8F8X/fold_8f8x_5_model_0,fold_8f8x_5_model_0,0.5511893630027771,0.01600000075995922
8F8X,8F8X/fold_8f8x_5_model_1,fold_8f8x_5_model_1,0.45309048891067505,0.014999999664723873
8F8X,8F8X/fold_8f8x_5_model_2,fold_8f8x_5_model_2,0.32322871685028076,0.009999999776482582
8F8X,8F8X/fold_8f8x_5_model_3,fold_8f8x_5_model_3,0.6290717720985413,0.009999999776482582
8F8X,8F8X/fold_8f8x_5_model_4,fold_8f8x_5_model_4,0.7665632367134094,0.10199999809265137
8GV6,8GV6/fold_8gv6_1_model_0,fold_8gv6_1_model_0,0.23487111926078796,0.611763060092926
8GV6,8GV6/fold_8gv6_1_model_1,fold_8gv6_1_model_1,0.24233891069889069,0.5647384524345398
8GV6,8GV6/fold_8gv6_1_model_2,fold_8gv6_1_model_2,0.28180041909217834,0.5933261513710022
8GV6,8GV6/fold_8gv6_1_model_3,fold_8gv6_1_model_3,0.1862107813358307,0.5796307921409607
8GV6,8GV6/fold_8gv6_1_model_4,fold_8gv6_1_model_4,0.4120449423789978,0.5749969482421875
8GV6,8GV6/fold_8gv6_2_model_0,fold_8gv6_2_model_0,0.5634759068489075,0.5826892256736755
8GV6,8GV6/fold_8gv6_2_model_1,fold_8gv6_2_model_1,0.3097571134567261,0.4882461428642273
8GV6,8GV6/fold_8gv6_2_model_2,fold_8gv6_2_model_2,0.41217586398124695,0.5860676765441895
8GV6,8GV6/fold_8gv6_2_model_3,fold_8gv6_2_model_3,0.2777827978134155,0.5577569007873535
8GV6,8GV6/fold_8gv6_2_model_4,fold_8gv6_2_model_4,0.09820329397916794,0.5301569104194641
8GV6,8GV6/fold_8gv6_3_model_0,fold_8gv6_3_model_0,0.5827771425247192,0.45061230659484863
8GV6,8GV6/fold_8gv6_3_model_1,fold_8gv6_3_model_1,0.5229891538619995,0.47185230255126953
8GV6,8GV6/fold_8gv6_3_model_2,fold_8gv6_3_model_2,0.4229501783847809,0.47025230526924133
8GV6,8GV6/fold_8gv6_3_model_3,fold_8gv6_3_model_3,0.5540768504142761,0.459409236907959
8GV6,8GV6/fold_8gv6_3_model_4,fold_8gv6_3_model_4,0.36070314049720764,0.4598984718322754
8GV6,8GV6/fold_8gv6_4_model_0,fold_8gv6_4_model_0,0.39442577958106995,0.5276861786842346
8GV6,8GV6/fold_8gv6_4_model_1,fold_8gv6_4_model_1,0.6704827547073364,0.7064139246940613
8GV6,8GV6/fold_8gv6_4_model_2,fold_8gv6_4_model_2,0.47764256596565247,0.645805835723877
8GV6,8GV6/fold_8gv6_4_model_3,fold_8gv6_4_model_3,0.5249192118644714,0.5718861818313599
8GV6,8GV6/fold_8gv6_4_model_4,fold_8gv6_4_model_4,0.27018287777900696,0.5296830534934998
8GV6,8GV6/fold_8gv6_5_model_0,fold_8gv6_5_model_0,0.3884293735027313,0.4556399881839752
8GV6,8GV6/fold_8gv6_5_model_1,fold_8gv6_5_model_1,0.30787140130996704,0.44342461228370667
8GV6,8GV6/fold_8gv6_5_model_2,fold_8gv6_5_model_2,0.42312222719192505,0.4717753827571869
8GV6,8GV6/fold_8gv6_5_model_3,fold_8gv6_5_model_3,0.5536636114120483,0.448621541261673
8GV6,8GV6/fold_8gv6_5_model_4,fold_8gv6_5_model_4,0.46661096811294556,0.478861540555954
8GV7,8GV7/fold_8gv7_1_model_0,fold_8gv7_1_model_0,0.37621086835861206,0.6059881448745728
8GV7,8GV7/fold_8gv7_1_model_1,fold_8gv7_1_model_1,0.3059305250644684,0.5788012146949768
8GV7,8GV7/fold_8gv7_1_model_2,fold_8gv7_1_model_2,0.24599406123161316,0.5954243540763855
8GV7,8GV7/fold_8gv7_1_model_3,fold_8gv7_1_model_3,0.42240479588508606,0.4966409504413605
8GV7,8GV7/fold_8gv7_1_model_4,fold_8gv7_1_model_4,0.47258666157722473,0.5665727257728577
8GV7,8GV7/fold_8gv7_2_model_0,fold_8gv7_2_model_0,0.29860028624534607,0.5925459861755371
8GV7,8GV7/fold_8gv7_2_model_1,fold_8gv7_2_model_1,0.6321237683296204,0.5932552218437195
8GV7,8GV7/fold_8gv7_2_model_2,fold_8gv7_2_model_2,0.6693001389503479,0.5795370936393738
8GV7,8GV7/fold_8gv7_2_model_3,fold_8gv7_2_model_3,0.42706573009490967,0.6087032556533813
8GV7,8GV7/fold_8gv7_2_model_4,fold_8gv7_2_model_4,0.6506884098052979,0.5747418403625488
8GV7,8GV7/fold_8gv7_3_model_0,fold_8gv7_3_model_0,0.3255952298641205,0.5947626233100891
8GV7,8GV7/fold_8gv7_3_model_1,fold_8gv7_3_model_1,0.5564160346984863,0.586284875869751
8GV7,8GV7/fold_8gv7_3_model_2,fold_8gv7_3_model_2,0.19467712938785553,0.5787240266799927
8GV7,8GV7/fold_8gv7_3_model_3,fold_8gv7_3_model_3,0.6115820407867432,0.5755786299705505
8GV7,8GV7/fold_8gv7_3_model_4,fold_8gv7_3_model_4,0.2883390486240387,0.5621750950813293
8GV7,8GV7/fold_8gv7_4_model_0,fold_8gv7_4_model_0,0.432230681180954,0.6030800938606262
8GV7,8GV7/fold_8gv7_4_model_1,fold_8gv7_4_model_1,0.3456997275352478,0.6014480590820312
8GV7,8GV7/fold_8gv7_4_model_2,fold_8gv7_4_model_2,0.2878454029560089,0.5529643893241882
8GV7,8GV7/fold_8gv7_4_model_3,fold_8gv7_4_model_3,0.37564417719841003,0.5856053233146667
8GV7,8GV7/fold_8gv7_4_model_4,fold_8gv7_4_model_4,0.2841499149799347,0.5587626099586487
8GV7,8GV7/fold_8gv7_5_model_0,fold_8gv7_5_model_0,0.658083438873291,0.5952907800674438
8GV7,8GV7/fold_8gv7_5_model_1,fold_8gv7_5_model_1,0.5043008327484131,0.6129703521728516
8GV7,8GV7/fold_8gv7_5_model_2,fold_8gv7_5_model_2,0.47033441066741943,0.5786439180374146
8GV7,8GV7/fold_8gv7_5_model_3,fold_8gv7_5_model_3,0.6288545727729797,0.5797803997993469
8GV7,8GV7/fold_8gv7_5_model_4,fold_8gv7_5_model_4,0.37100350856781006,0.6043471693992615
8GZ5,8GZ5/fold_8gz5_1_model_0,fold_8gz5_1_model_0,0.664921760559082,0.5090000033378601
8GZ5,8GZ5/fold_8gz5_1_model_1,fold_8gz5_1_model_1,0.7084130048751831,0.1850000023841858
8GZ5,8GZ5/fold_8gz5_1_model_2,fold_8gz5_1_model_2,0.6222383975982666,0.6690000295639038
8GZ5,8GZ5/fold_8gz5_1_model_3,fold_8gz5_1_model_3,0.6886594295501709,0.09200000017881393
8GZ5,8GZ5/fold_8gz5_1_model_4,fold_8gz5_1_model_4,0.22499680519104004,0.06599999964237213
8GZ5,8GZ5/fold_8gz5_2_model_0,fold_8gz5_2_model_0,0.6869348287582397,0.8519999980926514
8GZ5,8GZ5/fold_8gz5_2_model_1,fold_8gz5_2_model_1,0.6703884601593018,0.8640000224113464
8GZ5,8GZ5/fold_8gz5_2_model_2,fold_8gz5_2_model_2,0.5935656428337097,0.843999981880188
8GZ5,8GZ5/fold_8gz5_2_model_3,fold_8gz5_2_model_3,0.6780750751495361,0.8640000224113464
8GZ5,8GZ5/fold_8gz5_2_model_4,fold_8gz5_2_model_4,0.6999337673187256,0.8579999804496765
8GZ5,8GZ5/fold_8gz5_3_model_0,fold_8gz5_3_model_0,0.6786925196647644,0.8889999985694885
8GZ5,8GZ5/fold_8gz5_3_model_1,fold_8gz5_3_model_1,0.6693174839019775,0.8679999709129333
8GZ5,8GZ5/fold_8gz5_3_model_2,fold_8gz5_3_model_2,0.5950574278831482,0.8309999704360962
8GZ5,8GZ5/fold_8gz5_3_model_3,fold_8gz5_3_model_3,0.6210461258888245,0.8600000143051147
8GZ5,8GZ5/fold_8gz5_3_model_4,fold_8gz5_3_model_4,0.6937670707702637,0.8730000257492065
8GZ5,8GZ5/fold_8gz5_4_model_0,fold_8gz5_4_model_0,0.5456054210662842,0.05700000002980232
8GZ5,8GZ5/fold_8gz5_4_model_1,fold_8gz5_4_model_1,0.5013716220855713,0.03799999877810478
8GZ5,8GZ5/fold_8gz5_4_model_2,fold_8gz5_4_model_2,0.28412339091300964,0.06499999761581421
8GZ5,8GZ5/fold_8gz5_4_model_3,fold_8gz5_4_model_3,0.22715729475021362,0.014000000432133675
8GZ5,8GZ5/fold_8gz5_4_model_4,fold_8gz5_4_model_4,0.5442821979522705,0.009999999776482582
8GZ5,8GZ5/fold_8gz5_5_model_0,fold_8gz5_5_model_0,0.7127611041069031,0.8799999952316284
8GZ5,8GZ5/fold_8gz5_5_model_1,fold_8gz5_5_model_1,0.6798282861709595,0.878000020980835
8GZ5,8GZ5/fold_8gz5_5_model_2,fold_8gz5_5_model_2,0.6388710141181946,0.8700000047683716
8GZ5,8GZ5/fold_8gz5_5_model_3,fold_8gz5_5_model_3,0.6787394285202026,0.8830000162124634
8GZ5,8GZ5/fold_8gz5_5_model_4,fold_8gz5_5_model_4,0.703222393989563,0.8759999871253967
