ID,f0_C_death_sum,f0_C_death_min,f0_C_death_max,f0_C_death_mean,f0_C_death_std,f0_N_death_sum,f0_N_death_min,f0_N_death_max,f0_N_death_mean,f0_N_death_std,f0_O_death_sum,f0_O_death_min,f0_O_death_max,f0_O_death_mean,f0_O_death_std,f0_CN_death_sum,f0_CN_death_min,f0_CN_death_max,f0_CN_death_mean,f0_CN_death_std,f0_CO_death_sum,f0_CO_death_min,f0_CO_death_max,f0_CO_death_mean,f0_CO_death_std,f0_NO_death_sum,f0_NO_death_min,f0_NO_death_max,f0_NO_death_mean,f0_NO_death_std,f0_CNO_death_sum,f0_CNO_death_min,f0_CNO_death_max,f0_CNO_death_mean,f0_CNO_death_std,f1_C_len_sum,f1_C_len_min,f1_C_len_max,f1_C_len_mean,f1_C_len_std,f1_C_birth_sum,f1_C_birth_min,f1_C_birth_max,f1_C_birth_mean,f1_C_birth_std,f1_C_death_sum,f1_C_death_min,f1_C_death_max,f1_C_death_mean,f1_C_death_std,f1_N_len_sum,f1_N_len_min,f1_N_len_max,f1_N_len_mean,f1_N_len_std,f1_N_birth_sum,f1_N_birth_min,f1_N_birth_max,f1_N_birth_mean,f1_N_birth_std,f1_N_death_sum,f1_N_death_min,f1_N_death_max,f1_N_death_mean,f1_N_death_std,f1_O_len_sum,f1_O_len_min,f1_O_len_max,f1_O_len_mean,f1_O_len_std,f1_O_birth_sum,f1_O_birth_min,f1_O_birth_max,f1_O_birth_mean,f1_O_birth_std,f1_O_death_sum,f1_O_death_min,f1_O_death_max,f1_O_death_mean,f1_O_death_std,f1_CN_len_sum,f1_CN_len_min,f1_CN_len_max,f1_CN_len_mean,f1_CN_len_std,f1_CN_birth_sum,f1_CN_birth_min,f1_CN_birth_max,f1_CN_birth_mean,f1_CN_birth_std,f1_CN_death_sum,f1_CN_death_min,f1_CN_death_max,f1_CN_death_mean,f1_CN_death_std,f1_CO_len_sum,f1_CO_len_min,f1_CO_len_max,f1_CO_len_mean,f1_CO_len_std,f1_CO_birth_sum,f1_CO_birth_min,f1_CO_birth_max,f1_CO_birth_mean,f1_CO_birth_std,f1_CO_death_sum,f1_CO_death_min,f1_CO_death_max,f1_CO_death_mean,f1_CO_death_std,f1_NO_len_sum,f1_NO_len_min,f1_NO_len_max,f1_NO_len_mean,f1_NO_len_std,f1_NO_birth_sum,f1_NO_birth_min,f1_NO_birth_max,f1_NO_birth_mean,f1_NO_birth_std,f1_NO_death_sum,f1_NO_death_min,f1_NO_death_max,f1_NO_death_mean,f1_NO_death_std,f1_CNO_len_sum,f1_CNO_len_min,f1_CNO_len_max,f1_CNO_len_mean,f1_CNO_len_std,f1_CNO_birth_sum,f1_CNO_birth_min,f1_CNO_birth_max,f1_CNO_birth_mean,f1_CNO_birth_std,f1_CNO_death_sum,f1_CNO_death_min,f1_CNO_death_max,f1_CNO_death_mean,f1_CNO_death_std
c<A>r<1>R<GLY>,43.49607835522984,1.3482709634339396,6.937309121234076,2.416448797512769,1.3727531851879164,28.746174028064686,2.156477510352983,5.72280154424971,3.593271753508086,1.0631745046752303,36.51356078556435,2.15366119055402,6.496556961728988,4.05706230950715,1.2585503395887425,50.0619411512356,1.2715032131170119,6.092418713684324,1.8541459685642816,1.1175019386613712,57.274302492869545,1.177973858851691,5.90635210914347,2.0455108033167693,1.1435151146597742,53.02271037554057,2.15366119055402,5.6183085324553765,2.945706131974476,0.9255039586403933,63.71960905673754,1.177973858851691,5.6183085324553765,1.7221515961280416,0.9490832564929946,9.076347434239288,0.02239512182999359,2.2868093647193266,0.5339027902493699,0.6521620951472059,102.15048206205633,1.213202268092175,14.400166974513525,6.008851886003313,3.53656097709989,111.22682949629561,1.3302097397794843,15.05569246213288,6.542754676252683,3.877129603138407,7.7576987394237795,0.517775478081286,5.4322227297844865,2.5858995798079265,2.08040753482999,23.185934943701568,6.172490482167859,10.401119907765178,7.728644981233856,1.898236932408448,30.94363368312535,6.690265960249145,15.833342637549665,10.314544561041783,3.965758928179023,4.7289230930565616,0.02148336327757505,1.7330722601318254,0.5254358992285069,0.6454212849919907,68.45289964278979,4.580307052259798,15.19165035424885,7.605877738087754,3.3006549255536135,73.18182273584635,5.6881162035345,15.39428914257784,8.13131363731626,3.041538086346791,9.622178036164964,0.02270163384641588,2.553363430168627,0.5345654464536091,0.6378006273218334,91.07915767697014,0.47592455719865256,13.138421197265217,5.059953204276119,2.767184669739524,100.70133571313511,1.304593160117654,14.785497449836733,5.594518650729729,3.229936816762097,11.475080529143467,0.015331996371839907,3.1219222927887422,0.4989165447453681,0.7398265833482316,118.61918066571361,1.213202268092175,10.92274643094975,5.157355681117983,2.9836331574661545,130.09426119485707,1.3302097397794843,11.619916117083978,5.656272225863351,3.192904453185011,14.180339981172075,0.011580016444468377,5.478229118698657,0.567213599246883,1.135859552204095,138.6690037419595,2.4849026335332383,11.580604979174716,5.54676014967838,2.538498102000582,152.84934372313157,2.588241279874147,11.736058890196439,6.113973748925263,2.6741624022271853,13.874969072471764,0.011166959160723522,4.573312855612597,0.5138877434248802,0.918071797707802,130.37852877468222,0.47592455719865256,10.92274643094975,4.828834399062305,2.8101759421974424,144.253497847154,1.304593160117654,10.944229794227326,5.342722142487185,2.9633966580282616
c<A>r<2>R<SER>,78.0266034942607,1.3482709634339396,4.219192320508147,2.1674056526183527,0.9144082682896313,39.480114859196284,2.156477510352983,6.60120107285281,3.589101350836026,1.1409998088856919,58.12379413167373,2.129294673066765,5.90635210914347,3.6327371332296083,0.9124310866382511,87.48775685852223,1.2715032131170119,3.99387840880975,1.8226616012192132,0.8005304015420676,106.20491920169637,1.177973858851691,5.90635210914347,2.003866400032007,0.9479928148588458,76.07360083075075,2.129294673066765,5.6183085324553765,2.7169143153839554,0.6938515770341511,114.2517003219489,1.177973858851691,5.6183085324553765,1.7577184664915215,0.8059193588686501,21.897649518655463,0.011010814956470938,2.407269469511272,0.4468908065031727,0.5638309286747426,239.5446986290587,1.213202268092175,10.7198638111268,4.8886673189603815,1.4629952753168842,261.4423481477142,1.3302097397794843,11.352592745167954,5.335558125463555,1.5730544412487824,5.984937756193673,0.07852357156673762,3.446022507798327,0.6649930840215192,0.9993072483600205,77.36599173244463,4.974002577528211,15.772026661548864,8.596221303604958,4.002067031426561,83.3509294886383,5.890177810535901,15.850550233115602,9.261214387626477,3.6914478468173986,12.888680407315425,0.02148336327757505,1.7402451020165852,0.6137466860626393,0.595389589784817,141.97696372724477,4.580307052259798,12.850499725473448,6.760807796535465,2.0602982089378457,154.86564413456023,5.6881162035345,13.085552823215972,7.374554482598106,1.897137961273873,21.503372980588026,0.011699795546300074,1.9351954541801675,0.41352640347284664,0.4423430343816502,234.55498579822398,0.47592455719865256,10.7198638111268,4.510672803812,1.4830695601209927,256.058358778812,1.304593160117654,11.352592745167954,4.924199207284847,1.5684440309975285,29.13158807493477,0.011010814956470938,2.2901983844017764,0.4347998220139518,0.5276370094006109,318.64445774228244,1.213202268092175,14.425674692417836,4.75588742898929,2.35470177668328,347.7760458172172,1.3302097397794843,14.442435478663867,5.190687251003242,2.323207589303063,18.905474451116067,0.01074939506357353,2.8639011808603065,0.47263686127790167,0.6917701475495581,211.92765286972215,2.1142910231806695,12.850499725473448,5.298191321743054,2.6990799845068367,230.83312732083823,2.588241279874147,12.9232073675958,5.770828183020956,2.6812642734875043,29.486058399505296,0.011166959160723522,2.3494641417411586,0.4212294057072185,0.5310656838795033,309.3471642601621,0.47592455719865256,14.425674692417836,4.419245203716602,2.41789855828236,338.83322265966746,1.304593160117654,14.442435478663867,4.840474609423821,2.393570307210903
c<A>r<6>R<ARG>,131.20255208370895,1.3500078921280658,3.7111298775383768,1.7972952340234103,0.6278778054960195,53.942924756216115,2.247808283026003,5.031024165141633,3.596194983747741,0.6989682485065459,69.09175171657957,2.5419672743094184,6.189177233704154,4.064220689210563,0.8801621784174449,140.76278601806268,1.2987992421250416,3.7111298775383768,1.581604337281603,0.5282497541872428,158.03042871046765,1.2192433053627783,3.627156421811187,1.7365981176974468,0.6041689187564573,91.97169004717786,2.2334478080678255,6.189177233704154,2.7870209105205412,0.8427975318378108,166.77801840460282,1.2192433053627783,3.627156421811187,1.5586730692018955,0.48975340647409266,48.60588591577018,0.010901691911250566,3.659252892821823,0.5226439345781739,0.8060569489003546,455.4384872356875,0.4858237473144982,9.781078712539966,4.897188034792339,1.6321855932489062,504.0443731514577,1.8573857309338866,9.791980404451216,5.419831969370513,1.5711417145323778,18.054678204347887,0.04730187089117521,3.226673400825053,0.7849860088846907,1.0256889699021934,174.62729526374324,1.3354235435147075,13.562959181855149,7.592491098423619,2.535718493220437,192.68197346809114,1.726636643556358,13.610261052746324,8.37747710730831,2.374681077682438,26.513545503605364,0.010663824146535106,5.669155531337697,0.9142601897794953,1.0228306380046617,209.07596615743387,4.159210660293866,15.099721086624413,7.209516074394271,2.784617307885571,235.58951166103927,4.169874484440401,15.37388875844265,8.123776264173769,2.9305166887248952,47.626517076260036,0.010738865715147483,3.423470764974363,0.49099502140474266,0.746537541125916,447.08798336514315,0.4858237473144982,9.781078712539966,4.609154467681888,1.5861717481207953,494.71450044140323,1.8573857309338866,9.791980404451216,5.100149489086632,1.5406781494498234,60.74010003486606,0.010663824146535106,3.2746730307115097,0.5019842978088104,0.7261150265445747,479.7449872405466,0.4858237473144982,11.546385874492671,3.9648346052937735,1.4758524072580355,540.4850872754126,1.8573857309338866,11.627701079221097,4.466818903102584,1.4199274527333607,31.236569460146022,0.010663824146535106,3.881425107468667,0.7099220331851369,0.9505958379763247,222.47772863346563,1.3354235435147075,11.319358921386993,5.056312014396946,2.985810476800283,253.71429809361166,1.726636643556358,13.58615833457362,5.766234047582083,3.0001606265460814,57.320227133166156,0.010663824146535106,3.2746730307115097,0.49413988907901857,0.7364979217689114,427.60958439545175,0.4858237473144982,11.546385874492671,3.6862895206504462,1.477819913053795,484.9298115286179,1.8573857309338866,11.627701079221097,4.180429409729465,1.460577452375456
c<A>r<7>R<TYR>,139.2561146661019,1.3353669678453783,3.819510537591062,1.8323172982381828,0.6883505468278364,33.763800330191025,3.47345196516247,4.5205868729215615,3.751533370021225,0.4037643905676995,67.29367020561111,3.4211147605251466,6.338216361643473,4.486244680374074,0.8860424562171747,143.98897804648342,1.2987992421250416,3.7659361431244034,1.6550457246722232,0.6234717082003597,165.27608593954804,1.2156986056806172,3.692084716717719,1.7964791949950873,0.7042032970046658,78.83541640600372,2.2195658269604865,6.274604149377541,3.032131400230912,1.1850767584286424,168.33084792027879,1.2156986056806172,3.692084716717719,1.6342800768959105,0.6078894447150072,58.630705093758486,0.010438789837285078,3.3409612944497367,0.658771967345601,0.8622736285929121,410.29076165316815,0.4797292331550125,9.781078712539966,4.610008557900766,1.628318615232537,468.9214667469266,1.8517308347307704,9.791980404451216,5.268780525246367,1.516480639289925,10.822156171460524,0.11207745340283992,3.521873176649482,0.8324735516508095,1.0474126504254007,122.51824996894015,5.064479752213629,18.779297137207323,9.424480766841551,4.702087457685206,133.34040614040066,6.6582925660428955,19.337626921248688,10.256954318492358,4.78828448489815,23.784172645656568,0.01677868974131691,5.669155531337697,0.9513669058262627,1.0625749985758925,217.01438591011788,5.608922290452028,15.099721086624413,8.680575436404716,3.2495541851778054,240.79855855577446,6.531396058226952,15.37388875844265,9.631942342230978,3.162150508768081,56.47717470417174,0.010901691911250566,2.9755466130025816,0.664437349460844,0.7654332176624542,364.44982083570244,0.4797292331550125,9.781078712539966,4.287644951008264,1.4525990042703807,420.9269955398742,1.8517308347307704,9.791980404451216,4.952082300469108,1.372358951661363,67.70635007993849,0.012512412627529113,2.9755466130025816,0.5689609250414999,0.7103934774844216,461.2229593810355,0.4797292331550125,9.152809103416985,3.875823188075928,1.2728311595388517,528.929309460974,1.8517308347307704,9.198131171841926,4.444784113117429,1.224247595457887,23.679530863939377,0.014463383040681066,3.881425107468667,0.7399853394981055,0.9071815454890072,227.57303097154636,2.0801008478931635,17.031373779846945,7.111657217860824,4.053731363823225,251.25256183548572,3.030680521613437,17.261026785898625,7.851642557358929,3.940713025469671,63.0543132106697,0.013359238215320701,2.9755466130025816,0.6062914731795164,0.7530157251328143,383.67330309490785,0.4797292331550125,9.152809103416985,3.6891663759125755,1.350412956397246,446.72761630557756,1.8517308347307704,9.198131171841926,4.295457849092092,1.3267119762257624
c<A>r<8>R<PHE>,150.79830797592663,1.3296912812318002,3.6285501812309326,1.7740977408932546,0.6232863198105617,51.526878398180514,3.470801840433776,7.363593945660851,3.96360603062927,1.0385257670190455,53.11747324336392,3.5170671600232266,5.097643558085811,4.085959480258763,0.5108007993232281,156.56139937917024,1.2987992421250416,3.6285501812309326,1.5814282765572751,0.5103401930968793,167.90420098790239,1.2156986056806172,3.593097185642373,1.696002030180832,0.5857104848439026,73.18914991818279,2.2195658269604865,5.097643558085811,2.7107092562289923,0.5740918025255028,172.87294081766606,1.2156986056806172,3.593097185642373,1.5298490337846555,0.4437322116081191,60.52519874489185,0.010438789837285078,3.3409612944497367,0.5819730648547293,0.7721540830533374,497.6687353634786,0.4797292331550125,10.035148824658108,4.78527630157191,1.5871437135277027,558.1939341083705,1.8511594635708073,11.008882014644428,5.367249366426639,1.4856759159497035,15.293535338706043,0.010633190753036814,3.521873176649482,0.8496408521503357,1.1663548189620832,177.29523164189231,5.064479752213629,17.98841887647268,9.849735091216239,4.507953754725595,192.58876698059834,6.6582925660428955,18.000347097304434,10.699375943366574,4.370354459960681,15.621830993334118,0.011348692782739533,1.5331537518468457,0.7438967139682914,0.4242703691042829,182.15545609244555,5.34446192703308,17.868116743610926,8.674069337735503,4.126873235087112,197.77728708577968,6.399143594636917,18.44989860404156,9.417966051703795,3.892496693429507,57.68248023681538,0.012840565769874246,2.724696510655704,0.565514512125641,0.6684268441453599,467.80935467260474,0.4797292331550125,10.035148824658108,4.586366222280438,1.4842482735170828,525.4918349094202,1.8511594635708073,11.008882014644428,5.15188073440608,1.3733271299297827,66.73675702197315,0.012124021935797202,2.79072719204558,0.551543446462588,0.6463896553995819,466.3212331949062,0.4797292331550125,9.152809103416985,3.8538944892141007,1.19769770287366,533.0579902168794,1.8511594635708073,9.198131171841926,4.405437935676689,1.1395042656469476,20.513109723892658,0.011816708699337486,2.8264834543766018,0.7326110615675949,0.7503110426969493,161.64360161631066,2.089509557686142,17.5073337284241,5.772985772011095,4.024250376415437,182.15671134020332,3.023433062588959,17.82130070633117,6.50559683357869,3.8476845682290093,62.806321094728254,0.012124021935797202,2.79072719204558,0.5869749635021332,0.6785201087402797,393.268935037338,0.4797292331550125,9.152809103416985,3.675410607825589,1.2884782659889882,456.0752561320662,1.8511594635708073,9.198131171841926,4.262385571327721,1.2481680293004545
c<A>r<9>R<PHE>,152.93265050062234,1.3296912812318002,4.409210529552055,1.8425620542243657,0.7120952020126564,55.213363758588756,2.1755808858883623,5.38853038927032,3.6808909172392505,0.6948386483165271,55.37681595368516,3.4202598085694995,5.097643558085811,3.955486853834654,0.5105510964485859,161.76376344265339,1.311895785903211,4.409210529552055,1.6339774085116503,0.6135076380619998,171.99673526285662,1.2156986056806172,3.825304864861428,1.7550687271720062,0.6515620201701281,83.27473195446787,2.1755808858883623,5.097643558085811,2.7758243984822624,0.6534965575135334,180.1901767184459,1.2156986056806172,3.825304864861428,1.5806155852495256,0.5371141170158364,65.15121094424778,0.010438789837285078,3.1502805555501636,0.5715018503881384,0.7157967953230302,568.2675847150167,0.48776915215353256,10.035148824658108,4.984803374693129,1.5449385160890432,633.4187956592644,1.341558986088622,10.984672223816833,5.5563052250812675,1.465296751906572,15.28463057172524,0.03801472576390097,3.4834981702891508,0.7278395510345352,1.0386170405706692,155.7322105094836,5.108926418907686,11.899285541252539,7.4158195480706475,1.6083486829963562,171.0168410812088,6.166532282536647,12.583495914551362,8.143659099105182,1.3933073346590368,16.81025517919175,0.056998426978099204,1.2580800897142712,0.8004883418662738,0.3194745002474407,130.48058782930775,5.1088444844019705,9.217071951916523,6.213361325205131,0.9855686388794991,147.2908430084995,5.8114560027672955,9.939282053859339,7.013849667071405,0.9468220399925973,64.99340579350253,0.012699516227015373,3.0649956959713283,0.5908491435772958,0.6663132993698275,508.3087520693621,0.48373940622786904,10.035148824658108,4.620988655176019,1.4784246763657565,573.3021578628646,1.3261673444241047,10.984672223816833,5.211837798753315,1.4122936623973394,68.62869709429134,0.010632310614857587,2.555159654231889,0.5083607192169729,0.6175804213049205,561.6515796200681,0.48776915215353256,9.515032485347774,4.160382071259764,1.4284589817690536,630.2802767143594,1.341558986088622,9.588762549813467,4.6687427904767365,1.405662416651227,23.3560935856997,0.011816708699337486,2.714784762819482,0.5988741945051205,0.7363378936553402,183.54557134761876,2.130907279281928,9.544438328888646,4.706296701220994,2.0779966481626144,206.90166493331847,3.020854245123124,9.618762348293568,5.305170895726115,2.035962382615048,67.66766447338087,0.011654239090952423,3.2548796277323433,0.5501436136047225,0.6907330206166028,479.1927323478267,0.48373940622786904,9.152809103416985,3.8958758727465583,1.4573827143550802,546.8603968212076,1.3261673444241047,9.288565931187875,4.446019486351282,1.433424387527642
c<A>r<10>R<THR>,146.27797291044217,1.3296912812318002,3.8955741571934146,1.8284746613805272,0.6656621557073484,48.599945998549366,2.1755808858883623,5.38853038927032,3.738457384503797,0.7325610372065379,67.2690077476737,3.497475283730574,5.302175422083267,4.204312984229606,0.643264547425532,153.35822785106112,1.2805976399025218,3.6317219224255806,1.6314705090538417,0.5687451789568541,166.3602062942172,1.2150395572971515,3.6317219224255806,1.7150536731362598,0.594702788387542,85.9952931227149,2.1755808858883623,5.302175422083267,2.866509770757163,0.8258095755299415,173.13197447580234,1.2150395572971515,3.6317219224255806,1.559747517800021,0.4840824689544122,60.7994985323778,0.010438789837285078,3.819289427924727,0.5735801748337528,0.7465325040869008,512.5716382956621,0.48776915215353256,7.128705302675428,4.835581493355303,1.2158925414805453,573.3711368280399,1.341558986088622,7.6410300049896565,5.409161668189055,1.1630477684065674,13.077976446694224,0.010500504678052636,3.3760932954756058,0.6883145498260118,0.9223320867611907,143.5594706355855,5.106207000924087,11.899285541252539,7.5557616123992375,1.6309852486526213,156.63744708227972,6.166532282536647,12.583495914551362,8.244076162225248,1.4280309093822068,26.16206457859147,0.01576075843337854,3.709581158827456,0.9021401578824645,0.708238012479876,206.0680071565182,4.634845883911339,13.48552042137004,7.105793350224766,2.3616353110245982,232.23007173510968,5.059886649399925,14.248537309146394,8.00793350810723,2.47622451128572,60.113760650097866,0.012699516227015373,3.819289427924727,0.5725120061914083,0.6829852137536335,476.80779873753767,0.48373940622786904,11.033591823238794,4.541026654643216,1.3148057067349734,536.9215593876356,1.3261673444241047,11.14014343168868,5.113538660834625,1.2724362921090262,66.48172420697554,0.012124021935797202,3.819289427924727,0.5494357372477318,0.6827310178023889,503.4558078576136,0.48776915215353256,8.175937987408588,4.1607918004761455,1.275688518330683,569.9375320645892,1.341558986088622,8.439357560182234,4.710227537723878,1.2492294780767808,30.387389795426177,0.011129650036473926,3.7449134531062995,0.7066834836145622,0.897457443656434,230.2817433293094,2.108959428970593,15.063462651110115,5.355389379751381,2.9991601777802788,260.6691331247356,3.020854245123124,15.138465620079891,6.062072863365944,3.0989850346951777,66.62477879443728,0.012124021935797202,3.819289427924727,0.5743515413313558,0.7007331417450205,452.8445520992421,0.48373940622786904,8.026199875511566,3.9038323456831217,1.3381880722510653,519.4693308936794,1.3261673444241047,8.329375335067343,4.4781838870144774,1.3392350982820371
c<A>r<11>R<SER>,132.78571787328752,1.3324649875769072,4.127897880640572,1.8702213784970074,0.6987827800392719,53.87299061120133,2.1755808858883623,4.519383586695906,3.591532707413422,0.5756973599476084,71.45838589415773,3.272637993205239,5.302175422083267,3.9699103274532073,0.5547917509123808,142.5934271314903,1.2805976399025218,4.127897880640572,1.6390049095573598,0.6169412741375028,159.6850880446415,1.2116832221681242,4.03029603921723,1.7742787560515723,0.6719622651926266,93.89561927590496,2.1755808858883623,5.302175422083267,2.7616358610560283,0.618206226794055,167.72016384631385,1.2116832221681242,4.03029603921723,1.5822656966633382,0.5435111163895822,52.55943410270353,0.011771693465513877,3.4420096463130907,0.5651552054054143,0.7299491197250362,453.8360829780204,0.5212593003243455,6.566887097565086,4.87995788148409,1.074548326000542,506.395517080724,1.341558986088622,7.6410300049896565,5.4451130868895055,1.0924881660193715,18.298027155186137,0.010500504678052636,5.094734950624666,0.8317285070539153,1.264333757043474,189.66693745782936,5.172164933578642,19.12112855622877,8.621224429901334,3.8526865882367725,207.9649646130155,5.560649929594027,19.313710954396917,9.45295293695525,3.9566815407678284,24.568267212152726,0.01576075843337854,3.709581158827456,0.8189422404050909,0.7252938456832421,216.32024477934692,4.634845883911339,14.462860282807014,7.210674825978231,2.9268846223932976,240.88851199149966,5.059886649399925,14.969132454338084,8.029617066383322,2.971080548640683,54.080401097394024,0.011771693465513877,3.382457757465467,0.5815096892192906,0.7109760697476731,420.76421878539514,0.48373940622786904,6.540012379051404,4.5243464385526355,1.032004177879928,474.8446198827891,1.3261673444241047,7.6410300049896565,5.105856127771926,1.0190906786467173,62.508001365088646,0.01018019107459267,3.3752641395141696,0.496095248929275,0.6759292433455661,528.0130482829807,0.5212593003243455,11.907535632038389,4.190579748277624,1.3173614745396773,590.5210496480693,1.341558986088622,11.921189230781197,4.686674997206899,1.3256288887085577,28.611669218743803,0.011129650036473926,3.2052578215087486,0.572233384374876,0.7549760026409038,280.5374954495318,2.108959428970593,14.661053328682101,5.610749908990636,3.3504902120346864,309.1491646682756,2.9081672291909566,14.728280956700189,6.1829832933655124,3.3840099052741333,61.84644108460714,0.011771954955860586,3.521294549096833,0.5571751449063707,0.7222140844236417,437.94269617354007,0.48373940622786904,11.907535632038389,3.945429695257118,1.4561575192204614,499.78913725814715,1.3261673444241047,11.921189230781197,4.502604840163488,1.4434924603100443
c<A>r<12>R<VAL>,113.4923129857436,1.398090907665457,5.2791415471378045,1.9567640169955793,0.7918120815740596,44.35424306268153,3.423813629290058,4.283566992850345,3.6961869218901278,0.304251915786332,69.58040386421484,2.123241104699141,5.302175422083267,3.6621265191692025,0.6292331284154746,122.44325651383907,1.2805976399025218,5.2791415471378045,1.7006007849144316,0.7226976895218138,138.51987765088558,1.2116832221681242,3.979393165945796,1.775895867319046,0.6536823535021369,92.08721297206755,2.123241104699141,5.302175422083267,2.790521605214168,0.6361592211680347,146.86428625635114,1.2116832221681242,3.979393165945796,1.5963509375690341,0.5566143307150505,36.815384571134786,0.011771693465513877,2.8458775875320494,0.5578088571384059,0.7160831041072311,360.41729426400366,1.4669025233390585,18.278335716156107,5.460868094909146,2.3874908400253303,397.2326788351384,1.5823539311509596,18.310541867191,6.018676952047552,2.356246199702582,13.216920547803836,0.0950730068767065,3.402419823196656,0.9440657534145597,1.0945978784717934,106.612127923893,5.106207000924087,18.45953508494773,7.615151994563786,3.141672541633526,119.82904847169682,6.506163887991082,19.917392018469965,8.559217747978344,3.2397173396181693,29.58290443895202,0.01576075843337854,6.012137694618682,0.9542872399661942,1.1856232598285357,215.99599036572562,4.098322802635266,14.462860282807014,6.967612592442761,2.9621625754412118,245.57889480467765,4.314549057422298,14.863476418430725,7.921899832408957,3.2148539825518947,35.8107142279455,0.011771693465513877,3.755298941627734,0.5043762567316268,0.656970199050261,370.01067806050276,0.5879810309609184,15.505524222702661,5.211418000852151,2.1217582599108886,405.8213922884483,1.49917480576618,15.860313254989624,5.715794257583779,2.109475810413967,42.38151603418805,0.01252300745517232,2.7477506001235366,0.4606686525455223,0.598950276466225,390.60599444020454,1.4669025233390585,13.873074191413227,4.245717330871789,1.7308692893705533,432.98751047439254,1.5823539311509596,13.9181701265062,4.70638598341731,1.7075313357788635,31.03229235902986,0.011129650036473926,6.012137694618682,0.6896064968673302,1.0857700390021612,229.65132382996237,2.12546405712925,13.772291889989905,5.103362751776942,3.2059669044449834,260.68361618899223,2.6332522691864924,14.848762031242643,5.792969248644272,3.5476063133353284,40.77660696428876,0.011771954955860586,2.7477506001235366,0.47972478781516187,0.6035447681197227,370.4957959126083,0.5879810309609184,13.873074191413227,4.358774069560098,2.3480671897866334,411.27240287689705,1.49917480576618,13.9181701265062,4.838498857375259,2.2615959888957873
c<A>r<13>R<SER>,97.93416713840053,1.3434324027399531,4.275921262107222,1.883349368046164,0.6743756429508166,46.96357344362458,2.8217110825641645,4.283566992850345,3.6125825725865064,0.3979820168552872,67.5520238974044,2.80887872760479,5.337893325137314,3.7528902165224665,0.6365931115188938,105.7510829553125,1.2982548820837112,4.275921262107222,1.602289135686553,0.575311592796776,124.4611981032027,1.1891288813082095,3.551974138402503,1.752974621171869,0.5850236855531545,92.10870225650612,2.2051917597009654,5.337893325137314,2.8783969455158163,0.7499065824663176,131.9905632701561,1.1891288813082095,3.551974138402503,1.5528301561194833,0.4723044071533544,25.5437484820631,0.011771693465513877,2.829580903444704,0.49122593234736733,0.6226596098739406,249.06184647551393,1.4669025233390585,6.712243603252546,4.789650893759883,1.2297672856401647,274.605594957577,1.5823539311509596,6.987223453460754,5.28087682610725,1.309524405522579,11.629140127943165,0.10152953513466301,3.402419823196656,1.0571945570857422,1.1829680433475807,79.13303317156613,5.106207000924087,9.88565804596351,7.193912106506011,1.1971813440185954,90.76217329950929,6.506163887991082,10.458286431965725,8.251106663591754,1.2322437561528212,25.71735296541385,0.018892181286034315,7.444159662117592,0.9891289602082249,1.6609591517303441,219.79015555521494,3.2498782458881124,21.47882744994928,8.45346752135442,5.358476847500683,245.5075085206288,4.056530012614725,21.864572830370392,9.442596481562646,5.531232170939442,24.46550131812004,0.011771693465513877,2.2460689245957584,0.46161323241735924,0.5127534453797108,245.8374729463214,0.5879810309609184,6.712243603252546,4.638442885779649,1.076417959081379,270.30297426444145,1.49917480576618,6.987223453460754,5.100056118197008,1.0036508830480557,34.56161504442256,0.010237138096830467,2.7478708909922824,0.41640500053521157,0.602023143689136,320.85645157693887,1.4669025233390585,10.007446895398303,3.8657403804450468,1.3449429950406204,355.41806662136145,1.5823539311509596,10.084219296358299,4.282145380980259,1.3703584374236923,30.736552681724334,0.011129650036473926,6.797378623975636,0.6830345040383186,1.2030723757067339,247.176766163816,2.12546405712925,16.707075544433792,5.492817025862578,3.6545939551976367,277.9133188455403,2.6332522691864924,17.340365918589203,6.175851529900895,3.979142691292578,34.147657774616206,0.010237138096830467,2.7478708909922824,0.45530210366154944,0.6184321660344501,281.7812619149661,0.5879810309609184,10.007446895398303,3.757083492199548,1.4129576726433144,315.9289196895823,1.49917480576618,10.084219296358299,4.212385595861098,1.3527346631217942
c<A>r<14>R<ARG>,76.23221818804299,1.4607534228952725,3.645887725980116,1.8593223948303168,0.5566557701581488,46.671893779440005,2.2477987625767875,4.283566992850345,3.333706698531429,0.5921817587329624,54.000430307346974,2.80887872760479,4.335716871075092,3.600028687156465,0.38361266708444336,85.37130229956018,1.289241758482012,3.645887725980116,1.5244875410635748,0.4080212098425828,100.9237223147624,1.1876089100788023,3.551974138402503,1.770591619557235,0.5908227381225377,80.82610748767601,2.2051917597009654,4.170566484879472,2.6942035829225337,0.5443210398107913,109.31430352789504,1.1876089100788023,3.551974138402503,1.5182542156652088,0.42680474641151617,15.868242799196478,0.011771693465513877,2.7630252800682644,0.5118787999740799,0.675003429204866,143.65564339048706,1.4669025233390585,6.712243603252546,4.634053012596357,1.4067005422421905,159.5238861896835,1.5823539311509596,6.987223453460754,5.145931812570436,1.5108307291930339,16.310163050609482,0.03772753213125668,6.758414066551975,1.25462792696996,1.8157532335267221,104.34841577566823,1.2918222854698342,14.422694375483882,8.026801213512941,3.202886326539419,120.65857882627768,1.706058890340324,14.690857438567269,9.281429140482897,2.978834314660675,20.10094514377676,0.016593497784142208,6.8737642390491125,1.182408537869221,1.8482907266573065,97.63587762185804,3.2498782458881124,11.816259596479313,5.743286918932826,1.77283667602606,117.73682276563481,4.056530012614725,12.47157462623537,6.925695456802048,2.4190049304415404,17.88973575817932,0.011771693465513877,2.7630252800682644,0.4835063718426843,0.6248549867815724,169.84383308117995,0.5879810309609184,6.712243603252546,4.590373867058918,1.2258664428985957,187.73356883935926,1.49917480576618,6.987223453460754,5.073880238901602,1.1567072453239107,24.022242678588977,0.010237138096830467,3.0274235089271224,0.4367680487016178,0.6438730537888487,196.36353415489629,1.4669025233390585,6.635206413459855,3.5702460755435688,1.0724445421226219,220.38577683348527,1.5823539311509596,6.72388843629175,4.007014124245186,1.1749886599921993,22.798412584581374,0.01764891050996109,4.554386999476193,0.5699603146145343,0.8829546173617385,169.85809445892687,1.2918222854698342,8.72949003338762,4.246452361473172,1.806612215831422,192.65650704350824,1.706058890340324,8.940395324584415,4.816412676087706,1.914897560533898,24.379877440738152,0.010237138096830467,3.4491786633405264,0.4514792118655213,0.6612519534344715,190.16679869998163,0.5879810309609184,5.5920585973856305,3.5216073833329933,1.1355168062764975,214.54667614071977,1.49917480576618,5.6117134541448594,3.9730865951985144,1.0684215351164714
c<A>r<15>R<PRO>,59.8543147618832,1.493208462924706,3.645887725980116,1.87044733630885,0.5847728464518375,32.670487193812455,2.600890561057699,4.283566992850345,3.2670487193812456,0.49927895579685955,41.057347788528396,2.80887872760479,4.335716871075092,3.7324861625934904,0.4438210117068167,66.68474428007038,1.3020580130141848,3.645887725980116,1.5508080065132646,0.4357328963155898,75.2602910607571,1.1876089100788023,3.369388134817565,1.7104611604717521,0.5222619056287472,57.556550975112245,2.1903201928731084,3.524702587176049,2.616206862505102,0.36043727689578087,81.77276974693532,1.1876089100788023,3.3244543099472166,1.4867776317624604,0.3468133279261355,6.3308049976683165,0.023449462450026992,1.4114570473499164,0.3724002939804892,0.36407161451263403,84.4439029284672,1.5020264773120984,11.458480801228703,4.967288407556894,2.264788479968885,90.7747079261355,1.618138219231682,11.483166215249742,5.339688701537383,2.196208914795812,3.642233599458102,0.06498130436564153,3.1395373067228647,0.9105583998645255,1.2920218788638553,41.43446351389309,7.31874912524286,13.48179157483436,10.358615878473273,2.2029218943688345,45.0766971133512,9.927534858667936,13.564571399353063,11.2691742783378,1.391653258756585,10.654331454985794,0.016593497784142208,6.38092844769827,1.1838146061095327,1.887007414288537,55.55186002174344,3.2498782458881124,11.816259596479313,6.172428891304826,2.2672558589952096,66.20619147672922,4.056530012614725,12.47157462623537,7.356243497414358,2.7942115569032704,7.214718532545126,0.012246982483326008,1.6302498446231484,0.4243952077967721,0.4340400570857381,71.50718803515859,0.5897515106115316,6.712243603252546,4.206305178538741,1.3958829389603133,78.72190656770371,1.5491442016429116,6.756179020523035,4.630700386335512,1.3532443532585443,12.787383525709949,0.010237138096830467,1.746045025308919,0.36535381502028424,0.46559519671262783,130.76666179080019,1.5020264773120984,6.712243603252546,3.7361903368800053,1.3083453584759535,143.55404531651016,1.618138219231682,7.0206630272449235,4.10154415190029,1.3047879327641922,11.36786881079885,0.01764891050996109,3.314384103980408,0.5167213095817659,0.7458127862770674,92.69535532780641,2.3911645782198008,8.72949003338762,4.2134252421730185,1.718824029180527,104.06322413860524,2.6907875632391938,8.940395324584415,4.730146551754784,1.8215338127782903,12.69401395782339,0.010237138096830467,2.16287483179552,0.3846670896310118,0.5296068648359634,113.22171993751132,0.5897515106115316,6.712243603252546,3.4309612102276157,1.2508620509380433,125.91573389533471,1.5491442016429116,7.0206630272449235,3.8156282998586275,1.1941293334098824
c<A>r<20>R<PRO>,98.63212748034572,1.3634320864692435,4.074584987578811,1.8967716823143408,0.6639445840856516,47.64390991234825,2.2477987625767875,6.83608666962273,3.6649161471037113,1.0752946230780505,75.47465173780363,2.1656102804267623,5.98545072364175,3.773732586890181,0.7733999565057433,105.92548217395272,1.2805976399025218,3.7896163237753937,1.6049315480901927,0.5461227365483484,129.35577339676846,1.1876089100788023,3.6072222188049836,1.7719968958461432,0.6355276319405121,94.44978063392107,2.1656102804267623,4.820151223570378,2.77793472452709,0.6601290682019019,135.11703592774003,1.1876089100788023,3.482052923152018,1.5530693784797704,0.47268590631559465,23.844348115188176,0.011771693465513877,3.0931371788735413,0.4768869623037635,0.652789090176202,250.98150521157854,1.4669025233390585,6.768483617060156,5.01963010423157,1.068667785969849,274.82585332676666,1.5823539311509596,6.854943276875373,5.496517066535334,1.1132489400506531,9.995500576128041,0.01976555829013904,1.9012555020704944,0.5879706221251789,0.6220225502082742,170.499983202735,1.2918222854698342,19.12112855622877,10.02941077663147,4.508228074763397,180.49548377886305,1.706058890340324,19.313710954396917,10.617381398756649,4.494023099693177,24.892967470355806,0.018892181286034315,5.027549106170531,0.8890345525127074,1.0388215158363672,269.1029731641465,3.2498782458881124,21.47882744994928,9.610820470148088,5.487670650751491,293.9959406345023,4.056530012614725,21.864572830370392,10.499855022660796,5.4335156488830085,22.414830938399312,0.011771693465513877,3.2247610448320865,0.4395064889882218,0.5988980027158396,243.21977541060312,0.5879810309609184,6.768483617060156,4.769015204129473,1.0052734625222173,265.6346063490024,1.49917480576618,6.796068239006148,5.208521693117694,0.9806728577276181,36.99611829295861,0.01018019107459267,3.203746792748417,0.49328157723944815,0.7440397134279665,308.6228999456717,1.4669025233390585,11.907535632038389,4.114971999275623,1.5780572598372504,345.61901823863036,1.5823539311509596,11.921189230781197,4.608253576515072,1.5738615035169752,28.213609334133874,0.011129650036473926,4.645837422506769,0.5877835277944558,0.956858052107746,280.18754444982346,1.2918222854698342,17.284873855858677,5.837240509371322,3.660762097872585,308.4011537839574,1.706058890340324,17.893277897443014,6.425024037165779,3.7732782709561614,34.836573053658995,0.010237138096830467,3.203746792748417,0.5278268644493788,0.743053272229861,260.8720596406194,0.5879810309609184,11.907535632038389,3.952606964251809,1.6323805884311504,295.70863269427844,1.49917480576618,11.921189230781197,4.480433828701188,1.5941362240088965
c<A>r<21>R<ARG>,97.92306726155127,1.3634320864692435,3.8426923052507833,1.8831359088759858,0.5931014532001858,53.715613557753336,2.2477987625767875,4.61831623788882,3.3572258473595835,0.7507811409550866,56.462832841445056,2.152383091533773,7.050205456495345,3.7641888560963372,1.0768083186016375,108.38363792263844,1.2805976399025218,3.6396347200249792,1.5707773611976585,0.4612147705874996,120.47149807664674,1.2116832221681242,4.602017364968384,1.771639677597746,0.6407452401981911,85.81049970169127,2.152383091533773,6.214842923604641,2.681578115677852,0.7178244824600913,130.4979316946575,1.2116832221681242,4.602017364968384,1.5352697846430294,0.4965646956912197,28.283844068569962,0.011771693465513877,2.6112071158829817,0.5142517103376357,0.6690876003879861,284.4015047064336,1.4669025233390585,9.950321062317016,5.170936449207884,1.4038450095544697,312.68534877500355,1.5823539311509596,9.975245125705488,5.685188159545519,1.3197946294097,14.81345192854194,0.010020524513201678,3.8560607919831895,0.8229695515856634,0.9923915093438044,119.24135636181568,1.2918222854698342,9.88565804596351,6.624519797878649,2.274657879544121,134.0548082903576,1.706058890340324,10.287824072958408,7.447489349464312,2.3345903430596784,13.27292697934775,0.03656024375005984,4.147235361682686,0.8295579362092343,0.8976972634750217,111.02833526922134,4.345397918609933,19.760932256050197,6.939270954326334,3.783942945410938,124.30126224856909,4.891041395484374,23.908167617732882,7.768828890535568,4.547935434502877,27.343706585417987,0.010167096811170673,2.923407347511576,0.4714432169899653,0.6304261817031307,267.5099625915498,0.5879810309609184,9.950321062317016,4.612240734337066,1.3233600407514021,294.85366917696786,1.49917480576618,9.975245125705488,5.083683951327032,1.2282227021024352,31.755364335408643,0.01018019107459267,2.9387216081893737,0.42340485780544856,0.6086089356936221,311.8380354442661,1.4669025233390585,10.620368217250089,4.157840472590214,1.5967485919608697,343.59339977967477,1.5823539311509596,10.7497612880404,4.581245330395664,1.55672289581239,25.03752904907612,0.011129650036473926,4.645837422506769,0.5442941097625243,0.8471895249055251,215.5210784192127,1.2918222854698342,14.43896592053649,4.685240835200276,3.292485999914228,240.55860746828884,1.706058890340324,14.848762031242643,5.229534944962801,3.4332971772099423,32.825998866875366,0.011771954955860586,2.7107276245386105,0.4623380122095122,0.6271329770806173,283.81987670558266,0.5879810309609184,13.2625541172646,3.997463052191305,2.1295323661784247,316.64587557245807,1.49917480576618,13.41612276664738,4.459801064400818,2.0762816457274083
c<A>r<22>R<PHE>,125.40454794279525,1.3324649875769072,4.127897880640572,1.8441845285705183,0.6377160068787838,59.551452255186035,2.2736999270725167,5.930180798427212,3.721965765949127,0.8955369350948291,73.9352135105575,2.152383091533773,4.820151223570378,3.6967606755278752,0.5066949062848446,137.62875504671914,1.2805976399025218,4.127897880640572,1.6191618240790486,0.5777360226602828,153.24614296109186,1.2150395572971515,4.127897880640572,1.7218667748437289,0.6036602892989217,100.71725012578607,2.152383091533773,4.820151223570378,2.722087841237461,0.504826468267912,163.47338371997415,1.2150395572971515,4.127897880640572,1.5422017332073032,0.4747442708835375,46.97574393852806,0.011771693465513877,3.3752641395141696,0.5728749260796105,0.8342523720235128,418.76519658674687,0.5212593003243455,13.198236553787865,5.106892641301791,1.9715113796186814,465.74094052527494,1.5823539311509596,13.423334636881911,5.679767567381401,1.9091451084168984,14.768269816156254,0.010020524513201678,3.4840262243099787,0.7384134908078127,1.0162734773110214,196.92855962825928,1.3314190200508165,25.323201829973186,9.846427981412964,6.332275039711422,211.69682944441553,1.7557792500753004,25.450785499587337,10.584841472220777,6.100409861463526,21.789046109423353,0.020537002611407118,2.3050252064546664,0.7028724551426888,0.502128036495008,204.32635869968374,3.798141236511583,13.802213872642824,6.59117286128012,2.604356204407599,226.11540480910708,4.891041395484374,14.543858118127545,7.2940453164228085,2.5568316726926024,46.10169123753217,0.010167096811170673,3.3752641395141696,0.5238828549719565,0.7630047601737319,407.5083327301677,0.5212593003243455,13.198236553787865,4.63077650829736,1.929737934590128,453.6100239676998,1.49917480576618,13.423334636881911,5.1546593632693165,1.8974212927467848,50.45596430193592,0.01018019107459267,3.3752641395141696,0.438747515669008,0.6886016487504257,475.8308843686726,0.5212593003243455,11.907535632038389,4.137659864075414,1.523358144800161,526.2868486706086,1.5823539311509596,11.921189230781197,4.576407379744422,1.5085584338130302,28.248289601597662,0.011129650036473926,3.021532977079982,0.46308671478028957,0.6552065545011887,329.814565195136,1.3314190200508165,18.361031723259885,5.406796150739935,4.15147739151338,358.0628547967337,1.7557792500753004,18.585727366120594,5.869882865520224,4.106702217377035,48.2311212644443,0.011393246604588292,3.3752641395141696,0.4507581426583579,0.7132874109675393,413.96432879012247,0.5212593003243455,11.907535632038389,3.868825502711425,1.6730859054500617,462.1954500545667,1.49917480576618,11.921189230781197,4.319583645369782,1.6417100465949677
c<A>r<23>R<ILE>,128.53426432043779,1.3324649875769072,3.765766793030416,1.8103417509920814,0.6111640236693863,55.407996837663354,2.2736999270725167,7.222203904129314,3.6938664558442236,1.130429077839205,57.777694013188885,2.152383091533773,5.452365085604612,3.8518462675459255,0.765330238672736,137.75149875026196,1.2805976399025218,3.765766793030416,1.5833505603478386,0.5080672280780735,147.9829578522624,1.2150395572971515,3.765766793030416,1.7009535385317516,0.5632419970854068,85.34074835586915,2.152383091533773,5.097643558085811,2.7529273663183598,0.6615149160813768,156.49405387935317,1.2150395572971515,3.765766793030416,1.5193597464014872,0.4258412825700197,46.221489469810265,0.012235342554790307,3.381144776740425,0.5706356724667934,0.7667598725479084,400.8750760861683,0.5212593003243455,12.916041287918233,4.949075013409485,1.4542825316457295,447.09656555597854,1.8189124701092954,12.941354362898656,5.519710685876278,1.4057807954066985,16.58735615993745,0.026972482633604855,4.652255413861681,0.9215197866631917,1.213511471754305,151.70596934647028,1.3314190200508165,19.027332989341858,8.428109408137239,4.094422181878182,168.2933255064077,1.7557792500753004,19.069008637551136,9.349629194800428,4.289000771111174,17.844424537548427,0.020537002611407118,2.4454738565748855,0.7137769815019371,0.5082715519109224,180.5184467354477,4.345397918609933,17.145684695080718,7.220737869417908,2.8146279963407563,198.36287127299613,4.891041395484374,17.359886017523177,7.934514850919845,2.9116234001064116,46.25530072033598,0.010167096811170673,3.381144776740425,0.5256284172765452,0.759123178970023,408.78884613644414,0.5212593003243455,12.916041287918233,4.645327797005047,1.3958056100480205,455.0441468567801,1.8189124701092954,12.941354362898656,5.170956214281592,1.3544018372433333,50.669426311700676,0.01018019107459267,3.381144776740425,0.48256596487333975,0.6524640986007758,425.81625461967315,0.5212593003243455,7.432071256680047,4.0553929011397445,1.1481201796892782,476.48568093137385,1.8189124701092954,8.438432759713667,4.537958866013084,1.165483150263169,29.21209626931198,0.011816708699337486,6.202205400995805,0.6639112788479996,1.0662299033682183,209.52200479771864,1.3314190200508165,15.10111320484998,4.761863745402696,3.2461279179134603,238.7341010670306,1.7557792500753004,15.116340914524528,5.4257750242506955,3.4218204273717836,50.36542547874269,0.011393246604588292,3.381144776740425,0.5087416715024514,0.7079335581488945,374.0030271367748,0.5212593003243455,7.432071256680047,3.777808354916917,1.276353712380603,424.3684526155174,1.8189124701092954,8.438432759713667,4.286550026419368,1.289888639789422
c<A>r<24>R<ALA>,144.12908056590814,1.3324649875769072,3.970445117086726,1.8718062411156902,0.7216802063721379,47.70220627676647,3.389642460608415,6.40989726645396,3.9751838563972055,0.8476145229783356,52.133047764895615,3.4202598085694995,5.097643558085811,4.010234443453509,0.5220652516767943,154.0503234311321,1.2987992421250416,3.970445117086726,1.7116702603459124,0.6716950382790595,163.9069615376938,1.2156986056806172,3.970445117086726,1.781597408018411,0.6878828264635475,78.34097573479758,2.2195658269604865,7.646413637438298,2.901517619807318,1.0908027861308416,172.49438298235137,1.2156986056806172,3.970445117086726,1.6428036474509655,0.604116000790638,58.8122100164491,0.013004646081528293,4.058657549977342,0.6392631523527076,0.8542740055945621,451.21012805151486,0.5186935598912896,10.547818310562434,4.904457913603422,1.4797186774901854,510.022338067964,1.8517308347307704,11.426095230699644,5.54372106595613,1.4671346851668314,12.640111930040131,0.04167564820927794,3.1589308916732666,0.7435359958847136,0.8637446649109802,150.41912595197596,5.172164933578642,19.027332989341858,8.848183879527998,3.822460396192788,163.05923788201608,6.509011146485633,19.069008637551136,9.59171987541271,3.6285155127127,17.719349125428188,0.056998426978099204,1.3117073419119416,0.8437785297822946,0.3004547955712327,152.864649346119,5.1088444844019705,17.734297975521486,7.279269016481857,3.3195985499448426,170.5839984715472,5.8114560027672955,18.59608222660065,8.123047546264152,3.312745613669081,59.15906920651759,0.011393246604588292,3.2226215572160317,0.5743598952089086,0.7174229170747648,477.3145725299303,0.5186935598912896,10.547818310562434,4.634122063397381,1.4577579902727371,536.4736417364478,1.8517308347307704,11.426095230699644,5.208481958606289,1.4228474271799965,64.13605387242497,0.010632310614857587,4.058657549977342,0.5528970161415946,0.7230419427212951,482.7666184546556,0.5186935598912896,9.715091945641689,4.161781193574617,1.4124884729502738,546.9026723270806,1.8517308347307704,9.731552388430918,4.7146782097162125,1.4187504450986312,21.327991471149492,0.011816708699337486,3.069814564811475,0.7109330490383164,0.8155916378546468,166.4093155773062,2.073526626190869,16.335316019440143,5.546977185910206,4.130945924977747,187.73730704845568,3.020854245123124,16.996049054649184,6.257910234948523,4.03362290357068,63.68438482492769,0.011393246604588292,3.202538037030875,0.5537772593471973,0.693060415760854,456.63101371132757,0.5186935598912896,9.152809103416985,3.9707044670550222,1.459688298069329,520.3153985362553,1.8517308347307704,9.198131171841926,4.52448172640222,1.446126218953651
c<A>r<25>R<VAL>,149.27499922886477,1.3353669678453783,4.014983051562245,1.8204268198642046,0.6668968395189757,57.83582498403429,2.8073415382621656,6.40989726645396,3.855721665602286,0.8132347091509101,67.81990493982762,2.163511923097528,5.217728386991516,3.989406172931037,0.7337766457117257,157.66427322422166,1.2906393173200525,4.014983051562245,1.608819114532874,0.5783724495213447,173.1667641232345,1.2156986056806172,3.908593898571153,1.7316676412323448,0.6365992023781714,89.85454578669157,2.163511923097528,4.908206396799692,2.7228650238391388,0.557651299274733,179.98853887729962,1.2156986056806172,3.908593898571153,1.5516253351491347,0.5073795740385345,62.737839927007386,0.011096032734528194,3.3409612944497367,0.6337155548182564,0.8077046887249366,482.1582700704166,0.4895896248326608,15.198954057197852,4.870285556266834,1.7554657394544915,544.896109997424,1.8517308347307704,15.279096748846982,5.504001111085091,1.62935686247342,19.259353027532022,0.020545197389262526,3.1589308916732666,0.8024730428138342,0.8975157633376138,218.69475193889843,5.028716722504214,17.98841887647268,9.112281330787434,4.025607355950144,237.95410496643046,6.509011146485633,18.014595750360463,9.91475437360127,3.877507718152808,27.904657102293456,0.03616834480377129,5.394355859020955,0.9301552367431152,0.9904728655638321,240.22684261101995,5.427029671490573,14.743223154060615,8.007561420367331,2.40587704683193,268.13149971331336,6.474211111434329,14.825875433577394,8.937716657110446,2.32697082457145,58.29311421340648,0.011096032734528194,2.9037209108586843,0.555172516318157,0.6957183810037219,475.6112426717657,0.4895896248326608,13.411283113819309,4.529630882588244,1.5636275822360244,533.9043568851721,1.8517308347307704,13.498623321541832,5.084803398906401,1.4432920625726264,71.00034462521397,0.010632310614857587,3.0822858214718885,0.5772385741887315,0.6877257800639738,483.2203466469721,0.4895896248326608,9.715091945641689,3.9286207044469275,1.283095875704922,554.2206912721858,1.8517308347307704,9.731552388430918,4.505859278635657,1.2478137675327508,30.90533632689965,0.014418358128763131,4.8513761735737475,0.7023940074295375,0.9854033705794275,261.495863222234,2.06514238717682,15.10111320484998,5.943087800505318,3.24595226444639,292.40119954913365,2.914107115744394,15.116340914524528,6.645481807934856,3.2240039796240008,64.28473833949334,0.011096032734528194,3.0822858214718885,0.5589977246912464,0.6728417792485544,421.3799534601312,0.4895896248326608,9.152809103416985,3.6641735083489673,1.2205367523313977,485.66469179962456,1.8517308347307704,9.198131171841926,4.223171233040214,1.1996912348141697
c<A>r<26>R<GLY>,128.00499447612933,1.3327510306705823,4.33785176995005,1.7297972226503964,0.5925880783132609,44.851923679974085,2.8073415382621656,4.560712766629929,3.737660306664507,0.4922757985330235,68.5683501694057,3.4211147605251466,6.189177233704154,4.2855218855878565,0.7555952570333938,134.41353742332885,1.2987992421250416,4.33785176995005,1.5449831887738947,0.48748504494652417,153.38006937497084,1.2156986056806172,4.33785176995005,1.6854952678568225,0.6096096474145961,82.24918586395843,2.2183191750450066,6.189177233704154,2.836178822895118,0.902579618388132,158.42912546122872,1.2156986056806172,4.33785176995005,1.5233569755887377,0.476325821535634,52.860901769872996,0.010357877091612622,3.6226451818728336,0.6446451435350365,0.8054090769002034,379.5279142139036,0.48563321273832116,9.761835704422083,4.628389197730532,1.58815512424772,432.38881598377657,1.8535549773904727,9.971990165544074,5.273034341265568,1.5810459789217,12.879612981043012,0.020545197389262526,3.521873176649482,0.7155340545023896,0.8734995860463729,123.3379012074015,5.064479752213629,9.47549276994414,6.852105622633417,1.0516615937165994,136.21751418844448,6.618584528763357,9.509345237387272,7.567639677135805,0.8245798221354709,25.032875985603802,0.082652279516779,2.673320329354695,0.927143555022363,0.7510455352817688,231.2607983575042,5.608922290452028,15.895564293708958,8.565214753981637,3.259724469422315,256.293674343108,5.997845813236227,16.350718127494385,9.492358309004,3.0195796738108673,50.351706090719276,0.010357877091612622,3.6226451818728336,0.5787552424220607,0.7572183867943748,377.7779924714789,0.48563321273832116,9.761835704422083,4.34227577553424,1.4728035079624278,428.12969856219814,1.8535549773904727,9.971990165544074,4.921031017956301,1.4330863787934078,56.56931282110896,0.011096032734528194,2.813487077124176,0.5189845212945776,0.6473554898943338,433.73470394901165,0.48563321273832116,9.761835704422083,3.9792174674221252,1.4861685834896563,490.30401677012065,1.8535549773904727,9.971990165544074,4.498201988716703,1.465270396810958,25.23128861760729,0.01188227885275328,2.9873817820572306,0.7208939605030654,0.8385676185804463,215.7591033853862,2.0801008478931635,12.202581163719515,6.164545811011034,3.3006888380810633,240.9903920029935,3.1241536614419108,12.58797297605157,6.8854397715141005,3.169850899106097,52.80572757090508,0.011096032734528194,2.5989055273171395,0.5333911875848998,0.678793840066557,362.65237624444694,0.48563321273832116,9.761835704422083,3.6631553156004744,1.4507713420376596,415.45810381535205,1.8535549773904727,9.971990165544074,4.196546503185374,1.434617448519499
c<A>r<27>R<TYR>,139.80165852650887,1.3327510306705823,4.141506754124644,1.7696412471709984,0.6176751802282625,57.33236804094318,2.267392050784508,5.031024165141633,3.5832730025589488,0.714233456828416,71.03535893966924,2.99669451944877,6.189177233704154,4.178550525862896,0.8081793753346543,148.72042008566615,1.2987992421250416,4.141506754124644,1.5491710425590224,0.47764675254660144,162.55106889403726,1.2158647363497286,4.141506754124644,1.675784215402446,0.5813395177672316,94.8775400604146,2.2183191750450066,6.189177233704154,2.7905158841298414,0.8336223456763674,171.03641675742577,1.2158647363497286,4.141506754124644,1.500319445240577,0.4262555928148418,59.542346549862856,0.011096032734528194,3.423470764974363,0.6471994190202485,0.812171399355445,417.15565589137736,0.48563321273832116,7.520333912490969,4.534300607514972,1.2878103824344698,476.69800244124025,1.8535549773904727,7.8775224601021065,5.18150002653522,1.2349638417317208,18.673005558173273,0.020545197389262526,3.521873176649482,0.848772979916967,1.0582370901813385,151.84383924221038,5.028716722504214,9.47549276994414,6.901992692827744,1.161083463695196,170.51684480038364,6.0078993435709505,10.165383070039649,7.750765672744711,0.9830843477991389,26.958974150602135,0.0815956396260269,2.848399886070803,0.8696443274387785,0.7579878297755447,247.9111310710107,4.571751682079821,15.895564293708958,7.9971332603551835,3.0585438172348733,274.87010522161285,5.09063538073393,16.350718127494385,8.866777587793964,2.946591445149523,58.14631422761413,0.011096032734528194,2.946399719107589,0.5814631422761413,0.7547312325647372,436.28713395417435,0.48563321273832116,9.117581216049302,4.362871339541743,1.2970724534391311,494.43344818178844,1.8535549773904727,9.151505712183688,4.944334481817885,1.2667513562543364,62.36317795693218,0.011096032734528194,3.462531892515205,0.5470454206748436,0.6832911266294182,438.68823079633717,0.48563321273832116,7.896947319534775,3.8481423754064665,1.1579050840063383,501.0514087532693,1.8535549773904727,7.924437709816428,4.395187796081309,1.1227935288858093,26.153117981264664,0.01188227885275328,2.816032339253381,0.6226932852682063,0.727919280983571,222.67979029156277,2.0382402826462567,12.597260349754833,5.301899768846733,3.2024128164255043,248.83290827282747,2.8169235834899125,12.924310867228286,5.92459305411494,3.1346989918047394,59.150511927412964,0.011096032734528194,3.2514659303787283,0.5426652470404859,0.7083196222940557,389.52036718550835,0.48563321273832116,7.099095584045699,3.5735813503257647,1.118546764602798,448.67087911292134,1.8535549773904727,7.207467982945314,4.116246597366251,1.1309037574684009
c<A>r<28>R<VAL>,139.9185419315658,1.3225953446581264,4.301116919375276,1.8410334464679712,0.7153491816416053,58.212440934389576,2.267392050784508,7.644952521516666,4.1580314953135415,1.4494141965027305,73.00206351461415,2.129294673066765,7.299342749770924,3.8422138691902186,0.9996826190451411,149.91359478410078,1.2965257091988809,4.157237853136531,1.647402140484624,0.6187771501908289,167.90514847927093,1.201405751088409,3.6016969612661724,1.7490119633257388,0.6167338912711762,98.74163578499055,2.129294673066765,7.299342749770924,2.904165758382075,1.0291322630363575,177.13253761800058,1.201405751088409,3.5983119433888024,1.5957886271891943,0.5127862735766879,56.304875583234065,0.014536996206870434,2.9566223631487496,0.5687361170023643,0.7417259754673939,477.3605349927045,0.48563321273832116,10.867994416317288,4.821823585784894,1.4543801586535023,533.6654105759385,1.8247552019968054,10.913417886035202,5.390559702787257,1.4391615021569337,23.363962082399787,0.03935419840010468,7.050934921854143,0.9734984200999911,1.5651395506394696,265.9477177011217,5.035498849666737,28.370178094909818,11.081154904213404,6.154790441595434,289.31167978352147,6.0078993435709505,28.409532293309923,12.054653324313394,6.32549408952521,21.605203927833102,0.018654235827996857,1.6270089702092552,0.6354471743480324,0.4417244986773948,246.11418895966403,3.5233569652139067,20.900235408230458,7.238652616460707,4.188836671845501,267.7193928874971,3.953404622210315,21.203855577505934,7.874099790808739,4.040308511281308,57.238775061966265,0.011699795546300074,2.946399719107589,0.49343771605143333,0.7066454111339914,536.989773008147,0.48563321273832116,10.867994416317288,4.629222181104716,1.4502922172707071,594.2285480701133,1.8247552019968054,10.913417886035202,5.122659897156149,1.4455113747531363,65.53485771670773,0.012512412627529113,3.9055095314443795,0.5002660894405171,0.6945106711290787,536.1719882309944,0.48563321273832116,9.929939711001282,4.092915940694614,1.3129024212798408,601.7068459477022,1.8247552019968054,9.954511191344654,4.593182030135131,1.312600585181158,33.83226379469102,0.013200993275689576,5.8274843775777185,0.6766452758938205,0.9958601792298509,308.0091428476656,2.0382402826462567,20.61326028083863,6.160182856953312,5.108011815462191,341.84140664235656,2.8169235834899125,20.75053517662554,6.836828132847131,5.352051230650892,64.45679695694436,0.011699795546300074,3.2514659303787283,0.47745775523662487,0.6593430740000821,517.5198338864068,0.48563321273832116,7.099095584045699,3.8334802510104207,1.2001776214500761,581.9766308433511,1.8247552019968054,7.207467982945314,4.310938006247046,1.220337515766585
c<A>r<29>R<ASP>,105.04978854683566,1.3345057289514275,4.001392751514671,1.909996155397012,0.7601817433162309,45.151565316382914,2.247808283026003,5.031024165141633,3.473197332029455,0.7474500265252769,64.14145830248705,2.129294673066765,4.447424221782654,3.5634143501381694,0.7387485606069137,113.73442426501572,1.2965257091988809,3.975955760230101,1.6483249893480538,0.6599762533499106,130.76322866591357,1.201405751088409,3.9382593127286274,1.7670706576474806,0.6429305817472176,84.60839829325744,2.129294673066765,4.099114562908089,2.644012446664295,0.4185039556665926,139.20388326751862,1.201405751088409,3.9382593127286274,1.5818623098581661,0.5407953719472617,33.118027969572516,0.011010814956470938,2.8504352678369145,0.5519671328262086,0.7073010830797367,329.647317875544,1.4483500782127976,15.75512165426666,5.4941219645923995,2.184962483396547,362.7653458451166,1.8992765255841255,15.8218448090551,6.04608909741861,2.1125838696188404,11.904860138018561,0.06316486036964974,3.221871461340701,0.7936573425345708,0.9805935909717911,99.79542488533696,1.3354235435147075,9.33860438007747,6.653028325689131,1.8523810230096414,111.70028502335552,1.726636643556358,9.880621188962902,7.446685668223702,1.9462611596226405,21.334332015120026,0.018654235827996857,2.0625405254056552,0.7356666212110354,0.5501606541805131,169.31520681310656,3.5233569652139067,11.812815173141644,5.838455407348502,1.383813652174309,190.64953882822655,3.953404622210315,11.970801488901504,6.574122028559536,1.387736706136516,31.899426973337565,0.011699795546300074,2.8504352678369145,0.48332465111117523,0.6735873551878323,350.60741150156474,1.4483500782127976,15.75512165426666,5.3122335075994656,2.2419645960009564,382.5068384749023,1.8992765255841255,15.8218448090551,5.795558158710641,2.1843077848902026,42.98193239753074,0.011010814956470938,3.462531892515205,0.48843104997194026,0.6564195555721081,377.26875378971613,1.4483500782127976,15.0611311966709,4.287144929428592,1.7996852572688848,420.25068618724686,1.8992765255841255,15.381484595717602,4.775575979400532,1.7816574065235373,22.572193415303424,0.01449434378361758,2.774171774006474,0.5130043958023506,0.629156131303203,167.42990666614935,1.3354235435147075,6.887372470871014,3.8052251515033944,1.3090942370880911,190.00210008145277,1.726636643556358,7.382517990793492,4.318229547305744,1.340414358208354,42.71604646349118,0.011699795546300074,3.2764866926581107,0.5025417230998963,0.6883592843254731,336.88041117673737,1.4483500782127976,15.0611311966709,3.9632989550204396,1.7433719547018398,379.59645764022855,1.8992765255841255,15.381484595717602,4.465840678120336,1.7605485520642496
c<A>r<30>R<ASP>,96.25709597657122,1.3345057289514275,5.484645444325811,1.8873940387562984,0.9043927913322781,34.02293633416693,2.3112105429966414,6.401609479523624,3.780326259351881,1.163587824537577,63.5189447456073,2.129294673066765,6.140079366560041,3.736408514447488,0.9945172390497432,102.40479454846778,1.3069103292050086,4.557093445471737,1.6787671237453734,0.7541640185000411,120.44811671996038,1.201405751088409,3.953233372931814,1.7456248799994258,0.6828871515461697,77.91767493404977,2.129294673066765,5.523409984211246,2.8858398123722138,0.7817320757204849,127.15664283866762,1.201405751088409,3.953233372931814,1.609577757451489,0.5964473223352127,25.686029614944754,0.014536996206870434,2.8504352678369145,0.5583919481509729,0.7399853373761367,212.54375384215277,0.4895896248326608,14.12596753483217,4.620516387872886,2.3255558023932013,238.22978345709748,1.5925652507506352,14.158131417879522,5.178908336023858,2.246735755389491,1.9924411802462716,0.013078539524290278,0.8867324345283647,0.3320735300410453,0.28631572196733324,55.019810932238784,5.121166909042586,15.439949357391924,9.169968488706465,3.6745588387397263,57.01225211248506,6.0078993435709505,15.453027896916215,9.50204201874751,3.4421133151535943,18.61014654450282,0.018654235827996857,2.1489080960935514,0.7157748670962623,0.5836281130748247,198.15610035072694,3.5233569652139067,14.455448015961338,7.62138847502796,3.3856480277077594,216.76624689522973,3.953404622210315,15.556398454261751,8.33716334212422,3.422014970925274,23.379078176071758,0.014536996206870434,2.8504352678369145,0.46758156352143515,0.6729220769863627,215.98307445722753,0.4895896248326608,14.12596753483217,4.319661489144551,2.121573084005851,239.3621526332993,1.481482633716309,14.158131417879522,4.787243052665986,2.043877756106524,33.22634575845937,0.014214832408103284,3.514682226723604,0.4815412428762227,0.6218025628992576,289.6798943920126,0.4895896248326608,14.044711566442913,4.198259339014675,2.3813023002201015,322.90624015047206,1.5925652507506352,14.762252742055638,4.679800581890899,2.342006599572008,17.387795714125996,0.018752235057536204,2.1489080960935514,0.5269029004280605,0.5371549083475508,184.96299188315098,2.0720381769908727,14.455448015961338,5.604939147974272,3.727666445936052,202.35078759727696,2.8169235834899125,14.526078448127276,6.131842048402333,3.9263440617328835,33.00305020818263,0.014214832408103284,4.054424076964249,0.45209657819428256,0.6371375750671596,283.19699860011514,0.4895896248326608,14.044711566442913,3.8794109397276046,2.2939523936583686,316.2000488082978,1.481482633716309,14.762252742055638,4.331507517921888,2.289217442579859
c<A>r<31>R<THR>,103.17695469093601,1.3345057289514275,4.557093445471737,1.8424456194810002,0.7772127327125936,26.94880199623895,2.702411929414068,6.834306210298884,3.8498288566055643,1.2499196791344132,59.402899916111494,2.1735382129939924,5.710261061985419,3.9601933277407664,0.8652694240727141,106.86698724498329,1.3069103292050086,4.557093445471737,1.669796675702864,0.7071796863137633,123.54022987922198,1.201405751088409,3.734741503393294,1.7158365261003052,0.6652198669866323,72.58296897327907,2.1735382129939924,6.006749380065228,3.1557812597077857,1.110763935171905,127.25606991737891,1.201405751088409,3.7295664657561987,1.5907008739672364,0.5929867323912168,31.64993681752417,0.011096032734528194,2.9566223631487496,0.608652631106234,0.7532914298313746,246.99161440731365,0.4895896248326608,12.19712152130188,4.749838738602185,2.1860680425955383,278.6415512248378,1.8882510590439758,12.637118500821433,5.358491369708419,2.160618486778689,4.87162732952777,0.051340723868488425,2.151336539741223,0.6089534161909712,0.6581878224491942,75.49731504159058,5.121166909042586,15.815960467392415,9.437164380198823,4.176870875712402,80.36894237111835,6.0078993435709505,15.964054166778563,10.046117796389794,3.9531352975541094,16.781167179610485,0.05132899647278144,2.848399886070803,0.8390583589805243,0.6790085038409758,139.7431910029921,3.748393066136032,12.597260349754833,6.987159550149604,2.316990452525964,156.52435818260258,4.153138786974732,12.924310867228286,7.826217909130129,2.520976164823604,28.393661714156153,0.011096032734528194,2.946399719107589,0.457962285712196,0.6302510279520807,280.67743893922085,0.4895896248326608,12.19712152130188,4.5270554667616265,2.0594070527680697,309.07110065337696,1.8882510590439758,12.637118500821433,4.985017752473822,2.0711046668210904,33.910540317399,0.011096032734528194,1.9383096110294709,0.4645279495534109,0.507101096844465,309.3941279414566,0.4895896248326608,20.592685970277955,4.238275725225432,2.3636190490089377,343.3046682588556,1.8882510590439758,20.65097120023456,4.702803674778844,2.2775301217468424,15.153293052560535,0.01188227885275328,2.7522594039585115,0.4888159049213076,0.6582444195962309,167.21462981683032,2.0720381769908727,12.597260349754833,5.394020316671946,3.1365124731816443,182.3679228693909,2.8169235834899125,12.924310867228286,5.882836221593255,3.2133179279051913,32.566002649584284,0.011096032734528194,2.264409493804248,0.41751285448184977,0.5016737781502626,320.14859531266796,0.4895896248326608,20.592685970277955,4.10446917067523,2.34503829228721,352.71459796225224,1.8882510590439758,20.65097120023456,4.52198202515708,2.279873308148238
c<A>r<32>R<GLN>,104.03030461114973,1.3327510306705823,3.8699081286249086,1.793625941571547,0.6177585000766807,47.59481194327855,2.702411929414068,6.003507870726689,3.6611393802521963,0.8478801971130053,60.51235938402156,3.3219109832146776,5.710261061985419,4.0341572922681035,0.6129922040299913,112.60340891050353,1.2987992421250416,3.8699081286249086,1.5639362348681045,0.4647823525628874,128.35724408227495,1.2158647363497286,3.8699081286249086,1.734557352463175,0.6416980207472586,80.95503699869559,2.2183191750450066,6.003507870726689,2.7915529999550204,0.8655214260970046,135.10348232540997,1.2158647363497286,3.8699081286249086,1.5352668446069315,0.4429776237262051,39.75731347068546,0.011096032734528194,2.9566223631487496,0.6974967275558853,0.7938220773906731,244.77974157398967,0.48563321273832116,6.967232227539398,4.294381431122626,1.1894057937280083,284.5370550446751,1.8535549773904727,7.038578371821185,4.991878158678511,1.1779383956572054,11.132347074747651,0.020545197389262526,2.538930289466279,0.6184637263748695,0.6514148005565503,147.9964766168107,5.028716722504214,15.815960467392415,8.222026478711705,3.281044746064375,159.12882369155832,6.0078993435709505,15.964054166778563,8.840490205086574,3.1295311169516498,22.091404379517957,0.21416569556083065,2.848399886070803,0.9604958425877372,0.7822502228232643,167.13597350754208,4.571751682079821,12.597260349754833,7.266781456849656,2.252870244786276,189.22737788706004,5.09063538073393,12.924310867228286,8.227277299437393,2.3508178144500995,38.01156099249006,0.011096032734528194,3.2500155915811106,0.5207063149656173,0.7404821907276031,294.0039096937203,0.48563321273832116,6.967232227539398,4.027450817722196,1.0997812989696387,332.01547068621034,1.8535549773904727,6.985553900990292,4.5481571326878125,1.1053924304870022,46.88323701458632,0.011096032734528194,2.400399524061452,0.5388877817768543,0.6059676461370832,328.765579456154,0.48563321273832116,7.099095584045699,3.7789147063925745,1.006339068483735,375.6488164707403,1.8535549773904727,7.207467982945314,4.317802488169429,1.0007957732955979,21.614340177422644,0.01188227885275328,2.7522594039585115,0.6003983382617402,0.7722923062777505,201.79047547185883,2.0720381769908727,12.597260349754833,5.605290985329412,3.1380956194944196,223.4048156492815,2.8169235834899125,12.924310867228286,6.2056893235911526,3.1870340220213613,42.03463961332583,0.011096032734528194,2.264409493804248,0.46705155125917586,0.5813674864755353,320.2812335432177,0.48563321273832116,7.099095584045699,3.558680372702419,1.0124511280698538,362.31587315654355,1.8535549773904727,7.207467982945314,4.025731923961595,1.0066894302593998
c<A>r<33>R<PHE>,140.2036633174538,1.3225953446581264,3.8699081286249086,1.8447850436507078,0.6901002051584048,57.42191064169689,2.7148032906299644,4.560712766629929,3.5888694151060556,0.5824873653303718,60.32388502416829,3.432076982953045,6.687361836064249,4.308848930297735,0.7918566973885908,151.3080086513888,1.2987992421250416,3.8699081286249086,1.62696783496117,0.579077278490564,161.48325449081557,1.2158647363497286,3.8699081286249086,1.7745412581408304,0.6680742079238663,87.63210139699508,2.2103441586721684,6.198741478125122,2.8268419805482283,0.8106080225967489,172.09588579312327,1.2158647363497286,3.8699081286249086,1.5934804240104006,0.5508479504256917,57.83671587169836,0.010792896716676381,2.946399719107589,0.6286599551271561,0.6958578046513355,398.006167593903,0.48563321273832116,6.967232227539398,4.326153995585902,1.1806384418502618,455.84288346560135,1.370508216225503,7.038578371821185,4.954813950713058,1.2109979373099713,13.282740905254508,0.020545197389262526,2.4464801029279073,0.5534475377189378,0.6037661109542659,194.53363163533822,5.121166909042586,15.815960467392415,8.10556798480576,2.8591795526130825,207.81637254059274,5.8858055405327185,15.964054166778563,8.659015522524697,2.7807187275305734,22.10622095762101,0.015899369833761057,4.732552532614957,1.1053110478810504,1.1320397947123348,164.51186023614605,4.571751682079821,15.895564293708958,8.225593011807302,3.4633746630081994,186.61808119376707,5.09063538073393,16.350718127494385,9.330904059688354,3.4958744519105482,59.25552622967203,0.010089645722349161,2.946399719107589,0.5243851878732038,0.647921828828455,455.59531093001374,0.48563321273832116,6.967232227539398,4.031816910885078,1.1160523557675501,514.8508371596857,1.370508216225503,6.985553900990292,4.5562020987582805,1.138346526101351,65.11278946752326,0.011096032734528194,3.1299336342147246,0.5762193758187899,0.6498126198390417,444.91696150220696,0.48563321273832116,7.178582114677738,3.9373182433823626,1.0908870177309384,510.0297509697302,1.370508216225503,7.2980796723509265,4.513537619201152,1.0789025213986239,25.12191600739072,0.01188227885275328,2.7522594039585115,0.644151692497198,0.8510325938197492,255.39308399006813,2.104637811874454,15.621561388290502,6.548540615129952,3.806657209704193,280.5149999974588,2.7275538016338787,16.59601779191493,7.192692307627149,3.811121074844348,66.65598193324911,0.010089645722349161,2.4447670876957748,0.5375482413971703,0.6165299856679883,454.9183546553188,0.48563321273832116,7.178582114677738,3.6686964085106357,1.1169211683012998,521.5743365885678,1.370508216225503,7.2980796723509265,4.206244649907805,1.113881806247203
c<A>r<34>R<VAL>,137.73501217849346,1.3327510306705823,3.914975316373624,1.8867809887464857,0.6986286641484648,56.299669456959066,2.2313587486493325,4.560712766629929,3.5187293410599416,0.6821429878693426,69.05037449181216,3.5413087846104556,6.78381206844378,4.31564840573826,0.7648572228041443,148.37288343748068,1.2962103490138146,3.914975316373624,1.6485875937497854,0.6146433899647797,158.71840130730268,1.2158647363497286,3.640063586369296,1.7635377923033633,0.6269418713787849,90.59125889760217,2.2183191750450066,6.198741478125122,2.745189663563702,0.8014245129175697,167.73194731989202,1.2158647363497286,3.640063586369296,1.5675882927092712,0.4969769938736572,51.63527708943506,0.010048430805545294,2.3061146407740756,0.5112403672221293,0.5754380690790771,485.1624354285984,0.48563321273832116,12.205923448616886,4.803588469590084,1.600060180878584,536.7977125180336,1.5728438210219116,12.24179349590807,5.314828836812214,1.5828601865330278,18.00658514174843,0.020545197389262526,3.1547038764257262,0.6925609669903243,0.8399489171690271,176.99322654244816,1.3270708621903395,10.121297889503694,6.80743179009416,1.6514276774194263,194.99981168419657,1.7233925280624725,10.551277670952864,7.499992757084484,1.6651382605188623,27.312810194374368,0.015899369833761057,4.732552532614957,0.9754575069419417,1.0144204288783216,248.20167998420948,5.511541768830284,18.201942212731637,8.864345713721766,3.6856892191922688,275.51449017858386,5.997845813236227,18.656772321269834,9.83980322066371,3.555390208924785,49.296001645212826,0.010089645722349161,2.749108408520107,0.4249655314242485,0.5412880027591463,526.6496008298307,0.48563321273832116,12.205923448616886,4.540082765774402,1.5431836377710177,575.9456024750435,1.5120025131109414,12.24179349590807,4.965048297198651,1.4886275990978473,60.691939489849595,0.012094667751050281,3.0918399949050883,0.5143384702529626,0.6173347366761844,473.6778504850172,0.48563321273832116,9.910877386352695,4.0142190719069255,1.2488974373585011,534.3697899748669,1.5728438210219116,10.17836545334935,4.528557542159889,1.2405050392983967,28.4888084423797,0.01188227885275328,4.207587958102756,0.7122202110594925,1.0900895088440707,245.48305895257045,1.3270708621903395,18.201942212731637,6.137076473814261,3.757176939663796,273.9718673949502,1.7233925280624725,18.425355940875438,6.849296684873755,3.656476080194224,57.773415806514876,0.010089645722349161,2.54461262652209,0.4896052186992786,0.6002209255017299,448.64222930358096,0.48563321273832116,9.910877386352695,3.8020527907083133,1.1890955188447319,506.4156451100959,1.5120025131109414,10.17836545334935,4.291658009407592,1.1587249126526162
c<A>r<35>R<ARG>,128.30131111485304,1.3652134178694946,3.6934151399335224,1.9439592593159551,0.646445797538807,61.30350834151898,2.201018100665845,4.560712766629929,3.405750463417721,0.731145710563459,64.49009985037269,2.163511923097528,5.186864141343847,3.7935352853160405,0.7527228775732236,138.689555641122,1.2645943569520166,3.6417034129211805,1.6316418310720238,0.5613432137661385,151.85898822003367,1.2158647363497286,3.6934151399335224,1.8078450978575435,0.6364035572306522,91.1138287047986,2.163511923097528,3.441506962279699,2.530939686244406,0.3185867123509868,160.57142858095617,1.2158647363497286,3.6417034129211805,1.5589459085529724,0.48517023478854404,50.19689207417187,0.010048430805545294,3.2208180500492363,0.6197147169650848,0.7376205935796931,398.5880708833929,1.5506075259017962,9.152809103416985,4.920840381276456,1.0863493555071433,448.78496295756474,1.9794905973119716,9.427405087191662,5.54055509824154,1.1107109606546424,18.5265222524428,0.01328377017242488,3.1547038764257262,0.6388455949118207,0.8965785719359998,193.99854794097564,1.3270708621903395,11.279538388626861,6.689605101412953,2.0139135627818194,212.52507019341843,1.716504914788831,11.292822158799286,7.328450696324773,2.0185721541030435,17.546014862899476,0.03902947644851196,1.9250045599823986,0.6266433879606955,0.4823484987083182,227.82457073593605,5.174376539837112,13.41601931842456,8.136591811997716,2.8118073923967715,245.37058559883556,5.2837078924837595,13.947328796609035,8.763235199958412,2.6556170974667475,47.17958022542369,0.010089645722349161,2.735787443939346,0.5073073142518677,0.6656213365069054,431.90484590540837,2.4592200603410674,9.908517882950264,4.644138128015144,1.2020432714207392,479.084426130832,2.5083452102173815,9.923674342057272,5.151445442267011,1.1498674144926402,56.171550026901684,0.010632310614857587,2.8559122377238495,0.5349671431133494,0.6727605870169141,427.01100209340893,1.5506075259017962,9.715091945641689,4.066771448508656,1.2523367135836707,483.1825521203106,1.9794905973119716,9.731552388430918,4.601738591622006,1.2703641384591398,29.535635409897445,0.013960340928411696,4.418087548571982,0.6420790306499444,1.0270298218227196,224.7637687299632,1.3270708621903395,11.147604853035318,4.886168885433983,2.2517539096516654,254.29940413986063,1.716504914788831,11.221026300283619,5.528247916083926,2.2061095640292274,52.83361429512556,0.010089645722349161,3.5133659851458674,0.517976610736525,0.6928565985131717,391.4231077179634,1.6844249223825045,9.152809103416985,3.837481448215327,1.2850439690559206,444.2567220130889,2.2589419707647935,9.271659054758043,4.355458058951852,1.2673978364297136
c<A>r<36>R<PHE>,126.6360297567048,1.282971941884375,4.253713808857459,1.8090861393814972,0.6296065059068237,58.95768217216299,2.201018100665845,4.939307654540578,3.4680989513037055,0.7520038447099875,66.64472981347173,2.152383091533773,5.3168020488517,3.702484989637318,0.8856052373458955,140.49491199178573,1.2645943569520166,3.549804578279816,1.596533090815747,0.506363309058453,153.57864705044983,1.1933160113594001,3.482431680695109,1.7064294116716647,0.5840441420532546,100.43510848105589,2.152383091533773,7.646413637438298,2.714462391379889,0.8764386313694492,166.03962569985703,1.1933160113594001,3.482431680695109,1.5374039416653429,0.43126873848348146,48.059663180224724,0.010048430805545294,2.960868000916429,0.6768966645102074,0.8094111319198755,343.59539522358364,0.5005207206650084,9.086263793278022,4.839371763712445,1.288053683279517,391.6550584038084,1.8189124701092954,11.078182558326493,5.516268428222654,1.3423196891897828,16.849307913699572,0.01214556105544684,3.9307723887456536,0.673972316547983,0.9063531882872355,216.3882208517548,1.3628446123886988,16.430220611378218,8.655528834070191,3.139342790824426,233.23752876545433,1.716504914788831,16.541743522521124,9.329501150618173,3.122063715689317,31.152611984808914,0.020537002611407118,4.386479189984861,0.9162532936708504,0.9815868025028653,326.1822361612974,4.641128949886706,21.901658567970344,9.59359518121463,4.637793630743658,357.33484814610637,5.2837078924837595,22.730333547688435,10.509848474885482,4.829655678451064,50.27207670901072,0.010854797644137548,3.708323594451425,0.577839962172537,0.7944428350555934,395.8573092269071,0.5005207206650084,9.908517882950264,4.550084014102381,1.2719721971228632,446.1293859359178,1.8189124701092954,10.42463292548808,5.127923976274917,1.2981316942662011,53.40844136317673,0.010632310614857587,2.8559122377238495,0.48115712939798855,0.6642211491241466,470.8570117115662,0.5005207206650084,9.715091945641689,4.24195506046456,1.4858504448750611,524.2654530747429,1.8189124701092954,9.731552388430918,4.723112189862549,1.4641024181885547,33.96515662721003,0.013960340928411696,5.74645413311104,0.665983463278628,1.0517138679408353,316.5849316370609,1.3628446123886988,19.067278053833434,6.207547679158057,4.508559746914058,350.5500882642709,1.716504914788831,20.433111959748935,6.8735311424366845,4.565956777463466,55.47682253213431,0.011393246604588292,3.3916106612091994,0.50433475029213,0.700445704836392,420.8931683582914,0.5005207206650084,7.627581878563433,3.8263015305299217,1.4123372977758404,476.36999089042575,1.8189124701092954,7.935363158745552,4.330636280822052,1.3895149121518335
c<A>r<37>R<ASP>,112.38585727983748,1.282971941884375,4.216545017092275,1.9048450386413132,0.7066288227838744,63.85151244684843,2.201018100665845,4.939307654540578,3.3606059182551804,0.8043982222269496,71.55713437189675,2.152383091533773,5.452365085604612,3.5778567185948376,0.8904663876404001,127.34351212750789,1.2645943569520166,3.8661503104795303,1.6119431914874416,0.5468446133780555,138.6115362678343,1.1994305587715937,3.571753887028035,1.7326442033479288,0.6238109018303222,103.78984804882506,2.152383091533773,3.7975920532772047,2.5947462012206266,0.3774175673511552,152.282767482383,1.1994305587715937,3.0601910611313805,1.52282767482383,0.42029640875810753,44.9069119127703,0.013578844522101008,4.19040962238906,0.748448531879505,0.9304509427461704,294.90114902123423,0.5005207206650084,7.537983717590578,4.915019150353904,1.3459415355994213,339.8080609340046,1.8189124701092954,9.218842815344223,5.663467682233409,1.3889382204334924,18.360470587008074,0.01214556105544684,3.0756528456834253,0.734418823480323,0.9292920175630945,194.74949927915054,1.3314190200508165,16.430220611378218,7.789979971166022,3.4358535696958996,213.10996986615862,1.716504914788831,16.541743522521124,8.524398794646345,3.5127493132269185,27.322971100124434,0.020537002611407118,4.99820197852198,0.827968821215892,0.9481806885169177,243.15597400000343,3.798141236511583,14.964775701263761,7.368362848484952,2.9048696689993707,270.4789451001279,4.891041395484374,15.200719226609287,8.196331669700845,2.953164910029417,44.61804143404742,0.010167096811170673,4.7740298450528,0.6112060470417455,0.9902743264226255,327.2023380864391,0.5005207206650084,9.908517882950264,4.482223809403275,1.379437875519894,371.82037952048654,1.8189124701092954,9.923674342057272,5.093429856445021,1.4334010519940839,51.62802048465278,0.01018019107459267,3.4104363291887907,0.501242917326726,0.6923865271817674,434.6283959252671,0.5005207206650084,9.160565225116898,4.219693164322981,1.346304793060844,486.25641640991995,1.8189124701092954,9.25494379339412,4.720936081649708,1.3287625997053973,33.565664161722395,0.013960340928411696,5.83987238242856,0.5594277360287065,0.9439770960556937,274.01215288510684,1.3314190200508165,11.147604853035318,4.56686921475178,2.3524754898867117,307.5778170468293,1.716504914788831,11.221026300283619,5.126296950780488,2.4081419603215886,50.481908694885554,0.010582481123840637,4.285635004737067,0.5048190869488556,0.7711255359613717,377.48173411231005,0.5005207206650084,7.422656218391467,3.7748173411231005,1.3774567190159959,427.9636428071956,1.8189124701092954,7.474192738333908,4.279636428071956,1.3541157390427045
c<A>r<38>R<SER>,88.99712413646911,1.282971941884375,3.5937441524856415,1.7799424827293822,0.577526768464097,55.45049911243958,2.2736999270725167,4.61831623788882,3.4656561945274738,0.7335694258869571,58.575912714936095,2.152383091533773,7.2135437626232335,3.9050608476624062,1.1189617953128832,105.21220344063374,1.2805976399025218,3.6396347200249792,1.5703313946363244,0.5056931221958362,108.9035852097975,1.1933160113594001,3.5937441524856415,1.650054321360568,0.5404554004121295,88.10461306248013,2.152383091533773,7.2135437626232335,2.753269158202504,0.8908065216505623,123.37716732574933,1.1933160113594001,3.5844245235177867,1.4864718954909557,0.37544747258480504,24.130451232974806,0.013578844522101008,3.41348078291578,0.5611732844877863,0.7945430685191245,209.12492413214977,0.5005207206650084,7.918565630897547,4.8633703286546455,1.5061266656072037,233.25537536512454,1.8189124701092954,8.216923844092367,5.424543613142431,1.5030885992779102,14.84496832436474,0.010020524513201678,3.4840262243099787,0.8732334308449846,1.0942694631817855,117.6146419235601,1.3314190200508165,12.073478617525325,6.918508348444711,2.356920963857748,132.45961024792484,1.7557792500753004,12.960066073487635,7.791741779289697,2.435734969762276,16.905666683759357,0.020537002611407118,3.716525669205563,0.7350289862504068,0.8064703128638504,161.28965011068794,3.798141236511583,13.802213872642824,7.012593483073389,3.0802675542666287,178.19531679444728,4.891041395484374,17.253663295113707,7.747622469323795,3.3519438269590194,26.85690714128099,0.010167096811170673,3.6991504974915994,0.4795876275228748,0.8191965609196283,237.54096451690486,0.5005207206650084,6.838452809143746,4.2418029378018725,1.2137312776874531,264.39787165818586,1.8189124701092954,7.255289150789748,4.721390565324747,1.2386675924881634,26.929819031992274,0.01018019107459267,3.4104363291887907,0.374025264333226,0.6019441882498592,291.1557269579737,0.5005207206650084,7.862079666336285,4.043829541082967,1.2747244570108915,318.0855459899659,1.8189124701092954,7.892004724003543,4.4178548054161935,1.2271975586886654,22.9789379710946,0.014046059363557184,3.5461249596106157,0.52224859025215,0.7610353029272875,218.31188149003532,1.3314190200508165,15.234850539306763,4.961633670228076,3.579442217723519,241.2908194611299,1.7557792500753004,17.08326258551876,5.483882260480225,3.785000358358702,28.067242666751046,0.011393246604588292,3.976252208663503,0.38982281481598674,0.685582579097147,259.2672691294262,0.5005207206650084,7.862079666336285,3.600934293464253,1.2991413950028583,287.33451179617725,1.8189124701092954,7.892004724003543,3.9907571082802398,1.2517486507005335
c<A>r<39>R<ASP>,66.18435687921934,1.4149497809675202,4.427534070356709,2.0682611524756043,0.8351975881004594,50.14882163231417,2.2477987625767875,5.391730929716244,3.343254775487611,0.9938816115547706,42.59728955273594,2.152383091533773,4.390271890073439,3.5497741293946614,0.6756094774285115,82.29831974159151,1.2805976399025218,3.82088827661203,1.7145483279498233,0.6811702859854241,82.92052071157678,1.1994305587715937,3.895928714879623,1.8426782380350397,0.7331240982315619,76.15785810656821,2.152383091533773,5.391730929716244,2.7199235038060077,0.6389093419853595,98.7875391118153,1.1994305587715937,3.82088827661203,1.6194678542920542,0.5919080554273517,17.755192624592556,0.016484823410632288,2.6112071158829817,0.6122480215376743,0.7076413942572699,150.16482181777621,3.426073448078796,7.211375107613094,5.178097304061248,1.0967295772529997,167.92001444236874,3.6454952182237434,8.216923844092367,5.790345325598922,1.1540118427183077,9.216246354546815,0.010020524513201678,2.1646381152259657,0.5760153971591759,0.6900131879178052,124.90236928042367,1.2918222854698342,16.03593183574685,7.806398080026479,3.8273062630425754,134.11861563497047,1.706058890340324,16.312099084091244,8.382413477185654,3.742921003183282,10.297097571738542,0.020537002611407118,2.3050252064546664,0.605711621866973,0.5545455256095752,95.92279439436902,3.798141236511583,7.20186811586882,5.642517317315825,0.9937501574875224,106.21989196610755,4.891041395484374,7.755328017851946,6.248228939182797,0.7556825646275025,17.884620289743264,0.010167096811170673,2.923407347511576,0.4362102509693479,0.7384749498144371,188.06358076998634,2.7676651783913258,9.967417832604042,4.586916604146008,1.4431104780314603,205.9482010597296,2.779058424995914,10.032064243347524,5.023126855115356,1.4091374227932711,19.44777807451843,0.01018019107459267,2.168971306244665,0.37399573220227744,0.4494653549732748,209.12440139659918,2.07469114138803,6.885795813687082,4.021623103780754,0.9676201983332734,228.5721794711176,2.1678650852049506,7.2050014670446885,4.395618835983031,0.9720185765177892,17.630866313820174,0.01243764241620715,2.343841109250322,0.4300211296053701,0.5490810224065747,174.8053040443969,1.2918222854698342,12.414160237564147,4.263544001082852,2.381469494320633,192.4361703582171,1.706058890340324,12.42723372843878,4.6935651306882225,2.4409228440124844,20.437081498818728,0.011393246604588292,2.583082566469728,0.3649478839074773,0.5443024446817355,202.60656821339694,2.0644231734888763,9.967417832604042,3.617974432382088,1.3118469992983561,223.04364971221565,2.1678650852049506,10.032064243347524,3.982922316289565,1.2712383117103692
c<A>r<40>R<ALA>,69.24060251872032,1.282971941884375,4.349612660005997,1.978302929106295,0.7886097633866604,40.774073375884626,2.201018100665845,4.939307654540578,3.136467182760356,0.8037994763727773,50.91206623315933,2.152383091533773,4.390271890073439,3.394137748877289,0.6840457752277559,78.80342873478986,1.2645943569520166,3.8661503104795303,1.6082332394855074,0.5916980173088083,89.07926306604018,1.1994305587715937,3.52636255260974,1.74665221698118,0.624517305653641,74.57398055187723,2.152383091533773,3.3964450794883994,2.571516570754387,0.33051015266004174,97.91232813189883,1.1994305587715937,3.1363801174864423,1.5063435097215205,0.4042565094965033,20.170661061487305,0.03807561014847849,4.988174585711182,0.8068264424594922,1.1484531198186922,141.75849873326433,2.720041830154514,13.536282961418692,5.6703399493305735,2.187739369069213,161.9291597947516,2.764284353555272,13.589697996646219,6.477166391790064,2.225466489004336,10.561671629815429,0.01214556105544684,3.0756528456834253,0.7544051164153878,0.9828151567632442,121.75603895160975,1.3628446123886988,16.430220611378218,8.696859925114982,3.658227769903147,132.31771058142516,1.716504914788831,16.541743522521124,9.451265041530368,3.8185913535406852,12.446140028019485,0.03656024375005984,1.7577685243563161,0.5657336376372494,0.43201931883922134,158.8299238032953,4.088438692078171,14.964775701263761,7.219541991058876,2.830937493301285,171.2760638313148,4.9761758224852475,15.158263859990058,7.785275628696127,2.7009457151537584,19.289865679186345,0.011393246604588292,4.026539892408563,0.5673489905643043,1.016723405292588,162.38284690240016,2.720041830154514,9.908517882950264,4.77596608536471,1.6688833522185635,181.6727125815865,2.764284353555272,9.923674342057272,5.343315075929015,1.7856948601694655,26.097755497337346,0.010698901159363228,3.976252208663503,0.5673425108116814,0.733664046291335,195.7450117428134,2.07469114138803,9.160565225116898,4.255326342235074,1.5291731110200943,221.84276724015078,2.1677235983557983,9.394181300715559,4.822668853046756,1.656783104146269,21.20525536901146,0.010492064375119625,5.433533300172151,0.48193762202298773,0.8860959818412507,184.46546106979577,1.3628446123886988,10.679825225978902,4.192396842495358,2.104236203983569,205.67071643880723,1.716504914788831,10.785359051906148,4.674334464518346,2.2813532132892806,25.738604590897538,0.011393246604588292,3.976252208663503,0.4856340488848592,0.798507775041938,196.3267827890486,2.056384235352425,7.7453088456732075,3.7042789205480866,1.5055482310687462,222.06538737994615,2.1677235983557983,7.923539298144655,4.189912969432946,1.6077032413825234
c<A>r<45>R<MET>,133.0868695270102,1.282971941884375,3.9990243273198307,1.8484287434306974,0.7036400813909082,62.556709036669346,2.251219053622129,4.939307654540578,3.475372724259408,0.8081094862371295,62.38461645815717,2.206336980251222,4.70555341452549,3.6696833210680686,0.667441661813094,148.50583039668825,1.282971941884375,3.7682750704853856,1.6319322021614093,0.5768508379950662,156.028862446773,1.1933160113594001,3.6498130320408344,1.7336540271863665,0.6018310310276199,95.25384510899981,2.1978369167564424,4.571968778552267,2.6459401419166615,0.45584213904987586,170.3114171784429,1.1933160113594001,3.5693711217273534,1.5624900658572742,0.4562111124951495,47.70287739804561,0.010048430805545294,3.6641081758342953,0.5612103223299483,0.769444373215931,391.23646806354395,0.4875453842087154,9.624637466175272,4.602781977218164,1.3897283143791148,438.93934546158965,1.4233292983879098,9.638200374827754,5.163992299548114,1.4180434446732026,10.819626485868657,0.01328377017242488,3.86509884130761,0.43278505943474627,0.756599323337299,256.62165717661037,1.3020667336149927,20.85180412948648,10.264866287064415,5.325796408524523,267.44128366247907,1.7139938495719664,21.30506553746179,10.697651346499162,5.220026866574598,15.106544731825714,0.020961004527251248,2.273200324859662,0.7193592729440816,0.6390977534792155,205.8285631287465,4.641128949886706,25.213897177734907,9.801360148987929,6.44733486723547,220.9351078605722,5.2837078924837595,25.23485818226216,10.520719421932009,6.269575331056363,50.61937154745978,0.010854797644137548,4.075219095978278,0.5272851202860394,0.7526483270313716,422.52473289786553,0.4875453842087154,9.908517882950264,4.401299301019432,1.333820589337763,473.1441044453253,1.4233292983879098,9.923674342057272,4.928584421305472,1.3446273573837055,54.47083586423393,0.010698901159363228,4.186952623307938,0.46957617124339596,0.6790165743893479,459.0035842806519,0.4875453842087154,10.600464607681715,3.956927450695275,1.3519463357929218,513.4744201448858,1.4233292983879098,10.638975194353694,4.426503621938671,1.3264619202742638,19.093241558032492,0.010418248253427631,1.6083384496115696,0.3977758657923436,0.39205140164983066,308.01650212380355,1.3020667336149927,20.85180412948648,6.417010460912574,5.5381303855314155,327.109743681836,1.7139938495719664,20.864397434361724,6.814786326704916,5.485827829414534,56.087569403469324,0.011393246604588292,4.215499478219549,0.4877179948127767,0.7225460800728952,423.95230583255193,0.4875453842087154,10.600464607681715,3.6865417898482775,1.3642765048169732,480.0398752360213,1.4233292983879098,10.638975194353694,4.1742597846610545,1.3563499758922368
c<A>r<46>R<GLU>,102.86981207397498,1.35093487956605,4.154907825722926,1.8703602195268179,0.7046003328422772,55.25316286477357,2.201018100665845,6.286012066912383,3.6835441909849047,1.0234495479656875,39.361202313210185,2.206336980251222,4.755618743264398,3.5782911193827442,0.7127038741868666,114.91557351290109,1.2645943569520166,3.914975316373624,1.6185292044070576,0.593499386239149,118.56935126096158,1.2158647363497286,3.914975316373624,1.7696918098650982,0.6118901004462847,74.3377849747857,2.201018100665845,6.286012066912383,2.7532512953624337,0.7941152711510093,130.10927067621807,1.2158647363497286,3.914975316373624,1.5675815744122659,0.4883511367534363,29.870493953936197,0.010048430805545294,3.2208180500492363,0.5062795585412915,0.6491550729539202,279.6792451747158,0.4875453842087154,9.624637466175272,4.740326189401962,1.5578562453469953,309.54973912865205,1.4233292983879098,10.328843325627354,5.2466057479432555,1.612096069337301,15.142745406493194,0.01328377017242488,3.1547038764257262,0.7969866003417471,1.0428639282418757,150.86627704651482,1.3270708621903395,16.487286613465585,7.9403303708692015,3.587332992118489,166.00902245300801,1.7233925280624725,19.558108140892486,8.737316971210948,3.865795057035946,5.851892830279474,0.05327492142430046,1.3467431367256069,0.5851892830279474,0.4395359350096641,64.05812183444777,4.641128949886706,10.637473835640776,6.405812183444778,1.659490057769459,69.91001466472724,5.2837078924837595,10.722357988654068,6.991001466472724,1.4512285898841686,33.80196490520645,0.010089645722349161,4.388132114787872,0.48988354935081807,0.7604555168425923,310.583593823083,0.4875453842087154,9.908517882950264,4.501211504682362,1.412075380620995,344.3855587282895,1.4230644903956313,10.328843325627354,4.991095054033181,1.4959899841893078,34.54048458827818,0.012690044896307207,3.9633169862075235,0.4485777219256907,0.6622623190629592,298.2375472827114,0.4875453842087154,6.915923113819417,3.8732148997754723,1.1518161888585343,332.7780318709896,1.4233292983879098,7.186588630624621,4.321792621701164,1.1641013342710327,18.873710949070876,0.013104254836067142,4.418087548571982,0.6740611053239599,0.9441886017128435,140.4784375208717,1.3270708621903395,11.248312739849325,5.017087054316846,2.2387632204255556,159.35214846994256,1.7233925280624725,12.605902970085477,5.691148159640806,2.4722688197204574,37.887675713860105,0.010089645722349161,4.215499478219549,0.479590831821014,0.7612923627809464,307.1714949464015,0.4875453842087154,7.244549107750572,3.8882467714734363,1.3903497187841172,345.0591706602616,1.4230644903956313,7.394630727938975,4.367837603294451,1.30118479756668
c<A>r<47>R<PRO>,110.52149162825468,1.3327510306705823,3.7256714661300396,1.7826047036815271,0.5988494158535858,49.62718941037194,2.2313587486493325,5.824578014749026,3.544799243597996,0.9418245075951376,55.97495519006481,2.1650494564197786,5.210472242770115,3.9982110850046295,0.901927369638986,120.08081544251641,1.2962103490138146,3.7256714661300396,1.5594911096430704,0.46565176255463775,127.96152977393996,1.182454250904736,3.7256714661300396,1.6618380490122073,0.5366742952939576,78.6186073725884,2.1650494564197786,4.460502095933884,2.710986461123738,0.6207894888214077,137.54471052484345,1.182454250904736,3.7256714661300396,1.495051201356994,0.39660771242689913,35.0890496808567,0.010048430805545294,2.3061146407740756,0.474176347038604,0.5755706821166647,331.0960303632385,0.4875453842087154,6.774517614967635,4.474270680584304,1.1481924463614115,366.18508004409523,1.4233292983879098,7.1181871950728635,4.948447027622908,1.1680813504919472,12.244088692644356,0.02610601637808685,3.6847993323739807,0.8745777637603112,1.133776526943288,97.80340928619967,1.3270708621903395,11.846109263821063,6.985957806157119,2.3580760189183483,110.04749797884404,1.7233925280624725,13.563286258716001,7.860535569917431,2.7936288966212954,12.581668469326708,0.05327492142430046,1.7582161340944964,0.6621930773329846,0.518634568887287,161.48194611500088,4.7089964531560895,20.98377841799197,8.499049795526362,3.584805626183877,174.06361458432758,5.392022738951736,21.05937424247277,9.161242872859347,3.331608832440136,34.238379907970696,0.010089645722349161,2.0190866591626513,0.3890724989542125,0.499687951814077,376.1051769883073,0.4875453842087154,6.957632695579605,4.273922465776219,1.1616055029132228,410.34355689627796,1.4230644903956313,6.967994470060644,4.662994964730431,1.1094425768905034,41.43804050266213,0.012094667751050281,3.0918399949050883,0.47088682389388786,0.5995760414256286,343.0536244960585,0.4875453842087154,6.915923113819417,3.8983366420006647,1.0493884451209354,384.4916649987206,1.4233292983879098,7.186588630624621,4.369223465894552,1.0444564944713504,21.101104531673172,0.02610601637808685,3.447123473460586,0.7033701510557724,0.9267733045374263,172.26322327142532,1.3270708621903395,12.889737319971175,5.742107442380844,3.2576457930706875,193.3643278030985,1.7233925280624725,12.928577531753373,6.445477593436617,3.345042110913691,42.727311053866146,0.010089645722349161,3.2712778128812374,0.47474790059851274,0.6152113974873529,330.083509362096,0.4875453842087154,6.321935278892852,3.6675945484677333,1.1461029348369443,372.81082041596216,1.4230644903956313,6.392561692385348,4.142342449066247,1.0927023432992322
c<A>r<48>R<ARG>,101.986472154856,1.35093487956605,4.233712922771631,1.888638373238074,0.7265566714865833,52.991299152654456,2.2313587486493325,4.560712766629929,3.3119561970409035,0.689415814347504,47.68831436270952,2.1650494564197786,4.769105326738406,3.97402619689246,0.7088313056503541,114.52522049011085,1.2962103490138146,3.59433761792383,1.6130312745086035,0.5293750583233418,118.55617004496847,1.2158647363497286,3.748493370568407,1.7694950752980367,0.6608526609023604,77.7334946991286,2.1650494564197786,4.259051508283773,2.6804653344527103,0.5076960183767693,130.74854019086624,1.2158647363497286,3.59433761792383,1.5565302403674552,0.46923992366043,33.13744311173355,0.010048430805545294,2.3061146407740756,0.5177725486208368,0.6000940584393982,295.6672162892897,1.439431825660904,6.967232227539398,4.619800254520151,1.1810928554593698,328.80465940102323,1.5728438210219116,7.365816387331673,5.137572803140988,1.2613983832887843,10.85218719909216,0.02610601637808685,3.1547038764257262,0.6028992888384533,0.7544825837419566,129.17331695435837,1.3270708621903395,11.846109263821063,7.176295386353242,2.206667753685619,140.02550415345053,1.7233925280624725,12.491727714270919,7.779194675191696,2.2514728540277265,16.178435161940456,0.03902947644851196,2.673320329354695,0.9516726565847327,0.763211989105558,131.88968054853177,5.6539774078219125,12.748686559604948,7.75821650285481,2.2021754674081366,148.06811571047226,6.258309036357032,13.325978624589457,8.709889159439545,1.908078834056988,33.174106310576605,0.010089645722349161,2.300835122532215,0.43650139882337635,0.5477299631569444,322.86585625557757,0.5889238058398405,6.967232227539398,4.248234950731284,1.1590839262336825,356.0399625661542,1.5120025131109414,7.365816387331673,4.684736349554661,1.1555618690146747,39.37481909038346,0.013368410518299179,3.0918399949050883,0.49841543152384127,0.6103273123435353,301.7274366257524,1.439431825660904,6.279501747997756,3.8193346408323086,0.973124564523678,341.1022557161358,1.5728438210219116,6.3210806155376,4.31775007235615,1.0316863322192895,21.672513727205853,0.01188227885275328,4.207587958102756,0.6567428402183592,1.0396889146955908,177.57214561547954,1.3270708621903395,12.889737319971175,5.380974109559986,2.720357049471771,199.2446593426854,1.7233925280624725,12.928577531753373,6.037716949778345,2.7277990760383153,38.962177075596685,0.010089645722349161,2.54461262652209,0.44784111581145614,0.5416190457070192,315.7391847080341,0.5889238058398405,6.000277541450714,3.6291860311268285,1.0219943828610665,354.7013617836307,1.5120025131109414,6.205779883874168,4.077027146938284,0.9898425859061216
c<A>r<49>R<ALA>,92.83475985645846,1.3225953446581264,3.420829754239442,1.7191622195640457,0.4559482846033982,36.82000557860239,2.6706120331878744,4.371244528607647,3.3472732344183993,0.5925344005181467,46.973868866339416,2.1650494564197786,4.769105326738406,3.9144890721949515,0.6739767974621892,100.02456716220588,1.3099642591191403,3.420829754239442,1.5155237448819072,0.30981112794325366,114.12192232344293,1.182454250904736,3.914923630054806,1.6782635635800431,0.5321191315891695,69.20675059313538,2.1650494564197786,4.687672182238126,2.768270023725415,0.7241498044372051,120.34108044183151,1.182454250904736,3.914923630054806,1.504263505522894,0.37980225668948164,29.08361242419505,0.010792896716676381,3.305268549500166,0.581672248483901,0.7536788104400903,212.45972474372894,0.49190224478593336,6.967232227539398,4.249194494874579,1.3434002225290793,241.543337167924,1.370508216225503,7.220486202014446,4.83086674335848,1.4009030530394309,2.510132168606245,0.03467799472013411,0.8175562808098533,0.3137665210757806,0.33065975246262114,72.87916886173548,5.774981765209532,14.08396081867636,9.109896107716935,2.880331272081984,75.38930103034173,5.8858055405327185,14.135301542544848,9.423662628792716,2.9708166087567847,13.417795120728393,0.01976471748685782,2.914744065483177,0.7454330622626885,0.7101599372135822,206.11591665282907,4.7089964531560895,22.242278521011485,11.450884258490504,5.855306627930036,219.53371177355746,5.392022738951736,22.262043238498343,12.196317320753192,5.912366354376863,26.421421234342816,0.010089645722349161,2.2316240697287615,0.44782069888716636,0.5924765920333505,234.4757870552977,0.49190224478593336,6.967232227539398,3.9741658822931814,1.3788692732232266,260.89720828964056,1.370508216225503,7.220486202014446,4.421986581180349,1.3408025144647546,36.14096302232493,0.013368410518299179,3.041813966054675,0.5237820727873178,0.6774075587964965,267.45234486994144,0.49190224478593336,8.834175031513269,3.876120940144079,1.3475266949769067,303.59330789226635,1.370508216225503,9.743835170521155,4.3999030129313965,1.3939049633058918,11.600175719170117,0.01188227885275328,2.5485675251005233,0.3741992167474231,0.5491032605644025,198.207349443804,2.532099334896202,12.889737319971175,6.393785465929161,3.2238889654503233,209.80752516297412,2.6915783004463893,12.928577531753373,6.767984682676585,3.2495089026632513,34.44909095329001,0.010089645722349161,2.4447670876957748,0.4719053555245207,0.5955711810936722,265.28771698767537,0.49190224478593336,8.834175031513269,3.6340783148996625,1.3930689638889315,299.7368079409654,1.370508216225503,8.865428376123466,4.105983670424183,1.3429823326158359
c<A>r<81>R<LEU>,126.329943317018,1.3322785112858324,4.189038070132754,1.8308687437248987,0.7349670585729763,36.72666858593249,2.7174370629271345,4.365309411967018,3.060555715494374,0.5827998727182215,70.70960767240818,2.7724034252472523,5.613144428126224,3.9283115373560102,0.7472154671648049,135.13209060201206,1.246705107309863,4.189038070132754,1.6479523244147811,0.640224344821645,151.29149425256918,1.201890133614305,3.680873231810404,1.719221525597377,0.6336922155821854,90.45647823308106,2.2163868179948305,5.613144428126224,2.9179509107445503,0.8677202284237027,159.21986278352648,1.201890133614305,3.680873231810404,1.5764342849854107,0.5163614073910795,50.24574291384615,0.01005031868278472,3.414714375453097,0.6789965258627858,0.8153997361115957,354.66741583099275,0.4900400933838682,9.38266506801034,4.792802916635037,1.5283327529508521,404.91315874483894,1.8183752094592758,9.864687556544153,5.471799442497823,1.3848735040993188,6.735701973383844,0.0190862431849963,3.0842550086667186,0.561308497781987,0.847624338586082,72.00720770304525,5.058101909015172,7.131291304744778,6.000600641920438,0.5609846959858467,78.7429096764291,5.451997388146504,8.14235691768189,6.561909139702425,0.9147544527047985,29.253571613588797,0.02027288455538745,3.3588507005813106,0.9436636004383483,0.8700624618087444,272.37445611545905,4.867591392395298,15.21667405563818,8.786272777918034,3.5070580920036876,301.62802772904786,4.923831887027451,15.7360543524489,9.729936378356383,3.654900802047262,49.538994587973484,0.01005031868278472,3.2633643797972542,0.5694137308962469,0.7233610903440018,375.01961363977966,0.4900400933838682,9.23511857865924,4.3105702717216055,1.3523458021137311,424.55860822775315,1.8183752094592758,9.262213710167682,4.879984002617852,1.2823587944878991,59.02932428070968,0.010045330613865033,3.371534610002387,0.5568804177425442,0.7100734127933541,424.00115328712826,0.4900400933838682,13.690977673920315,4.000010880067248,1.6659325654423471,483.03047756783786,1.8183752094592758,14.90033919376489,4.556891297809791,1.6921707131445118,31.254039012077424,0.012302458964203566,3.933339238542473,0.5483164738960952,0.6543292769194293,309.1355006559686,2.0175169374542747,15.21667405563818,5.423429836069625,4.099521641286069,340.389539668046,2.662105523574561,15.7360543524489,5.971746309965719,4.314910206420222,58.21226975693966,0.010331376967272377,3.371534610002387,0.5340575207058684,0.6577974225673325,403.26037618090515,0.4900400933838682,13.690977673920315,3.6996364787239004,1.7085676778441337,461.4726459378449,1.8183752094592758,14.90033919376489,4.23369399942977,1.7304032346801401
c<A>r<82>R<ARG>,106.46697499132563,1.3322785112858324,3.580817218691376,1.8045249998529767,0.5369596842391178,51.59860381989478,2.1609034584230913,4.365309411967018,3.035211989405575,0.6515404941937508,57.494417798869996,3.186817403683159,4.2444812105180585,3.5934011124293748,0.28910112819348976,116.71854181215109,1.246705107309863,3.5478197093153843,1.5158252183396246,0.3794932205122951,131.60360909667804,1.201890133614305,3.6220813677057233,1.7316264354826059,0.5717268167853938,87.84062786842873,2.1609034584230913,3.951550962994983,2.583547878483198,0.39372596673125815,140.1334858921684,1.201890133614305,3.3295979239046867,1.4907817648103021,0.3576832810405644,36.32804898457643,0.01012837132941069,2.9898814447238493,0.6054674830762737,0.7614947985371744,288.7356153521182,0.4900400933838682,9.610324272377031,4.812260255868637,1.3217275294621338,325.06366433669467,1.3412237261824016,9.960853810584034,5.417727738944911,1.2494053315036526,15.105095274738183,0.013395053022247083,5.835294274365296,0.8391719597076768,1.4159919071714957,118.98001943312457,1.3336543219266446,12.61100980518302,6.610001079618032,2.6736616329607914,134.08511470786274,1.7331791348178434,13.137245027463196,7.449173039325708,2.772852399014423,18.657056127341434,0.02027288455538745,3.3588507005813106,0.7773773386392264,0.7937988073203858,177.18721231907116,4.056557357269767,15.57928868927852,7.382800513294632,2.92715536558746,195.84426844641263,4.923831887027451,16.00197929969994,8.16017785193386,2.792777228849496,34.866716264291995,0.01012837132941069,2.9898814447238493,0.4842599481151666,0.6736123744896004,304.15703135092076,0.4808995614072309,7.999459554020234,4.224403213207233,1.2484284657819373,339.02374761521276,1.3179594510513384,8.328114924257019,4.7086631613223995,1.2171709268685489,45.03142998787418,0.010045330613865033,2.8901949860836345,0.4790577658284488,0.5901322239696528,356.65555146331144,0.4900400933838682,7.8661068143392185,3.7942079942905473,1.1693844501150632,401.68698145118566,1.3412237261824016,7.876985226753439,4.2732657601189965,1.230249170793386,26.79674232348112,0.012302458964203566,3.892552586755534,0.47851325577644854,0.6784705919077506,190.7916146681581,1.3336543219266446,6.891394809097619,3.4069931190742517,1.155275556711953,217.58835699163924,1.7331791348178434,9.13637201287024,3.8855063748507006,1.3609430935124895,42.43523707007639,0.010375797877765436,2.8016782899384207,0.4466867060008041,0.5214972541206204,333.0693227829154,0.4808995614072309,7.8661068143392185,3.5059928713991093,1.2891589532099454,375.50455985299175,1.3179594510513384,7.876985226753439,3.952679577399913,1.2585928371625577
c<A>r<85>R<TYR>,69.94499918137193,1.3322785112858324,3.6863274740374883,1.748624979534298,0.5730044068983724,37.187940154097646,2.7174370629271345,7.6353639554078825,3.7187940154097645,1.4862411865390925,46.10043775857099,2.560461205062224,6.699334512979347,3.8417031465475824,0.9548196413078512,77.65895742620528,1.246705107309863,3.6863274740374883,1.5227246554157898,0.43124562982571346,87.67351486372668,1.201890133614305,3.680873231810404,1.6542172615797486,0.5521435358367566,64.82682751855184,2.2228118250530384,6.2300809756649675,2.818557718197906,0.9168282671464582,94.43546781690348,1.201890133614305,3.680873231810404,1.475554184639117,0.3599526506284268,20.188589713047918,0.012421416185405931,2.6017355103796955,0.6117754458499369,0.7102597620795792,154.0972777258706,0.4950768433391204,6.093746113968045,4.6696144765415335,1.0010687192157268,174.28586743891856,1.8183752094592758,6.330301957785307,5.2813899223914715,0.840842764298817,4.9365931035970885,0.0190862431849963,3.0842550086667186,0.7052275862281555,1.0130794364493763,41.93355058203418,5.058101909015172,7.131291304744778,5.990507226004882,0.6661423993586747,46.87014368563126,5.451997388146504,8.14235691768189,6.695734812233037,0.9857100067262118,13.237174106673995,0.02027288455538745,3.3588507005813106,0.9455124361909997,0.934870638433031,109.46370649650768,5.238221558223845,14.603186806386148,7.818836178321978,2.760934445646673,122.7008806031817,5.73228655609474,15.49807423840803,8.76434861451298,2.7933803184811823,20.032500498087366,0.010290674687809975,2.603496175443829,0.5723571570882104,0.6833477801544372,141.3499229876977,0.4950768433391204,5.238025604380766,4.038569228219934,0.9355982902165457,161.38242348578507,1.8183752094592758,6.102133654965578,4.610926385308145,0.9661518180945605,24.683679545062596,0.019012963448851394,2.771618793158914,0.4839937165698548,0.5838755647175657,190.36889998101952,0.4950768433391204,6.0464018385827245,3.7327235290395984,1.0235117535261835,215.05257952608213,1.8183752094592758,6.102133654965578,4.216717245609454,1.0556941112331015,13.70541556718695,0.012894519595490372,2.0360856853579286,0.4282942364745922,0.45578669363094587,143.2132757624944,2.0967700051641254,14.603186806386148,4.47541486757795,3.062754526028307,156.91869132968134,2.662105523574561,15.49807423840803,4.903709104052542,3.1932869328160653,23.09280277720925,0.010375797877765436,1.8642674038622795,0.461856055544185,0.5267269852698594,174.29803040105202,0.4950768433391204,5.663338937681658,3.48596060802104,1.1020535258496382,197.3908331782613,1.8183752094592758,6.102133654965578,3.947816663565226,1.0928220810986902
c<A>r<86>R<ASN>,47.19065160227608,1.3820869603069503,2.481010345072333,1.7478019111954102,0.4123274249745452,32.095010553003114,2.7174370629271345,5.31785588287622,3.5661122836670125,0.9549200290500393,36.84099646541934,3.2952530686890302,4.945030430655251,3.6840996465419336,0.46565805543489336,53.623918902685695,1.246705107309863,1.5814848668528485,1.4492951054779917,0.0847166000226599,62.6212468481278,1.201890133614305,3.049467958056485,1.647927548634942,0.4733030075011786,53.655391248593254,2.2228118250530384,4.054676258510915,2.682769562429663,0.526485573313677,68.91896658123834,1.201890133614305,2.9139203907574105,1.4358118037757988,0.24397017364411203,9.615401456540969,0.018671967338807605,2.4286915149078787,0.5341889698078316,0.6411820140653502,88.90440195560464,3.4945241907763034,6.093746113968045,4.9391334419780355,0.7479266393058613,98.51980341214562,4.36244647861258,6.330301957785307,5.473322411785868,0.5644607029094518,7.840684908292166,0.013395053022247083,3.0842550086667186,0.7840684908292166,1.1004975748254442,74.77044330318016,5.058101909015172,12.458546626228383,7.477044330318016,2.106724528129551,82.61112821147233,5.722656118689296,12.47194167925063,8.261112821147233,2.048310158168998,8.939564012312372,0.02027288455538745,1.7985570980187155,0.7449636676926977,0.6534686169651835,90.44749983454483,5.238221558223845,12.977705128951172,7.537291652878736,2.4406892605827566,99.3870638468572,5.73228655609474,13.262909730808557,8.282255320571434,2.2676186677820627,8.503293129812047,0.010290674687809975,1.8789599198549638,0.47240517387844705,0.520098608144386,71.4999158501636,1.8461160477425125,4.938530579967094,3.9722175472313115,0.6830334692428319,80.00320897997565,1.8580599060470755,5.416206176390219,4.444622721109758,0.8207533577155681,12.70818948935378,0.01956921664966904,1.682033369331954,0.3737702790986406,0.42831386284072864,119.16303705120706,1.900849043626459,6.0464018385827245,3.504795207388443,0.9119311623934723,131.87122654056085,2.0592377998708846,6.098147460735478,3.878565486487084,0.9196156334118363,10.351201993799368,0.012894519595490372,1.5808930062701525,0.33390974173546345,0.31721790921911036,122.81755203159543,2.0967700051641254,8.802294193534763,3.9618565171482394,1.823708886254437,133.16875402539483,2.662105523574561,9.13637201287024,4.295766258883704,1.7848396908587556,12.89909959115375,0.011199206132843642,1.6012004303148974,0.44479653762599136,0.46249014287570817,87.87982049833452,1.8461160477425125,4.938530579967094,3.030338637873604,0.8695219295651626,100.77892008948828,1.8580599060470755,4.963927670260304,3.475135175499596,0.8821657276643551
c<A>r<87>R<GLN>,68.57651591266648,1.3434324027399531,3.6094415868494885,1.853419348990986,0.5746115554625107,50.6120230074948,2.1609034584230913,4.793271436026098,3.163251437968425,0.7927518753511172,40.171653649459856,3.2952530686890302,4.2444812105180585,3.6519685135872595,0.30139315985229764,82.7975671037742,1.246705107309863,3.5478197093153843,1.5332882796995222,0.4372709172639655,83.4826103086667,1.201890133614305,3.474031917340145,1.7037267409931978,0.5424089049536702,73.43303105668467,2.1609034584230913,4.004878655429573,2.6226082520244525,0.4805938097886522,96.88706587762717,1.201890133614305,3.3295979239046867,1.4679858466307145,0.3368591111913926,17.261638898194857,0.018671967338807605,2.5021736985884395,0.6639091883921099,0.7091562689099516,134.48275291349822,1.2189244291389656,11.113824680786426,5.172413573596085,1.850566632492544,151.74439181169308,1.3412237261824016,11.240055706564252,5.836322761988195,1.7787165885360106,17.955062674101143,0.013395053022247083,5.835294274365296,1.1970041782734095,1.7545619195154127,100.54594590887724,1.3336543219266446,12.61100980518302,6.703063060591816,2.9122535717541735,118.5010085829784,1.7331791348178434,13.137245027463196,7.900067238865227,2.9949236873821894,11.014027380914602,0.02027288455538745,3.3588507005813106,0.8472328754549694,0.9503953706318248,103.41780011660846,5.238221558223845,12.977705128951172,7.9552153935852665,2.7253847423536306,114.43182749752307,5.73228655609474,13.888280586371968,8.802448269040237,2.5947324782656103,20.129880230713304,0.011943858304563015,3.040336180594,0.5591633397420362,0.7772661418258326,143.70425139134755,0.4808995614072309,7.999459554020234,3.9917847608707655,1.394375922628295,163.83413162206088,1.3179594510513384,8.546251745313292,4.5509481006128025,1.5677203057875078,20.24081943384629,0.018413691070640503,2.8387408322831567,0.4819242722344355,0.5780883562192334,152.18297330817276,1.2189244291389656,6.911386904540237,3.623404126385066,1.1783829335584377,172.42379274201906,1.3412237261824016,7.681851585394581,4.105328398619501,1.337972140273119,19.067049359626584,0.012894519595490372,3.892552586755534,0.48889870152888676,0.7280056517259347,147.26979136750936,1.3336543219266446,6.891394809097619,3.776148496602804,1.3093910380545022,166.33684072713592,1.7331791348178434,9.13637201287024,4.265047198131691,1.5906282701491365,21.00998067676825,0.010375797877765436,1.8046188917550587,0.40403808993785095,0.4792700028507529,174.056531243449,0.4808995614072309,7.092340197627923,3.3472409854509424,1.2773875926667992,195.0665119202173,1.3179594510513384,7.253578037216963,3.751279075388794,1.3154692399658034
c<A>r<88>R<SER>,54.566602454158726,1.4717244050260103,3.9131206264038765,1.881606981177887,0.6191691132815501,37.615914955611025,2.242557121592808,4.793271436026098,3.419628632328275,0.8628990242195599,46.518734400420996,2.213575319307606,5.5294822734849935,3.876561200035083,0.8033081873212946,63.27280789125085,1.246705107309863,3.474031917340145,1.5432392168597768,0.4290387166307091,71.69078794882576,1.1920484651649725,3.369388134817565,1.7069235225910895,0.5638788031939833,64.16568424974085,2.1903201928731084,4.004878655429573,2.6735701770725355,0.535222590983255,79.89689644773598,1.1920484651649725,3.369388134817565,1.4795721564395552,0.361803090670991,12.669987978691232,0.018671967338807605,6.8878054965639635,0.904999141335088,1.6990657470221575,73.59785981665974,3.553103892366991,9.610324272377031,5.256989986904267,1.540704323521944,86.26784779535097,4.36244647861258,10.440909388930955,6.161989128239355,1.8711368106893864,7.7098183599925685,0.18064442131294278,4.541832842421147,1.1014026228560811,1.44813844580784,55.85298026605658,1.3336543219266446,12.61100980518302,7.9789971808652265,3.741652892833559,63.562798626049144,1.7331791348178434,13.137245027463196,9.080399803721306,3.6321722653973514,6.544719217430945,0.06186426993641092,1.3064630778874466,0.46747994410221033,0.34382378436268984,132.06278444600673,4.814597388986748,17.21055407511033,9.433056031857623,3.4019292441402573,138.60750366343768,5.81275534788161,17.40034466448475,9.900535975959835,3.205041782607979,12.188971816608266,0.010030308571002955,4.993147852946301,0.5804272293622984,1.082302243728212,87.89383179470532,1.6911579276497584,7.999459554020234,4.185420561652634,1.463868950575755,100.08280361131361,1.719695660472678,8.546251745313292,4.7658477910149335,1.732876764680403,14.129214199274045,0.018413691070640503,4.66462714472007,0.5046147928312159,0.8707327463170023,109.65605887008198,1.7602105156629229,6.911386904540237,3.916287816788642,1.3582635642593688,123.78527306935602,1.7786242067335634,7.681851585394581,4.420902609619858,1.5529114140476792,12.666368791882228,0.012894519595490372,4.4078199443947454,0.5277653663284262,0.8979514505202454,104.92596612122492,1.3336543219266446,7.643793553196193,4.3719152550510385,1.6529398937826774,117.59233491310714,1.7331791348178434,9.13637201287024,4.899680621379464,1.9784939052700066,14.625000134282763,0.011199206132843642,3.7240186836109643,0.45703125419633633,0.7642952189730379,110.10030081492562,1.6611273865135026,7.092340197627923,3.4406344004664255,1.3443554987006707,124.72530094920839,1.719695660472678,7.253578037216963,3.897665654662762,1.456207329554013
c<A>r<90>R<ALA>,52.37670672261064,1.49526753102676,3.9658513138129607,2.014488720100409,0.7277579271590672,29.795636245735345,2.600890561057699,5.410637347020352,3.724454530716918,0.9215750560467776,29.19312822400021,3.3279846234329677,5.5294822734849935,4.1704468891428865,0.6469729703453927,57.03716435248011,1.3020580130141848,3.645887725980116,1.6296332672137175,0.57822728322085,61.209230800515506,1.1920484651649725,3.369388134817565,1.800271494132809,0.6310768294349333,46.70765019545214,2.1903201928731084,4.847699041846878,2.9192281372157587,0.8239939365106714,66.47010780299743,1.1920484651649725,3.369388134817565,1.545816460534824,0.5001012358844281,9.514016287059327,0.023449462450026992,3.529522484390718,0.6795725919328091,0.8520758423002942,60.305633452561196,1.5020264773120984,9.610324272377031,4.307545246611514,1.9368065118103315,69.81964973962054,1.618138219231682,10.440909388930955,4.987117838544324,2.3719089911849487,3.580912295560731,0.06498130436564153,2.1017324728451605,0.7161824591121462,0.7468616759486195,49.40728643333425,5.505915564719292,13.48179157483436,9.88145728666685,2.942941381610026,52.98819872889497,6.311099036270342,13.564571399353063,10.597639745778995,2.6221415187610613,3.1207303182878086,0.10155472968767931,0.9981579588948621,0.5201217197146347,0.3142694848628415,47.509313819539486,4.814597388986748,11.053313323866007,7.918218969923248,2.401255285857107,50.6300441378273,5.81275534788161,11.379731527876842,8.438340689637883,2.2036256263001683,8.295975664491344,0.010030308571002955,2.0891592014954874,0.4608875369161858,0.5389475075155088,78.78954506671629,0.5897515106115316,7.999459554020234,4.377196948150905,1.9047955380437689,87.08552073120764,1.5491442016429116,9.000546106035724,4.838084485067091,2.06003264043629,9.25997492135674,0.01380082277837058,1.184707951597617,0.3703989968542696,0.37799765889668596,93.88356971619511,1.5020264773120984,6.911386904540237,3.7553427886478046,1.4476779056355384,103.14354463755186,1.618138219231682,7.594879869000575,4.125741785502075,1.5157034487196361,6.944351831854352,0.02198688678986649,2.183073722467629,0.4629567887902901,0.5967580435252371,80.57723981324665,2.1768013787085607,8.72949003338762,5.371815987549777,1.9267580024008948,87.521591645101,2.4820044157419163,8.940395324584415,5.834772776340066,2.0597031106039445,9.881039762529497,0.01380082277837058,1.4974236981707696,0.38003999086651913,0.463039139383573,90.61461419641188,0.5897515106115316,7.092340197627923,3.4851774690927644,1.4469825304977042,100.49565395894135,1.5491442016429116,7.321269616259478,3.8652174599592826,1.474359120800743
c<A>r<91>R<GLY>,72.83390750249823,1.3434324027399531,4.193388438940124,2.023164097291618,0.7285213643141519,37.41273308598235,2.1609034584230913,5.410637347020352,3.401157553271123,0.8317162367185981,33.824431569076125,2.80887872760479,4.335716871075092,3.7582701743417917,0.47289189395978987,80.02014102249767,1.246705107309863,4.193388438940124,1.6670862713020347,0.6591084951615159,83.21227793050716,1.1920484651649725,3.3807175811989563,1.8089625637066773,0.5819224958975054,56.33205102206579,2.1609034584230913,3.768538998238984,2.682478620098371,0.47031978083790144,90.39851145050659,1.1920484651649725,3.3807175811989563,1.5585950250087344,0.47345943251853306,18.777867959133378,0.015288637425065588,7.423684948256444,0.6706381413976207,1.3548443478738965,138.71482023989302,1.2189244291389656,13.884540488192272,4.954100722853322,2.49188541033649,157.49268819902642,1.3412237261824016,14.055369010864965,5.6247388642509435,2.630009088704322,6.37736017598856,0.017005695489361372,2.1017324728451605,0.7085955751098401,0.6797327836847351,67.87752005314795,3.759681020343667,13.48179157483436,7.541946672571994,2.8985356120536085,74.25488022913649,3.975433114071393,13.564571399353063,8.250542247681832,2.978363453902572,5.738567057057522,0.025732286616901412,2.059745752038271,0.6376185618952802,0.5990090588739532,60.965243427195574,4.288816770805397,14.339310451826677,6.773915936355063,2.9404844071225376,66.7038104842531,4.314549057422298,15.152706558733989,7.411534498250344,2.953111583132786,17.328333384347605,0.010030308571002955,5.529027304638781,0.5975287373912967,1.0248470220557255,131.33089594443084,0.4808995614072309,13.884540488192272,4.528651584290719,2.381503774724543,148.65922932877845,1.3179594510513384,14.055369010864965,5.126180321682016,2.3939302277538608,19.10775317100747,0.013042593722286,4.66462714472007,0.4660427602684749,0.7785786237257698,155.70251406935918,1.2189244291389656,7.034127569209332,3.797622294374614,1.3614587773465616,174.81026724036664,1.3412237261824016,7.681851585394581,4.263665054643089,1.4921752725924722,13.25656990829785,0.017005695489361372,3.314384103980408,0.5523570795124104,0.7739552539849317,112.03085867765171,2.1768013787085607,8.72949003338762,4.667952444902155,1.7263178969918673,125.28742858594957,2.4820044157419163,9.16023549003313,5.220309524414565,1.861535571078215,18.775831537356982,0.01380082277837058,3.7240186836109643,0.46939578843392454,0.7147855336953489,142.8143340649586,0.4808995614072309,7.092340197627923,3.5703583516239648,1.3806677736892359,161.59016560231558,1.3179594510513384,7.253578037216963,4.039754140057889,1.385771187400704
c<A>r<92>R<SER>,79.01642449152851,1.3434324027399531,5.926600454468018,2.1355790403115815,0.9918771358463759,33.44208639472645,2.1609034584230913,4.283566992850345,3.344208639472645,0.5957357707914942,57.4259468092771,2.1961986638087625,5.529210840492547,3.8283964539518065,0.7859236766208927,84.32621432987615,1.3020580130141848,5.926600454468018,1.75679613187242,0.8954721143513309,103.60808044588399,1.1920484651649725,5.202130284259848,1.9548694423751696,0.8882038648556977,71.37567770758945,2.1609034584230913,5.529210840492547,2.7452183733688247,0.6663815434384283,108.99337254286507,1.1920484651649725,5.202130284259848,1.7030214459822668,0.8072493205693357,19.508686026184954,0.010127030272879978,1.7564547558081252,0.48771715065462384,0.5532033693147722,221.86160526611013,1.2189244291389656,12.373655666670004,5.546540131652753,2.4543789552248008,241.37029129229506,1.3412237261824016,13.399126999529816,6.034257282307377,2.629949952528617,5.228452840376486,0.017005695489361372,3.1395373067228647,0.6535566050470607,0.9837697437691949,58.611430026049206,4.781862693867371,13.48179157483436,7.326428753256151,2.7686736319087655,63.83988286642569,4.798868389356732,13.564571399353063,7.979985358303211,2.8120510487742343,13.478255626708425,0.025732286616901412,2.059745752038271,0.6739127813354212,0.6672929605790627,156.21405900735158,4.098322802635266,14.976881569871935,7.810702950367579,3.415183844660398,169.69231463406,4.314549057422298,15.005901583687098,8.484615731703,3.39249297664465,19.228732319289083,0.010030308571002955,1.7578820159172865,0.549392351979688,0.5087098696474476,183.11814405883885,0.4808995614072309,12.373655666670004,5.2319469731096815,2.551856124956352,202.34687637812794,1.3179594510513384,13.399126999529816,5.78133932508937,2.70000754459987,25.045175679240046,0.010237138096830467,2.0859509113707198,0.39754247109904833,0.48534516400319044,278.6724343715486,1.2189244291389656,13.873074191413227,4.423371974151565,2.388601789266883,303.7176100507886,1.3412237261824016,13.9181701265062,4.8209144452506125,2.4435429831576605,13.987953180528004,0.01173294329103669,2.0546739928507822,0.45122429614606463,0.5891124883536913,137.7076638866302,2.195416622383391,8.72949003338762,4.442182706020329,1.80357360358423,151.6956170671582,2.6907875632391938,8.940395324584415,4.893407002166393,1.8143687108854236,25.227578514581776,0.010237138096830467,2.16287483179552,0.4671773798996625,0.5810092901798043,228.02995346403748,0.4808995614072309,13.873074191413227,4.222776916000694,2.5819264456490574,253.25753197861923,1.3179594510513384,13.9181701265062,4.689954295900356,2.6069798240456956
c<A>r<93>R<HIS>,108.19205098885608,1.3434324027399531,4.715173989675913,2.003556499793631,0.8626067522361165,42.79988034828048,2.1609034584230913,4.52511364516775,3.5666566956900403,0.592207756554805,55.52223520072348,2.1961986638087625,4.709448692087161,3.7014823467148985,0.6324739149778035,116.92008129886433,1.246705107309863,4.715173989675913,1.7450758402815572,0.7744047567363777,126.31391792201758,1.1920484651649725,4.699806482051712,1.8044845417431084,0.74736063638797,74.66274123087972,2.1609034584230913,4.688071934499678,2.6665264725314186,0.5065407621522982,134.13451526242721,1.1920484651649725,4.699806482051712,1.6160784971376774,0.6273646497296631,37.884084071055156,0.010127030272879978,2.2336742466012502,0.55711888339787,0.6396462449281127,366.4575103502366,0.4900400933838682,13.066963882433,5.389081034562302,2.1688048512736513,404.34159442129175,1.3412237261824016,13.399126999529816,5.946199917960173,2.2345840245737896,5.028558165144291,0.017005695489361372,1.8490995707445883,0.4571416513767538,0.5008842788820629,72.87159059828255,3.759681020343667,10.107119061662424,6.624690054389323,1.9069708731906507,77.90014876342684,3.975433114071393,10.458286431965725,7.081831705766077,1.9321188881772497,15.538787866456705,0.025732286616901412,2.059745752038271,0.7063085393843956,0.635035371686706,145.41877217284483,4.056557357269767,12.861960200777837,6.609944189674764,2.498367642953082,160.95756003930154,4.314549057422298,13.251673895071058,7.316252729059161,2.457892475940723,36.709922294715625,0.010030308571002955,2.020141728299574,0.49608003100967063,0.5776902980624951,372.71282391952946,0.4808995614072309,13.066963882433,5.036659782696344,2.1376879696355116,409.422746214245,1.3179594510513384,13.399126999529816,5.532739813706014,2.200819746329291,41.68846850989887,0.01041568602793852,2.4173309190063703,0.46320520566554296,0.5557612094880652,390.3671053811046,0.4900400933838682,13.066963882433,4.337412282012273,1.8498178619544552,432.05557389100346,1.3412237261824016,13.366192909769705,4.800617487677816,1.8144078059326192,18.24658832730714,0.01173294329103669,2.7358082779871715,0.5068496757585317,0.7048031965662074,167.1863879338896,2.16677737660234,16.707075544433792,4.6440663314969335,2.795047648208765,185.4329762611967,2.9081672291909566,16.906674816343553,5.150916007255464,2.7893301860046735,39.87439344751474,0.01041568602793852,2.180738069592154,0.4746951600894612,0.5857131877754426,352.2219005941467,0.4808995614072309,13.066963882433,4.193117864216032,1.9755180731598045,392.09629404166145,1.3179594510513384,13.366192909769705,4.667813024305493,1.9090853345219967
c<A>r<94>R<THR>,127.58530444537547,1.3434324027399531,3.867583721753829,1.9042582753041115,0.7202620882484173,53.75404826307944,2.1583147109419825,4.963423955184066,3.5836032175386294,0.7566810006389377,80.0706474029053,2.1961986638087625,5.302175422083267,3.812887971566919,0.6988810085295262,136.48356278456944,1.311279081960984,3.7230738610323253,1.6443802745128848,0.5900169318153929,156.79482267075304,1.2116832221681242,3.867583721753829,1.761739580570259,0.6650449650816668,101.51466226573112,2.1583147109419825,4.963423955184066,2.7436395206954356,0.5846784798866832,164.53647180150944,1.2116832221681242,3.6243972456053455,1.5670140171572327,0.5016913789668882,47.802169507100075,0.010127030272879978,3.1747069860376147,0.5311352167455564,0.6484518467741169,459.76243979806594,0.4900400933838682,12.373655666670004,5.108471553311844,1.6797876095178317,507.564609305166,1.3412237261824016,12.742220607373214,5.6396067700574,1.6944994115251983,14.311156649572183,0.017005695489361372,4.9953746484885215,0.7950642583095657,1.3420682239579138,164.39905818023342,4.781862693867371,18.45953508494773,9.133281010012968,3.7620946009688985,178.7102148298056,4.798868389356732,19.917392018469965,9.928345268322534,3.7669625473235504,33.9822545709066,0.01576075843337854,3.709581158827456,0.8091012993072999,0.7165925364517525,309.47822325375614,4.098322802635266,14.462860282807014,7.368529125089432,2.8193023943053155,343.46047782466275,4.314549057422298,14.969132454338084,8.177630424396732,2.8205294228587796,50.635930024701494,0.010127030272879978,3.5094941051986925,0.5564387914802362,0.67264647130831,430.9170803329041,0.4723142501873099,12.373655666670004,4.735352531130815,1.7332224315153533,481.5530103576056,1.3026975675619172,12.742220607373214,5.291791322611051,1.6762897591210755,58.923210471764655,0.012124021935797202,3.1747069860376147,0.4951530291744929,0.6288019112773063,485.1305982419517,0.4900400933838682,10.369039063019557,4.0767277163189215,1.3150620025899664,544.0538087137164,1.3412237261824016,10.829274984962925,4.571880745493416,1.3274726719058816,36.847858338545365,0.010087752592538024,3.7449134531062995,0.6579974703311672,0.9606294876001872,296.78169458492016,2.16677737660234,15.063462651110115,5.29967311758786,2.9797865174016183,333.6295529234656,2.6086155797593706,15.138465620079891,5.957670587919028,3.060739780435006,59.29277607979621,0.010924821531322237,3.6993525964799066,0.543970422750424,0.7164367974224092,421.7440270747268,0.4723142501873099,10.369039063019557,3.8692112575663007,1.482724243918383,481.03680315452294,1.3026975675619172,10.829274984962925,4.4131816803167245,1.4450110387599653
c<A>r<95>R<VAL>,148.97923508905558,1.3094858855399312,3.7230738610323253,1.8622404386131948,0.6883689512529033,60.95058550948589,2.1755808858883623,6.937467740973256,3.809411594342868,0.984664275500636,82.25947853697394,2.6581029915214076,5.257958939320571,4.112973926848698,0.6781735551637933,158.44170892668924,1.3094858855399312,3.7230738610323253,1.63341967965659,0.5948969278163287,175.30239276030733,1.2124481558069111,3.6900246066386293,1.7356672550525478,0.611069534700641,104.65256687014406,2.1755808858883623,4.9493056514114295,2.828447753247137,0.6985068262153828,183.14987612428484,1.2124481558069111,3.6209147061657943,1.5521175942736003,0.46512504718527603,69.79505269838634,0.010127030272879978,3.0243811082155627,0.6231701133784495,0.7602485041319351,530.4711992743098,0.4892219714968178,6.941667503347674,4.736349993520624,1.0903505082003413,600.2662519726962,1.341558986088622,7.313767044818585,5.359520106899073,1.0887930241688526,21.915727326240603,0.010500504678052636,4.9953746484885215,0.9131553052600251,1.244829221631031,206.20331741413162,5.11916337542084,15.848124982437412,8.591804892255483,2.8092567604686827,228.11904474037223,6.166532282536647,17.164707924409623,9.50496019751551,2.851967327181201,39.5602326019798,0.014374628155346514,7.210561672421553,1.041058752683679,1.4909035941569544,280.8904102856639,4.830237166667985,16.31821678790311,7.391852902254313,2.3892833332995087,320.45064288764377,5.570247799236583,16.677345399349374,8.432911654937994,2.7463331458522164,69.90321512792082,0.010127030272879978,2.8378884955064283,0.550419016755282,0.709683330283524,571.6089198976914,0.48373940622786904,7.318833639045806,4.500857636989696,1.0402286692508877,641.5121350256122,1.3261673444241047,7.340391860488678,5.051276653744978,1.0016859676289493,73.95017910247691,0.012124021935797202,3.1395957898305484,0.5207759091723726,0.6428753503690777,560.9431426707731,0.4892219714968178,7.013965739008199,3.950303821625163,1.016073938069118,634.89332177325,1.341558986088622,7.0317972994678755,4.471079730797535,1.0171722241508299,44.499373874705455,0.010087752592538024,6.256855128497609,0.7177318366887977,1.1725890283782177,385.4932423896785,2.050591326325957,15.848124982437412,6.217632941769009,3.1972322989951993,429.99261626438397,2.6086155797593706,16.253556559234557,6.935364778457806,3.305204876498958,72.4260352191854,0.010924821531322237,3.8746104422624015,0.49948989806334754,0.6946456613637743,550.6640420877432,0.48373940622786904,7.013965739008199,3.7976830488809874,1.0761917267270513,623.0900773069286,1.3261673444241047,7.0248905605395215,4.297172946944335,1.0409796454588214
c<A>r<96>R<GLN>,144.36182250683032,1.3094858855399312,3.9884220474085876,1.8273648418586117,0.7031899748297848,66.08134518318342,2.1755808858883623,5.37944747404635,3.6711858435101896,0.6744946356759575,73.59359698098267,3.4708709132476554,5.3718113995052725,4.088533165610148,0.5785945148850967,155.45409338697397,1.3094858855399312,3.533964383294045,1.5862662590507548,0.5218178641537644,172.3805867526497,1.2156986056806172,3.910529111224061,1.7589855791086704,0.6668261568931938,103.34773903648815,2.1755808858883623,5.019487578093511,2.793182136121301,0.602111723392485,181.72836392028896,1.2156986056806172,3.4148077767646634,1.5532338796605893,0.4603458687192537,65.49083331366688,0.010108834399715771,3.0243811082155627,0.6008333331529072,0.7665070835744101,502.3807798202623,0.48776915215353256,6.652521948036338,4.608997980002407,1.2364471508094415,567.8716131339293,1.341558986088622,7.313767044818585,5.2098313131553144,1.2522451177938612,25.544540887719858,0.010500504678052636,4.9953746484885215,0.8808462375075813,1.2846453689625932,241.38651994537702,5.106207000924087,12.654599359925669,8.323673101564724,2.2702969534084425,266.93106083309686,6.166532282536647,14.36860823698215,9.204519339072306,2.2749903519959576,24.517563436995957,0.056998426978099204,2.16163108128287,0.8172521145665319,0.5235792447927993,207.5242880403589,4.830237166667985,15.024314961975506,6.9174762680119635,2.2052996506300873,232.04185147735487,5.8114560027672955,15.230788862589815,7.734728382578496,2.001942346927124,64.42966375085629,0.010108834399715771,3.3343430675035517,0.5113465377052087,0.6915705550856809,550.099820795922,0.48373940622786904,7.318833639045806,4.3658715936184285,1.22865672347859,614.5294845467783,1.3261673444241047,7.340391860488678,4.877218131323637,1.162408737474468,72.66541608458043,0.010108834399715771,2.5548910953885944,0.5190386863184316,0.6003044569432264,551.6143813074177,0.48776915215353256,7.013965739008199,3.9401027236244124,1.0725974155820879,624.279797391998,1.341558986088622,7.0317972994678755,4.459141409942843,1.0717174451463958,38.140757416999776,0.010087752592538024,3.7449134531062995,0.681084953874996,0.9197124198180174,312.73640696946785,2.1248165013275866,11.433444704332032,5.584578695883354,2.4379160667830346,350.8771643864676,3.023433062588959,12.118473774397886,6.26566364975835,2.4621549320525924,69.78425829480531,0.010108834399715771,3.6346073984064784,0.4812707468607263,0.6522212376923039,545.3840122949102,0.48373940622786904,7.013965739008199,3.7612690503097257,1.1685645880544777,615.1682705897156,1.3261673444241047,7.0248905605395215,4.242539797170452,1.0867387464923879
c<A>r<97>R<ARG>,140.32735702057352,1.3094858855399312,3.6285501812309326,1.754091962757169,0.5929659104944217,61.56010099865193,2.145817198734849,5.38853038927032,3.4200056110362187,0.8348092316862781,58.43782392155302,3.340002407085109,5.3718113995052725,4.17413028011093,0.683522152576801,151.69556786930528,1.309279174480688,3.4034202987646056,1.532278463326316,0.42867192557117273,160.67024116394333,1.2156986056806172,3.593097185642373,1.6912656964625614,0.5764988260136259,90.0313800194712,2.145817198734849,4.87246313772544,2.7282236369536728,0.6462342864608839,171.4859061483198,1.2156986056806172,3.4034202987646056,1.5042623346343842,0.4055032176711424,57.84969591879247,0.010108834399715771,2.9505306475781428,0.5509494849408807,0.7315787502746979,481.25458564520477,0.48776915215353256,9.14012806430219,4.583377006144807,1.4385415123982237,539.1042815639972,1.3278428480309103,9.155168916552505,5.134326491085688,1.3907145360478077,20.845338602497527,0.03801472576390097,5.444546975926812,0.7720495778702788,1.2143107518701788,189.75311971531323,1.3738753006746265,11.899285541252539,7.027893322789379,2.051387252038376,210.59845831781075,1.7688229885135578,12.583495914551362,7.799942900659658,2.0814953332388604,16.950599285063657,0.0639101814240739,1.9182139782738226,0.8475299642531828,0.5017871173239037,132.9806411734237,5.608922290452028,10.756616155663323,6.649032058671184,1.4450830992750545,149.93124045848734,6.058927889515415,11.13943807845105,7.496562022924367,1.3006599973108457,60.63074648240612,0.010108834399715771,3.3673770354179116,0.5318486533544396,0.7208855656954105,475.964423311553,0.4788438703008069,7.318833639045806,4.17512652027678,1.2728792016973145,536.595169793959,1.3019176108151869,7.340391860488678,4.7069751736312195,1.2231529043316,61.70038712331204,0.010108834399715771,3.574783040476058,0.48582981986859874,0.6339661851900669,491.0816244926882,0.48776915215353256,7.229587237526175,3.8667844448243165,1.1412921334860509,552.7820116160003,1.3278428480309103,7.374160454327679,4.352614264692916,1.1120486146792967,31.402685693247953,0.010924821531322237,4.037397705934243,0.6542226186093324,0.9867986645453093,247.3048445303716,1.3738753006746265,9.544438328888646,5.152184261049409,2.1606464642492966,278.7075302236196,1.7688229885135578,10.304928973508233,5.806406879658741,2.181080786431205,64.0489719951479,0.010108834399715771,4.053553423190657,0.5003825937120929,0.6999059805792636,467.2381187394242,0.4788438703008069,7.229587237526175,3.6502978026517514,1.2077178965549238,531.2870907345721,1.3019176108151869,7.374160454327679,4.150680396363844,1.1434655702975538
c<A>r<98>R<MET>,142.92685407292896,1.3296912812318002,3.6285501812309326,1.7220102900352887,0.5583404735245924,57.01251626897786,2.145817198734849,7.873320686764125,3.8008344179318576,1.2705147911890193,55.53425003211517,3.388498059672785,6.343604132956403,4.271865387085782,0.7829685666029382,154.3110158419452,1.309279174480688,3.7032052083179696,1.5586971297166181,0.480669387048101,161.9388302302444,1.2048749171136195,3.585626023499046,1.6694724766004578,0.5503586075244619,85.65700205917,2.145817198734849,6.42483659116314,2.953689726178276,1.1025211722128596,172.64344975843997,1.2048749171136195,3.7032052083179696,1.527818139455221,0.45554423857151355,59.500777575020535,0.010438789837285078,3.2746730307115097,0.619799766406464,0.8110492336583319,427.2973941653013,0.4797292331550125,9.14012806430219,4.451014522555222,1.4770731316738501,486.79817174032183,1.3278428480309103,9.155168916552505,5.070814288961686,1.4003236947439162,16.762596472002624,0.013922546817891401,3.7860377916705943,0.7619362032728465,1.0295424278305705,188.0390109874436,5.108926418907686,17.48642979122178,8.547227772156527,3.725299498756553,204.80160745944622,5.726891492257928,18.241427890215697,9.309163975429373,3.6174486527842826,14.618369668768302,0.6367007693649196,1.3204662009302934,0.9745579779178868,0.2494205420087943,93.37061471664651,5.603402420189923,10.32783122068031,6.224707647776435,1.1899832950118157,107.98898438541481,6.465066558908525,11.035510764087551,7.199265625694321,1.1478435323232448,58.16019436603901,0.010658966902714617,3.2746730307115097,0.5539066130098953,0.6954068041298345,451.8286578612551,0.4788438703008069,13.00141265935531,4.303130074869096,1.5909248826816385,509.98885222729416,1.3019176108151869,13.017040578599232,4.857036687878992,1.4819367652436923,61.96723105396575,0.010270674324729612,3.2746730307115097,0.520733034066939,0.6592977850316717,458.1139162238064,0.4797292331550125,6.9375289259189685,3.8496967749899698,1.1878654070913286,520.0811472777723,1.3278428480309103,7.666108312517381,4.37042980905691,1.1193281419429997,27.345789670245978,0.011998928148145183,2.8652704085973966,0.6510902302439519,0.80616979521901,259.8794747481727,2.089509557686142,17.350848512092853,6.187606541623159,3.7498954739490733,287.2252644184187,2.9142717258112336,17.44352031056463,6.838696771867112,3.7963965244747784,60.36278761110888,0.010658966902714617,3.3028357378973254,0.5159212616334092,0.6931904504562801,441.8113234080197,0.4788438703008069,13.00141265935531,3.7761651573335016,1.5733869360309396,502.17411101912853,1.3019176108151869,13.017040578599232,4.29208641896691,1.474898496823674
c<A>r<99>R<TYR>,135.5417904497348,1.3417641095669302,4.056347945016553,1.8072238726631307,0.670992615820631,57.48206898938819,2.145817198734849,5.24876079503382,3.832137932625879,0.725944223779893,56.848901747547266,3.388498059672785,6.2304841632428385,4.3729924421190205,0.7170402200327924,145.77031657069412,1.309815079230537,3.97986698800591,1.6018716106669684,0.5657479324321928,151.88911586704558,1.2048749171136195,4.056347945016553,1.7066192794050066,0.6048078065903241,84.68551593685491,2.145817198734849,6.2304841632428385,2.920190204719135,0.9608307618390203,161.6800186188952,1.2048749171136195,3.97986698800591,1.539809701132335,0.48011901415814356,52.27717742259417,0.012614909081067438,3.2746730307115097,0.580857526917713,0.7838186089120325,431.15131757430163,0.4797292331550125,9.14012806430219,4.790570195270018,1.6349532245694274,483.42849499689584,1.3278428480309103,9.775865004702542,5.371427722187732,1.641697651593584,15.263641169295921,0.013922546817891401,2.843936452768892,0.6938018713316327,0.7853310403145881,169.49208741119287,5.1205661764151955,12.022433717201238,7.704185791417857,1.8516115131958435,184.75572858048878,5.726891492257928,12.468792460086933,8.39798766274949,1.7973555901511695,16.405483871284943,0.01677868974131691,1.6361354482660406,0.9650284630167614,0.405479962124243,128.22458452610613,5.53472821381547,15.099721086624413,7.542622619182714,2.9033273731001574,144.63006839739108,6.465066558908525,15.11649977636573,8.507651082199475,2.67424576418592,49.78008356341315,0.01352677116172396,3.2746730307115097,0.5410878648197082,0.6834923007498707,411.67803249549434,0.4788438703008069,8.092301731835505,4.474761222777112,1.4468143250733212,461.4581160589075,1.3019176108151869,9.567860276587638,5.015849087596821,1.4370466179335413,56.24700226821334,0.010700364433745335,3.2746730307115097,0.4933947567387135,0.6877075045801466,469.63490601020044,0.4797292331550125,10.335758682682581,4.119604438685969,1.488630574599051,525.8819082784138,1.3278428480309103,10.45956673828648,4.612999195424682,1.5037344279261724,26.17919319429099,0.016515951361013137,3.0001780767909683,0.6385169071778289,0.778675471796053,261.8661548880282,2.1248165013275866,12.332504178726595,6.386979387512882,3.1521430929918037,288.04534808231915,2.9142717258112336,14.443890047890443,7.025496294690711,3.183257013281816,53.35980971151726,0.010700364433745335,3.2746730307115097,0.4940723121436783,0.7022127596859187,420.7758198162701,0.4788438703008069,10.335758682682581,3.8960724057062044,1.5862947936143756,474.1356295277874,1.3019176108151869,10.45956673828648,4.390144717849883,1.5757966312312477
c<A>r<100>R<GLY>,131.49252382555835,1.3516388803044537,3.9414895719872782,1.8520073778247654,0.6987704657296607,53.62557308620908,2.247808283026003,7.309565319286966,4.1250440835545445,1.1691700745428053,76.99613893607648,2.215342926522555,5.818177351288078,4.052428365056657,0.9658606152434387,138.9641142531293,1.30407646633747,3.7838698525700876,1.6348719323897565,0.6009782641828183,156.27059552714817,1.2048749171136195,3.78071258376701,1.7172592915071228,0.6074117297908335,98.90416325648728,2.215342926522555,5.818177351288078,2.9970958562571903,1.032768728942353,163.44596646561948,1.2048749171136195,3.78071258376701,1.5566282520535188,0.4957197163925145,54.55473715864213,0.010901691911250566,3.6827130388705287,0.6129745748162038,0.8988438200224814,435.5230383624066,0.4797292331550125,9.781078712539966,4.893517284970861,1.5747556413332793,490.0777755210488,1.8283834784718735,9.791980404451216,5.506491859787065,1.52957385977367,14.657363442455082,0.013922546817891401,3.226673400825053,0.6979696877359564,0.8320989434735659,206.02752131245597,5.108926418907686,19.02207530288797,9.81083434821219,3.834217903009321,220.68488475491102,6.757804653525169,20.475500681085364,10.508804035948144,3.7816036876535932,31.39105038855289,0.010663824146535106,3.8365032250843605,0.9512439511682694,0.8169025479828576,247.034871011311,4.159210660293866,15.099721086624413,7.4859051821609395,2.8525856937712377,278.42592139986385,4.169874484440401,15.11649977636573,8.437149133329207,2.9387740414148946,51.459987630416805,0.010738865715147483,3.6827130388705287,0.5360415378168417,0.7808598188639186,440.1595146062141,0.4797292331550125,9.781078712539966,4.58499494381473,1.3900597439989641,491.6195022366309,1.8283834784718735,9.791980404451216,5.121036481631572,1.3630942408337763,61.11753720210037,0.010663824146535106,3.6854570913657234,0.5506084432621655,0.8098603740858824,429.99485869971977,0.4797292331550125,9.027687371795764,3.8738275558533313,1.1958158222982302,491.1123959018201,1.8283834784718735,9.041046610011085,4.424435999115496,1.1973687747728976,38.39063027499354,0.010663824146535106,3.8407514676441448,0.7382813514421834,1.0201001302179589,347.89218835514544,2.089509557686142,19.02207530288797,6.690234391445104,3.6981798311905596,386.282818630139,2.9221550114781945,19.242833603041284,7.4285157428872886,3.7841613456405057,58.23801352052511,0.010663824146535106,3.5345868001717653,0.5342937020231662,0.8058414514128779,398.1441294065942,0.4797292331550125,9.027687371795764,3.652698434922882,1.232355056921612,456.38214292711933,1.8283834784718735,9.041046610011085,4.186992136946049,1.2605466007140251
c<A>r<104>R<GLY>,79.92346889224054,1.3482709634339396,4.091602332646828,1.7760770864942341,0.5154967947297142,53.872813833877004,2.6399034953199014,5.2346723084162425,3.591520922258467,0.7685309912382413,54.41767678970609,2.147267406867077,4.306227939073243,3.6278451193137395,0.5028678780587819,93.8209977189897,1.2715032131170119,4.0392163740240905,1.5380491429342573,0.42287894042499785,99.03636019413383,1.177973858851691,3.141851623858855,1.6235468884284234,0.4334813596512677,84.78298630985795,2.147267406867077,5.2346723084162425,2.734935042253482,0.6411812601049447,112.6951392911757,1.177973858851691,3.5120020399111684,1.4635732375477364,0.30785115661013046,20.250319833035586,0.011076636891270475,2.790501569914241,0.4402243441964258,0.6356664263771485,222.23589439215215,2.742281122785755,10.7198638111268,4.831215095481569,1.2589603230099082,242.4862142251877,2.7646762446157487,11.831777551859414,5.2714394396779936,1.3623902547859992,17.47159052763638,0.07908365960206254,5.4322227297844865,1.247970751974027,1.5031534462349416,107.1975822185413,4.630184692434398,13.49033334505475,7.656970158467236,3.0775771680209814,124.66917274617768,5.502525792939768,15.833342637549665,8.904940910441264,3.2298192607162877,14.978649044336276,0.04425887904370729,2.2734102387521915,0.7489324522168138,0.7170613326741615,117.76131547996903,4.580307052259798,7.409814556447202,5.888065773998451,0.8308487718356036,132.7399645243053,5.6881162035345,8.10476254130654,6.6369982262152645,0.5971166694990843,20.255956267107013,0.011076636891270475,2.553363430168627,0.3751103012427225,0.5169983407228396,239.19938307052075,1.742272616150558,9.278414121690787,4.4296182050096435,1.130195502643619,259.4553393376278,1.7716824076524373,11.831777551859414,4.804728506252366,1.356878363482033,24.151384238380754,0.011076636891270475,2.473551960213384,0.4312747185425135,0.5505224238845582,209.571793529145,1.9099355865912457,10.7198638111268,3.742353455877589,1.2216942425625303,233.72317776752575,2.064873878547914,10.800396880665016,4.173628174420103,1.1716142065837254,21.659166950939888,0.01514246326930202,3.4685711654121025,0.4922537943395429,0.7683427905771378,204.98852262680583,2.085530688690824,11.358998625791685,4.658830059700133,2.560350892863628,226.64768957774575,2.588241279874147,11.682874056919701,5.151083854039676,2.6027885724277895,22.640215830980736,0.011076636891270475,2.3818498513065833,0.353753372359074,0.516589933518417,230.36813286944454,1.742272616150558,9.278414121690787,3.599502076085071,1.4474652107358723,253.00834870042527,1.7716824076524373,9.7464394201004,3.953255448444145,1.4476424775557717
c<A>r<105>R<SER>,60.777931739929116,1.3482709634339396,4.149560402951407,1.8993103668727849,0.6998711512441906,35.0966673937882,2.6399034953199014,4.565257189870235,3.50966673937882,0.7473039356164005,39.311230765841344,2.147267406867077,3.9483832522850473,3.573748251440122,0.4936256221394034,68.84012082845534,1.2715032131170119,4.149560402951407,1.6009330425222172,0.5850371910154667,74.91100851937512,1.177973858851691,4.149560402951407,1.702522920894889,0.6014952800920741,59.45609478166692,2.147267406867077,4.193447752582129,2.702549762803042,0.50608914500812,82.80919883195124,1.177973858851691,4.149560402951407,1.505621796944568,0.4586924704512194,14.514383891117742,0.011076636891270475,2.6083957510897022,0.4838127963705914,0.6978955490632605,145.59394200606653,1.2378355454407597,9.409276829041119,4.8531314002022174,1.5414396408049482,160.10832589718422,1.3800844702593218,11.464283596765771,5.336944196572807,1.7604107620997607,11.168435924448652,0.25233263159064734,5.4322227297844865,1.8614059874081086,1.9400220702159225,38.03255854751154,4.630184692434398,10.401119907765178,6.338759757918591,1.9403165172482104,49.20099447196019,5.502525792939768,15.833342637549665,8.200165745326698,3.5353079461264474,10.506916960046446,0.04425887904370729,2.2734102387521915,0.7504940685747462,0.7691252940076546,81.04722226439776,4.580307052259798,7.409814556447202,5.78908730459984,0.8175530258029009,91.55413922444421,5.6881162035345,7.991584243413845,6.539581373174586,0.5387447936460651,11.917573178023687,0.011076636891270475,2.34844354728887,0.33104369938954686,0.4753662265867741,165.20089076842584,0.5129634042016278,9.409276829041119,4.588913632456273,1.7738225309428541,177.1184639464495,1.3690097635202485,11.464283596765771,4.919957331845819,1.9068850006351088,17.087860135336584,0.011076636891270475,2.473551960213384,0.4271965033834146,0.5962771823496642,157.8718466749237,1.2378355454407597,9.409276829041119,3.946796166873092,1.5824230279646565,174.9597068102603,1.3800844702593218,10.79690058699399,4.3739926702565075,1.6569300603846373,12.223394693738683,0.01514246326930202,2.3078066785062195,0.4214963687496098,0.5619653114611953,123.99743037836981,2.1142910231806695,10.401119907765178,4.275773461323097,1.8602113496746497,136.2208250721085,2.588241279874147,10.651355683186459,4.697269830072707,1.7760158484698152,13.826362040526273,0.011076636891270475,2.010537816362133,0.3005730878375277,0.45285895566661344,173.4107731145462,0.5129634042016278,9.409276829041119,3.769799415533613,1.9543535589917944,187.2371351550725,1.3690097635202485,9.7464394201004,4.070372503371141,1.9159349567430244
c<A>r<106>R<ASP>,48.728335263142554,1.3723329791184604,4.091602332646828,1.8047531578941687,0.5908620311457757,29.589629422767207,2.2644082860742523,5.060424530205623,3.2877366025296895,0.9358811741705179,32.26542287570902,2.147267406867077,3.9483832522850473,3.5850469861898913,0.5285955386719627,56.05782895278482,1.2715032131170119,4.091602332646828,1.5150764581833733,0.438434925445203,60.510273869796784,1.177973858851691,3.471895419093166,1.635412807291805,0.49658616180469795,50.89633812880942,2.147267406867077,4.193447752582129,2.6787546383583902,0.5499687987101934,67.83976755943904,1.177973858851691,3.471895419093166,1.4433993097752986,0.32086816438370963,7.436488240163057,0.011076636891270475,2.6083957510897022,0.41313823556461426,0.6234838672023413,75.15298991581524,1.2378355454407597,5.845232458316389,4.17516610643418,0.9533598781682181,82.58947815597831,1.3800844702593218,6.721891777144165,4.588304341998795,1.0891350389464831,2.1687309319166306,0.10805316594053238,1.2599931181015034,0.4337461863833261,0.4254782763359699,27.66469130117804,1.3822687819925363,9.644869848295968,5.532938260235608,2.7038195788571797,29.83342223309467,1.7806509949925977,9.7529230142365,5.966684446618934,2.5676541982381016,8.414798116378822,0.04425887904370729,2.2734102387521915,0.7012331763649019,0.7751790468879566,70.05054296924402,4.580307052259798,7.409814556447202,5.837545247437002,0.8579110986833899,78.46534108562285,5.6881162035345,7.991584243413845,6.538778423801904,0.572637801937309,5.576676658380508,0.011076636891270475,1.3890297668853053,0.2534853026536595,0.32724667875358326,83.98361677258721,0.5129634042016278,5.845232458316389,3.8174371260266913,1.0493332478359163,89.56029343096772,1.3690097635202485,5.860743346850462,4.070922428680351,1.0123487864910563,12.366889772131366,0.011076636891270475,2.473551960213384,0.42644447490108156,0.5614833706976505,100.98464846940846,1.2378355454407597,5.529162612177117,3.482229257565809,0.8367258786096998,113.35153824153984,1.3800844702593218,5.6651345705592835,3.908673732466891,0.8441077783859688,9.343872905513336,0.01514246326930202,2.142798548953099,0.42472149570515166,0.5282076345063522,88.8571957411674,1.3822687819925363,8.416686431407982,4.038963442780337,1.763736512716358,98.20106864668075,1.7806509949925977,8.83596414245035,4.463684938485489,1.685061853981529,10.570604174644409,0.011076636891270475,2.010537816362133,0.29362789374012244,0.39996732623099673,117.97092238407498,0.5129634042016278,8.416686431407982,3.276970066224305,1.2519962673797347,128.54152655871937,1.3690097635202485,8.583163750834363,3.570597959964427,1.18896625226115
c<A>r<113>R<TYR>,123.04676877698405,1.325002788839618,3.910289870405491,1.8643449814694553,0.6523345800508865,51.89902410125019,3.3865427960798726,4.876481970442728,3.992232623173092,0.5433310507909832,55.369963937320804,2.1803057494716875,4.922701038760595,3.9549974240943433,0.8064004318765542,130.59530682968574,1.2877134260740322,3.910289870405491,1.6324413353710718,0.5567191899082042,141.69017140882642,1.1952417300005946,3.4280628131333613,1.74926137541761,0.5945756772649661,76.94231106168502,2.1803057494716875,4.721449209625062,2.747939680774465,0.6307211670613004,148.49277452587725,1.1952417300005946,3.3690801570301003,1.5630818371144974,0.465225226863601,44.90723943749118,0.011063890418802735,4.054705775245637,0.5987631924998824,0.8556709733321555,369.8548392292853,0.4937434322137051,11.954715309540916,4.93139785639047,1.6648879903424652,414.76207866677646,1.3278428480309103,12.030072938540272,5.530161048890353,1.7885769379382608,14.671650220726235,0.013922546817891401,3.1604528431239203,0.7721921168803282,0.8532424378158106,174.5331256564691,5.692805455795678,15.941633056992032,9.185953981919427,3.4027265857998925,189.20477587719535,6.375034081133884,16.166163995693495,9.958146098799755,3.4213431095361697,17.732254874660885,0.024014486357465614,7.540984071853803,1.364019605743145,1.9313199183226148,91.22780286299371,5.262734121795802,11.165381151718293,7.017523297153362,1.8611045256468495,108.96005773765458,6.388133262636636,13.190156178116798,8.381542902896506,1.9606638588455356,44.447145941520766,0.011063890418802735,4.054705775245637,0.5291326897800092,0.8300754494328614,394.1425207556608,0.4937434322137051,11.954715309540916,4.69217286613882,1.6099897049264154,438.5896666971816,1.3122117819159107,12.030072938540272,5.221305555918828,1.7136709221815793,47.52568118228201,0.010700364433745335,3.2746730307115097,0.5002703282345474,0.7040143603948006,391.4424858915502,0.4937434322137051,9.47386827836749,4.120447219911054,1.282075998036511,438.9681670738322,1.3278428480309103,9.490728339389037,4.620717548145602,1.3468403802182483,21.06241292476783,0.016734470902960652,5.382552679229374,0.8100928047987627,1.1636954991200954,129.61510449478715,2.340004716793601,15.260754376388832,4.9851963267225825,2.4434232732049916,150.677517419555,2.859184427239957,15.364379578620461,5.795289131521345,2.505155842436187,46.057487102955925,0.010700364433745335,3.4080985947733176,0.4899732670527226,0.7192589537999831,373.267788057947,0.4937434322137051,15.260754376388832,3.970933915510074,1.6762186772827785,419.32527516090295,1.3122117819159107,15.364379578620461,4.4609071825627975,1.7129878997074937
c<A>r<114>R<HIS>,126.18369230665333,1.3417641095669302,3.910289870405491,1.8556425339213725,0.7042296610865392,48.74148441648948,2.145817198734849,4.876481970442728,3.749344955114575,0.7387739030943599,53.686728975395276,3.367429984671611,4.922701038760595,4.129748382722713,0.574107290682399,135.99578638715164,1.2877134260740322,3.910289870405491,1.6584851998433128,0.6225516768915667,145.92901753803434,1.2048749171136195,3.6874745412507153,1.7796221650979798,0.6709620391291607,72.29410577942616,2.145817198734849,4.572071203781243,2.67755947331208,0.5819320601962514,155.06709841259746,1.2048749171136195,3.6874745412507153,1.6152822751312235,0.5768930550694796,47.75218922590544,0.010602295735486322,3.2746730307115097,0.6366958563454058,0.8021530546627107,352.1759364432155,0.4797292331550125,9.14012806430219,4.695679152576207,1.418272943072306,399.92812566912096,1.3278428480309103,9.155168916552505,5.332375008921613,1.4278718525022502,12.185282662914616,0.013922546817891401,2.843936452768892,0.6092641331457308,0.8186242644889891,155.336933414005,5.1205661764151955,12.257141758866055,7.766846670700249,1.95086153559656,167.52221607691962,5.726891492257928,12.324512345491836,8.37611080384598,1.6755815068472222,20.624861421528287,0.0413684977843527,6.322716218193467,1.289053838845518,1.3850322200646872,106.26309885559613,5.649172106262995,11.161721820144749,6.641443678474758,1.579001873544263,126.88796027712442,6.294652055455973,13.190156178116798,7.930497517320276,1.8830942311001704,46.75923899807904,0.010658966902714617,3.2746730307115097,0.5374625172192993,0.7467537596152117,388.1720171722832,0.4788438703008069,7.974515817314568,4.461747323819347,1.3654057471010712,434.9312561703622,1.3019176108151869,8.00175733774573,4.999209841038646,1.3504199298592732,51.79640869112509,0.010700364433745335,3.2746730307115097,0.523196047385102,0.7332917811418328,406.80480791476043,0.4797292331550125,8.307444784416475,4.109139473886469,1.2899523633887398,458.6012166058855,1.3278428480309103,8.578741493554482,4.632335521271571,1.3219193681178498,19.959661485378973,0.012620756230882435,3.729750207482991,0.6653220495126324,0.9936328395960843,142.61107686543528,2.1248165013275866,9.0419198189702,4.753702562181176,1.7632765272959448,162.57073835081425,2.859184427239957,10.545599781556628,5.419024611693809,1.8099188115624547,50.99624044750419,0.010658966902714617,4.053553423190657,0.5151135398737797,0.7950569896907335,384.83322067475433,0.4788438703008069,7.974515817314568,3.8872042492399426,1.392839694709925,435.8294611222585,1.3019176108151869,8.00175733774573,4.402317789113723,1.4173282877127436
c<A>r<115>R<GLN>,125.28313506054415,1.3094858855399312,4.509889861047434,1.8698975382170768,0.7103832410558534,65.10683395769757,2.145817198734849,6.230384402685229,3.8298137622175044,1.0194635987540734,50.27197928587702,3.340002407085109,4.922701038760595,4.189331607156419,0.537540718342679,138.0813417902043,1.2877134260740322,3.7032052083179696,1.6244863740024036,0.5575730111804195,141.77808804280414,1.2048749171136195,3.768416308426924,1.7722261005350517,0.6523649188301416,86.28149158344169,2.145817198734849,6.230384402685229,2.8760497194480563,0.8948482599324958,154.42086556613748,1.2048749171136195,3.7032052083179696,1.575723118021811,0.5126196969435959,45.932928010148046,0.010108834399715771,3.160944595038954,0.5888836924377955,0.8387451598871671,399.11958681997953,0.5043978459209484,11.710042661499756,5.116917779743328,1.8500923869043653,445.0525148301275,1.3278428480309103,11.743581986774284,5.705801472181122,1.8252857388684627,23.096009723150345,0.03944583689272285,3.7860377916705943,0.8554077675240869,0.908003196213554,236.6214186803793,5.5730206597672804,17.48642979122178,8.763756247421455,3.46355797832424,259.7174284035296,5.726891492257928,18.241427890215697,9.619164014945541,3.5239742060842287,15.728579819093616,0.0413684977843527,1.8064011798153636,0.9252105775937421,0.5754802030245411,124.2797166295984,5.649172106262995,16.99672426483653,7.310571566446964,2.872620964726816,140.00829644869202,6.294652055455973,17.05000003256501,8.235782144040707,2.5503160594421077,45.36436557569076,0.010108834399715771,3.2746730307115097,0.5040485063965641,0.7249803910784935,431.7906186383643,0.4788438703008069,13.00141265935531,4.7976735404262705,1.9766770582706337,477.15498421405505,1.3019176108151869,13.017040578599232,5.301722046822833,1.925052778696851,47.143745207504914,0.010108834399715771,3.2746730307115097,0.5015292043351587,0.7025681392034605,395.57786222358504,0.5043978459209484,9.278985432007175,4.208275130038139,1.3511558342026104,442.72160743109004,1.3278428480309103,9.299969849735767,4.709804334373298,1.389639376845804,24.98524720857028,0.012620756230882435,3.729750207482991,0.6093962733797629,0.8629874335864615,241.49724665272151,2.035577190476033,15.823977788475531,5.890176747627354,2.878486372057411,266.4824938612918,2.9142717258112336,15.977835576335396,6.499573021007117,2.829851094593097,48.00575081043987,0.010108834399715771,4.053553423190657,0.5106994767068072,0.8027880160958984,380.11025293660964,0.4788438703008069,13.00141265935531,4.0437260950703156,1.7280586233700548,428.11600374704955,1.3019176108151869,13.017040578599232,4.554425571777123,1.691644147279192
c<A>r<116>R<TYR>,138.0323481887774,1.3094858855399312,3.9752011128597085,1.8404313091836988,0.6896271609651707,66.56887553939646,2.145817198734849,4.8301639031159125,3.5036250283892874,0.7391899715773487,62.34766078044147,3.1052551080799513,5.3718113995052725,4.156510718696098,0.6569323707612604,150.16605044695427,1.2877134260740322,3.7369169706982297,1.5806952678626767,0.5333198907049632,159.139704749229,1.2175347184328282,3.9752011128597085,1.7487879642772417,0.6589916475860137,96.32877888867638,2.145817198734849,4.87246313772544,2.7522508253907536,0.6499151590892557,170.46001334453828,1.2175347184328282,3.7369169706982297,1.5356757958967413,0.48640809645897526,53.14066413838684,0.010108834399715771,3.452346173078922,0.5109679244075658,0.7544467912653801,533.395943781516,0.4892219714968178,11.710042661499756,5.128807151745347,1.7759019772652307,586.5366079199028,1.3278428480309103,11.743581986774284,5.639775076152912,1.7432247745139635,21.434490126983626,0.02435459312569499,4.844053090048135,0.7938700047030972,1.113460871882698,197.07864312799643,1.3738753006746265,13.984475110088397,7.299209004740608,2.482863424441672,218.51313325498006,1.7688229885135578,15.206662708716703,8.093079009443706,2.504762706690623,22.023214363212535,0.1474210284624098,2.641073894979421,1.0010551983278424,0.6198795008960469,142.3014158650676,5.636583652802074,10.756616155663323,6.468246175684891,1.212894170127497,164.32463022828017,6.465066558908525,11.13943807845105,7.469301374012735,1.1041609153163505,54.72362917984736,0.010108834399715771,3.8787789258310195,0.47175542396420134,0.6835208610052593,542.5834504666902,0.4788438703008069,11.710042661499756,4.67744353850595,1.7282770762699482,597.3070796465374,1.3019176108151869,11.743581986774284,5.14919896247015,1.691446794601371,60.12255798957184,0.010108834399715771,2.735702926685242,0.5138680170048875,0.6900762490801868,499.3317651003283,0.4892219714968178,9.278985432007175,4.26779286410537,1.542752868641258,559.4543230899001,1.3278428480309103,9.299969849735767,4.781660881110257,1.5193730690499088,33.06163663289198,0.012620756230882435,3.536923331512547,0.6612327326578397,0.9575899696244421,259.20316034597886,1.3738753006746265,9.0419198189702,5.184063206919578,2.1900498567419255,292.2647969788708,1.7688229885135578,10.304928973508233,5.845295939577415,2.1916182791553123,59.27523803028166,0.010108834399715771,4.053553423190657,0.5154368524372318,0.7502077375873596,443.665699491773,0.4788438703008069,9.278985432007175,3.857962604276287,1.4556598654395367,502.94093752205464,1.3019176108151869,9.299969849735767,4.373399456713519,1.4374984874723966
c<A>r<117>R<ALA>,131.40454153489793,1.3094858855399312,3.637810351180197,1.7520605537986391,0.5789240670842999,53.0500877928088,2.7521958788180467,4.462961774767948,3.536672519520587,0.4504151714254481,69.24524036218139,2.1570247532865685,5.3718113995052725,4.073249433069494,0.8131552670268102,142.76673592609933,1.3094858855399312,3.637810351180197,1.5688652299571355,0.5027977425569866,155.02815658649263,1.2128128823785402,3.585626023499046,1.666969425661211,0.5556290788578573,90.34837435491558,2.1570247532865685,5.3718113995052725,2.7378295259065326,0.6741563825214304,164.9194998016941,1.2128128823785402,3.585626023499046,1.5130229339604961,0.4290727301122245,43.69463123556398,0.010108834399715771,2.8966319615286604,0.4801607828083954,0.6427501437176762,436.70903989247057,0.4892219714968178,10.031873427103676,4.799000438378798,1.4808247440910518,480.40367112803455,1.4102236076026453,10.07778767570418,5.279161221187193,1.3661333478981523,20.110380545547784,0.04722650027146891,4.9953746484885215,1.1172433636415435,1.3066458267635745,135.2674148516233,4.6767162634971555,12.654599359925669,7.514856380645739,2.1746688304083297,155.3777953971711,5.290029802348114,14.36860823698215,8.632099744287283,2.4090362856650653,26.21618092021419,0.010684592232270695,3.0704191578721076,0.9040062386280755,0.753333643504085,210.01762347559304,5.410173291643616,11.514715599365672,7.24198701639976,1.676536153370651,236.23380439580723,6.495118765973863,11.630859733918612,8.145993255027836,1.531229705558338,47.79392084083376,0.010108834399715771,2.799964188621624,0.47793920840833765,0.5907399426205465,441.15475012514804,0.4892219714968178,7.960005859070407,4.41154750125148,1.3373980193713537,488.9486709659818,1.3897059527935678,7.99610251368215,4.889486709659818,1.2520022357609613,52.92162344817079,0.010108834399715771,2.5548910953885944,0.5088617639247192,0.6123374243855241,408.7007055636183,0.4892219714968178,7.960005859070407,3.9298144765732532,1.3347777370936467,461.62232901178913,1.4102236076026453,7.99610251368215,4.438676240497973,1.2622305787752106,26.041415532231994,0.010087752592538024,3.4173532307754826,0.6200337031483808,0.8927361085942229,206.25812655720466,2.050591326325957,11.433444704332032,4.910907775171539,2.5758932201072158,232.29954208943664,2.58498162517821,11.47006328136321,5.53094147831992,2.5051616773666443,50.88724642294394,0.010108834399715771,2.5548910953885944,0.4584436614679634,0.5882693905956563,422.4295116464628,0.4892219714968178,7.960005859070407,3.8056712760942593,1.4005075282238528,473.3167580694067,1.3897059527935678,7.99610251368215,4.264114937562223,1.286743341731773
c<A>r<118>R<TYR>,137.91269101555622,1.3094858855399312,3.7230738610323253,1.745730266019699,0.6284168105350452,52.75622420894542,2.7521958788180467,6.081277572775097,3.768301729210387,0.8520582748798927,69.6746326737094,2.1961986638087625,5.71884142763865,4.0985078043358465,0.8572443913994247,147.64798947933255,1.3094858855399312,3.7230738610323253,1.570723292333325,0.5195222930050821,160.32001850854274,1.2128128823785402,3.6900246066386293,1.6527836959643583,0.5797564594994711,94.24321415923487,2.1961986638087625,5.71884142763865,2.9451004424760896,0.9017363842541998,169.15943736669038,1.2128128823785402,3.6243972456053455,1.5103521193454499,0.44328948906574966,51.8042037303444,0.010127030272879978,3.4356895802398126,0.4887189031164566,0.6888967947455451,510.0179357608689,0.4892219714968178,11.918760244720943,4.811489960008197,1.653093706125015,561.8221394912133,1.4102236076026453,12.44265230488937,5.300208863124654,1.5874499683616106,11.304617952056175,0.04722650027146891,3.536785967475881,0.6649775265915396,0.9158663064584,148.43749586863353,4.6767162634971555,18.177995905580758,8.731617404037266,3.5371436659189914,159.7421138206897,5.290029802348114,18.464077204794563,9.396594930628806,3.248821796352112,24.940856138305506,0.010684592232270695,3.0704191578721076,0.7794017543220471,0.7063200759935258,277.3426374050291,4.863139649814968,24.81716273357415,8.66695741890716,4.313216699963803,302.2834935433346,5.922408828501617,24.878192205004126,9.446359173229206,4.168967411941454,53.69012216379657,0.010127030272879978,3.4356895802398126,0.47513382445837676,0.6783143477858942,506.82367055783715,0.4892219714968178,11.918760244720943,4.48516522617555,1.5316349683408617,560.5137927216338,1.3897059527935678,12.44265230488937,4.960299050633927,1.519002503938889,60.79737986374943,0.01252300745517232,3.4943164142000738,0.5066448321979119,0.6849735137182986,484.3942227993854,0.4892219714968178,11.699922235436134,4.036618523328212,1.5463299581438241,545.1916026631347,1.4102236076026453,12.096818296918233,4.543263355526123,1.5073699058277965,28.917829703974725,0.010087752592538024,3.1947931755365495,0.642618437866105,0.8464991114945638,285.88561341591713,2.050591326325957,20.424856094574352,6.353013631464825,3.9944953748902123,314.8034431198918,2.58498162517821,20.45360634360023,6.995632069330929,4.000181809995754,59.517578115073796,0.010899214824226178,3.6346073984064784,0.48784900094322786,0.7025845134197576,473.3096540498951,0.4892219714968178,11.478513002197417,3.8795873282778284,1.5523866461783176,532.8272321649688,1.3897059527935678,12.096818296918233,4.367436329221055,1.5330572618194427
c<A>r<119>R<ASP>,115.46112579469441,1.3434324027399531,4.114557827620288,1.9243520965782401,0.7510646558154516,68.49884240667328,2.1583147109419825,6.081277572775097,3.805491244815182,0.8772767123941888,60.6164748660631,2.1961986638087625,5.257958939320571,4.0410983244042065,0.6957864967595616,133.19947216558344,1.3111884485923544,3.9966057474347267,1.6860692679187779,0.6423789217821682,136.60167298808332,1.2128128823785402,3.867583721753829,1.797390434053728,0.7037316313081398,94.1233244567858,2.1583147109419825,5.1695461036245725,2.7683330722584056,0.6310455586327771,151.51410337522367,1.2128128823785402,3.772122934044652,1.594885298686565,0.5266948262904856,45.00798746734027,0.010127030272879978,5.329298609173532,0.5697213603460793,0.8579457055788762,400.8568817925756,0.4900400933838682,13.066963882433,5.074137744209818,2.0454316753282424,445.86486925991585,1.3412237261824016,13.399126999529816,5.643859104555897,2.1628818262090403,24.46230437692344,0.04722650027146891,5.839772581998414,0.9784921750769376,1.5966915423726034,239.08516057748972,4.6767162634971555,18.43346227732127,9.563406423099588,3.5956000752935595,263.54746495441316,5.290029802348114,19.239671742575794,10.541898598176527,3.924087739289009,20.509493796245014,0.010684592232270695,3.0704191578721076,0.8203797518498006,0.7373391112560581,186.84944793140392,4.056557357269767,15.31477380683825,7.473977917256157,2.46688406706934,207.35894172764895,5.2499842846141656,15.453543994138055,8.294357669105958,2.2367734042693996,45.96188709559458,0.010127030272879978,4.114159648890551,0.5222941715408475,0.7316423159665764,428.16527987813976,0.4723142501873099,13.066963882433,4.86551454406977,2.0923207215358715,474.12716697373435,1.3026975675619172,13.399126999529816,5.387808715610618,2.126474061604803,50.783073430353745,0.010328888516134338,4.974906805147066,0.5181946268403443,0.735454777831531,403.86184311172326,0.4900400933838682,11.642672243721691,4.121039215425747,1.604688516968147,454.64491654207694,1.3412237261824016,11.841560445607021,4.6392338422660915,1.6262352608267967,27.486857330107938,0.010087752592538024,2.831327713272003,0.5975403767414769,0.7933842205734728,272.77147636174357,2.2167631473093934,16.078258868392712,5.929814703516165,2.990771172579756,300.25833369185153,2.6086155797593706,16.092437469671715,6.527355080257642,2.935621469536617,49.742859217975806,0.010328888516134338,4.329609135166792,0.49742859217975804,0.715740100753183,401.3145078452856,0.4723142501873099,11.642672243721691,4.013145078452856,1.7498049483620945,451.0573670632614,1.3026975675619172,11.841560445607021,4.510573670632613,1.7216351650268915
c<A>r<120>R<GLY>,131.6101064726431,1.3490250829600583,3.7227535377154735,1.880144378180616,0.6765091265772916,75.21785849415895,2.1583147109419825,5.538318280789489,3.5818027854361403,0.8835681449304699,65.38720931509636,2.1961986638087625,4.99382557420369,3.846306430299786,0.8034061728678734,146.80539659331095,1.3111884485923544,3.4801999084671267,1.5957108325359886,0.5159400915675273,155.09146509368634,1.212367255382942,3.4868409526273565,1.762403012428254,0.6101915697727136,108.52540240090943,2.1583147109419825,5.1695461036245725,2.7827026256643443,0.6723334084040569,169.38391196319148,1.212367255382942,3.371819867794949,1.5398537451199226,0.4278736425490343,43.52127643705797,0.010108834399715771,3.892465181817845,0.4679707143769674,0.7320045419724716,474.5383821888862,0.5043978459209484,15.647138260058838,5.102563249342863,1.848970225645499,518.0596586259442,1.3431216266086006,15.69031286192934,5.5705339637198295,1.82935268627393,32.56848105030483,0.020719418297156622,6.88179824324617,1.017765032822026,1.631080584307145,253.3855097382604,1.3064524532776431,13.055050662791714,7.918297179320637,2.718701977514969,285.95399078856525,1.7313814214513976,13.373313683357704,8.936062212142664,2.8673489958038116,22.891184755887913,0.010684592232270695,5.1319864076084905,0.8804301829187658,1.155972077217067,245.59715051433622,4.102792771129145,19.797817852676417,9.446044250551394,4.2791782167462475,268.4883352702241,4.8059738959721,19.96286019555452,10.326474433470159,4.2680280090353175,43.226824010333615,0.010108834399715771,2.677326221534864,0.43226824010333614,0.5892871887288911,448.06703566661724,0.4723142501873099,11.69745866384143,4.480670356666172,1.5038035597343038,491.29385967695083,1.3026975675619172,11.713467285984578,4.912938596769508,1.4489911783184213,54.600043121328646,0.010108834399715771,2.498699061263964,0.49636402837571497,0.6341318236319632,443.48112796409737,0.5043978459209484,9.084890844509651,4.03164661785543,1.2243422579141778,498.0811710854259,1.3431216266086006,9.11858440458063,4.528010646231145,1.2410718397908425,35.754136130165094,0.010087752592538024,3.3482905841822745,0.5500636327717707,0.7383839919479621,363.60567101554625,1.3064524532776431,15.842952157502168,5.593933400239173,2.7986100527346918,399.35980714571133,1.7313814214513976,15.87953667836236,6.143997033010944,2.8208223495689366,54.45346506000217,0.010108834399715771,3.367847465358568,0.4735083918261059,0.6549514003072097,427.45396795383715,0.4723142501873099,7.013965739008199,3.7169910256855405,1.1908260636454855,481.90743301383935,1.3026975675619172,7.2395526603435485,4.190499417511647,1.1370034169077194
c<A>r<121>R<LYS>,123.11414592627746,1.3463750167760824,4.0480159724358735,1.9541927924805946,0.7609161834300724,65.66076460933355,2.272006589184954,6.081277572775097,3.647820256074086,0.9602521288082029,57.40140028213027,1.8825449623784223,5.296778545118985,3.5875875176331418,0.9777045685496268,137.42258604778877,1.3111884485923544,3.91443405455615,1.6758851957047411,0.6278695218632505,142.25650448566307,1.2128128823785402,3.8559204588578706,1.7782063060707884,0.656190821415892,95.57443656229029,1.8825449623784223,5.1695461036245725,2.730698187494008,0.6607027468007302,155.12257570044372,1.2128128823785402,3.393773586412241,1.566894704044886,0.46684069095894143,45.986836169689944,0.010108834399715771,7.082343826740907,0.5608150752401213,1.120290078596124,418.6957586834059,0.5043978459209484,9.820172300392414,5.106045837602512,1.6593517869167513,464.68259485309585,1.4102236076026453,10.731834692737294,5.666860912842632,1.7537816466138634,23.775111701161453,0.04015547138079256,6.574672848845342,1.1321481762457835,1.612598712527631,199.21457903246602,1.3064524532776431,21.77848010158192,9.486408525355525,5.284887378323066,222.98969073362753,1.7313814214513976,21.83142979876347,10.61855670160131,5.228856129453679,18.955658401589947,0.010684592232270695,3.1395447352741037,0.9026504000757117,0.9189769280655719,162.26368558785038,4.102792771129145,12.078927426472774,7.726842170850018,2.334501700430223,181.21934398944035,4.8059738959721,15.218472161746877,8.62949257092573,2.4957492383421545,44.329576263712184,0.010108834399715771,7.1416748288835485,0.521524426631908,0.9503179147334386,377.61665654606924,0.5043978459209484,9.820172300392414,4.442548900541991,1.5254998208934436,421.94623280978146,1.3897059527935678,10.547067302384175,4.9640733271738995,1.602880934825947,52.48764199717145,0.010108834399715771,6.133430275183754,0.5355881836446067,0.9169993157571551,410.3374117255212,0.5043978459209484,9.648524975807277,4.187116446178788,1.5393383248390107,462.8250537226926,1.4102236076026453,10.021300482655628,4.722704629823394,1.5977877224561836,36.51200452767043,0.011967706436737835,6.166373239181672,0.8113778783926762,1.1844425307456878,231.63167298345883,1.3064524532776431,14.706622831189762,5.14737051074353,2.8147055825528553,268.1436775111293,1.7313814214513976,14.723044555268938,5.958748389136206,3.1667397833307733,48.88474537196593,0.010108834399715771,6.825204525923835,0.49882393236699923,0.9185442260939666,373.2780572326699,0.5043978459209484,9.648524975807277,3.808959767680305,1.3703580971441425,422.16280260463583,1.3897059527935678,10.021300482655628,4.307783700047304,1.4042641820931094
c<A>r<122>R<ASP>,122.8839288592013,1.3463750167760824,3.7686222481034224,1.8071166008706074,0.5746199223823466,56.62863904510333,2.7521958788180467,5.019059939853792,3.539289940318958,0.5395667109588286,76.6168490559869,1.8825449623784223,4.740241443007527,3.648421383618424,0.8991701073008382,133.12244579283416,1.3088061069478916,3.7686222481034224,1.5661464210921665,0.4472269275022538,157.86510759580423,1.2175347184328282,3.5100548539141676,1.7540567510644915,0.6032934954297465,105.29913077552378,1.8825449623784223,4.563716403808548,2.7710297572506257,0.6127060458877953,166.51671596575335,1.2175347184328282,3.5100548539141676,1.5562309903341434,0.44832597459171686,41.63333339989999,0.010108834399715771,6.073550920788044,0.5478070184197367,1.0046262217145263,399.0561777040203,0.5043978459209484,11.710042661499756,5.250739180316057,2.079702562431587,440.68951110392027,1.4102236076026453,13.66534494344305,5.798546198735793,2.155981875669627,17.033742780041816,0.058699075810153545,8.08377255733075,1.4194785650034847,2.1144106612364038,76.70568331738065,4.235324340528507,11.12346969808209,6.392140276448387,1.7149197310597541,93.73942609742245,5.149900910232466,14.744083109451768,7.811618841451871,2.608056098079165,26.607827335239264,0.029862255500993307,5.6125422315639995,0.9175112874220436,1.1013608169327753,217.51607252702792,5.161492229146688,11.132439939240612,7.500554225069928,1.777491653709273,244.12389986226722,5.2173016039174644,11.739007196301579,8.418065512491973,1.8317989359710993,35.81448704435237,0.010108834399715771,3.5216995449839334,0.41644752377153915,0.6339659756369115,405.4379167220586,0.5043978459209484,12.077791467895622,4.714394380489054,2.1594821788753342,441.252403766411,1.3897059527935678,12.933457320588321,5.130841904260593,2.183403649054371,60.13774105725763,0.010108834399715771,4.123174074760554,0.5321923987367931,0.784443435813532,518.6789250450693,0.5043978459209484,11.478513002197417,4.590078982699728,2.017847282168377,578.8166661023268,1.4102236076026453,12.096818296918233,5.122271381436521,2.010435809111264,37.61325203882097,0.013447067348739239,4.576472594711909,0.7836094174754368,1.033926912606704,248.39625493746513,2.1125120385825085,11.672035642422316,5.174921977863857,2.408087730787112,286.0095069762861,2.58498162517821,11.719318804948845,5.9585313953392935,2.466763169364095,56.40873586213697,0.010108834399715771,4.025445823357522,0.490510746627278,0.7363587684168333,478.8080613403102,0.5043978459209484,11.478513002197417,4.163548359480958,1.8698148392908955,535.2167972024472,1.3897059527935678,12.096818296918233,4.654059106108236,1.9096126783002116
c<A>r<123>R<TYR>,133.03232014573194,1.3094858855399312,3.778118173611057,1.9280046397932167,0.7493130643986691,49.081638692277906,2.8043665162990568,5.019059939853792,3.775510668636762,0.6267645719673473,82.90266054177972,2.1570247532865685,4.9407393333916865,3.7683027518990784,0.8566338993170373,143.1368848320894,1.3008263101380133,3.778118173611057,1.724540781109511,0.7142631284152425,164.17928483597163,1.2175347184328282,3.6510224036788923,1.7845574438692569,0.6744666707043986,100.96783395952168,2.1570247532865685,4.563716403808548,2.804662054431158,0.5420436970279887,172.19338914648043,1.2175347184328282,3.6510224036788923,1.624465935344155,0.5824160758688114,47.23466165090757,0.010108834399715771,5.081804969248964,0.5429271454127307,0.8382998183922625,458.9225655036057,0.4892219714968178,15.639792600353815,5.274972017282824,2.0763611335050944,506.15722715451335,1.8112717349019851,15.840995238909931,5.817899162695555,2.029612086189449,9.76666542425038,0.058699075810153545,2.1986705036902414,0.8138887853541984,0.7894580494684036,94.59454372243476,4.968254868137819,16.932944164383116,7.88287864353623,3.307649552586469,104.36120914668513,6.224786336215308,17.00901543370892,8.696767428890427,3.023810010486492,38.91971194714055,0.0165152474143202,4.279025954967739,0.9979413319779628,1.033361500172848,297.3456313192579,4.991241826233818,20.859894355335427,7.624246956904049,2.6842337971364167,336.2653432663984,5.2173016039174644,21.534442765156975,8.622188288882011,2.617442189204537,47.32943999141115,0.010108834399715771,3.0845379242129365,0.5144504346892517,0.6754487749940229,435.64475842250357,0.4892219714968178,15.639792600353815,4.735269113288083,2.020941165925024,482.97419841391473,1.8112717349019851,15.840995238909931,5.249719547977334,1.9869345572443187,64.4179395558115,0.010108834399715771,3.3638368511107783,0.5803417978001036,0.7949959569519061,451.9004400853463,0.4892219714968178,10.396258534538447,4.071175135904021,1.3830613247210557,516.3183796411579,1.8112717349019851,10.624452857480915,4.651516933704126,1.4216517895369958,37.34032385706362,0.013447067348739239,4.576472594711909,0.7180831510973774,1.0725536434477738,307.3602049190469,2.199720759117554,17.836436041734487,5.910773171520133,3.0656221818607823,344.70052877611045,2.58498162517821,17.890278727901766,6.628856322617509,3.0365392889751304,62.01029162264982,0.010108834399715771,3.3638368511107783,0.5300024925012805,0.7663739126089171,452.47827087110926,0.4892219714968178,10.396258534538447,3.8673356484710193,1.3656177793080326,514.488562493759,1.8112717349019851,10.624452857480915,4.397338140972299,1.4144845853879293
c<A>r<124>R<ILE>,139.7652152299615,1.3094858855399312,3.945153005277083,1.8151326653241755,0.6672512459400018,64.57143919925626,2.779601086885593,4.918310322915825,3.798319952897427,0.6779570085905954,82.6472549577107,2.1570247532865685,5.59930542833287,3.935583569414795,0.8483958516581083,152.87234081324297,1.2877134260740322,3.945153005277083,1.6091825348762419,0.5722094660151795,168.61957978942684,1.2093763597822504,3.945153005277083,1.7032280786810792,0.6040142522954035,107.12348103351955,2.1570247532865685,4.572071203781243,2.746755923936399,0.5601355280627806,179.69303317837114,1.2093763597822504,3.945153005277083,1.5358378904134284,0.4586107719636013,53.508170740538745,0.01092014932855534,3.452346173078922,0.540486573136755,0.7523115515390951,488.66398505707,0.4892219714968178,11.710042661499756,4.9359998490613135,1.768416912942944,542.1721557976088,1.8112717349019851,11.743581986774284,5.476486422198068,1.708288884642484,13.446594661072231,0.01156418429860473,2.3924300805314083,0.5846345504814013,0.6837820885907154,205.25177268257949,5.534693088646236,17.672160823387458,8.92399011663389,3.2573093253437775,218.69836734365168,6.224786336215308,17.828504769012635,9.50862466711529,3.128122853129083,34.7321391497416,0.0413684977843527,5.6807608170479185,0.9387064635065296,1.066677360438264,275.3310238960553,4.346960697147779,15.55934278882637,7.44137902421771,2.246693418779712,310.06316304579684,5.390380016741322,15.606989786359128,8.380085487724239,2.1478105664922045,52.312929576968315,0.01092014932855534,2.473724356901741,0.4843789775645214,0.6026853039777798,498.5510049030179,0.4892219714968178,11.710042661499756,4.616213008361277,1.6720985965301745,550.8639344799861,1.8112717349019851,11.743581986774284,5.1005919859257975,1.6537273837345903,62.60424391410798,0.01092014932855534,2.91307327744685,0.5396917578802413,0.7306437441124051,480.9771898449435,0.4892219714968178,9.278985432007175,4.146355084870202,1.3865099477852854,543.5814337590515,1.8112717349019851,9.299969849735767,4.686046842750444,1.354210392764098,35.72868659911014,0.01156418429860473,7.2853898114382005,0.6870901269059643,1.2277957362888665,328.3739894970995,2.1406011976332593,17.836436041734487,6.31488441340576,3.295795449682937,364.1026760962097,2.58498162517821,18.30895989461388,7.001974540311725,3.1693096560194642,62.34782360974765,0.01092014932855534,2.91307327744685,0.5328873812798944,0.7518488290740125,456.7816664142356,0.4892219714968178,9.278985432007175,3.9041168069592787,1.41087267045625,519.1294900239832,1.8112717349019851,9.299969849735767,4.437004188239173,1.4044293623826014
c<A>r<125>R<ALA>,125.60603021244518,1.3021358685732747,3.6874745412507153,1.7943718601777883,0.5910487823424242,59.240027593938606,2.145817198734849,4.8301639031159125,3.702501724621163,0.6493724414575359,62.99104448659414,2.1967974007706563,4.922701038760595,3.936940280412134,0.6592844726773166,136.26543413401,1.2877134260740322,3.6874745412507153,1.566269357862184,0.4794663295294979,147.64856671568822,1.1952417300005946,3.6874745412507153,1.6971099622492898,0.5717198696457564,92.95251598578501,2.145817198734849,4.572071203781243,2.816742908660152,0.6975289267168315,156.9321536463758,1.1952417300005946,3.6874745412507153,1.5089630158305367,0.4092550631305924,41.65362022958925,0.01092014932855534,4.4419564917836105,0.507970978409625,0.8231378535555954,414.1103492567331,0.5042947847596224,11.710042661499756,5.0501262104479645,2.062316960113445,455.76396948632237,1.3278428480309103,12.443114908798787,5.55809718885759,2.1553842050288496,15.0906836798389,0.039611273391429336,2.7480861009480293,0.6859401672654045,0.7729928863967052,172.59241768348033,5.322420264870061,18.78445043060674,7.8451098947036515,3.0103121641766357,187.68310136331917,5.726891492257928,19.06144690288984,8.531050061969053,2.8081125334051777,25.454543435900977,0.018978706601625817,6.296058208473781,0.9790209013808068,1.2004638359687108,179.0224315048606,4.346960697147779,11.351432904638614,6.885478134802331,1.861156845898203,204.47697494076158,5.390380016741322,14.252283631714548,7.864499036183138,2.0411854861037257,41.82320088515536,0.01092014932855534,2.307075011398151,0.44492766899101444,0.5779437392395983,445.74886222134205,0.4788438703008069,11.710042661499756,4.742009172567468,1.9517787006948322,487.5720631064974,1.3019176108151869,11.743581986774284,5.186936841558483,1.9725956706868957,47.01222532170772,0.01092014932855534,5.523357105705298,0.42738386656097926,0.7519266537621038,480.02407512863374,0.5042947847596224,11.351432904638614,4.363855228442125,1.7898613699968176,527.0363004503414,1.3278428480309103,11.371511644251715,4.791239095003104,1.835662481777648,28.75680305462633,0.012620756230882435,3.729750207482991,0.668762861735496,0.9599151073221749,243.91752146229874,2.1036857874833004,18.78445043060674,5.672500499123227,3.270232115890359,272.674324516925,2.859184427239957,19.06144690288984,6.341263360858721,3.244990784751373,47.271239310317895,0.01092014932855534,4.266062933724307,0.4680320723793851,0.7436107837854886,410.52674043548495,0.4788438703008069,11.351432904638614,4.064621192430544,1.7046864621718494,457.7979797458028,1.3019176108151869,11.371511644251715,4.5326532648099285,1.7293385650806081
c<A>r<126>R<LEU>,133.98251222928297,1.3021358685732747,4.021122519949885,1.8353768798531915,0.6281808621419794,64.5027865485913,2.145817198734849,4.876481970442728,3.583488141588406,0.7389018046561535,65.733922025842,3.367429984671611,4.922701038760595,4.108370126615125,0.5175592694650021,145.60959488219518,1.2877134260740322,4.021122519949885,1.5827129878499477,0.5159064819103774,156.66004148867825,1.1784767548032407,4.021122519949885,1.7406671276519805,0.6176358180165169,94.93523981442641,2.145817198734849,4.572071203781243,2.712435423269326,0.5894450574632629,167.87114046826707,1.1784767548032407,4.021122519949885,1.5401022061308907,0.49076570639754574,50.36676376039085,0.01092014932855534,3.7856284029234617,0.6142288263462299,0.8275907009575937,371.91732651770917,0.5042947847596224,9.278985432007175,4.53557715265499,1.222374731350009,422.2840902781,1.3278428480309103,9.477883471172973,5.149805979001219,1.2816496319112447,17.120742929188282,0.015411282872380028,2.67127839285601,0.6584901126610878,0.7994861380241607,221.8744600937066,4.775426072022128,18.78445043060674,8.533633080527178,3.501163736209345,238.99520302289488,5.726891492257928,19.06144690288984,9.192123193188264,3.4563887055416096,24.410927471135484,0.018978706601625817,7.078996100096322,0.9764370988454193,1.3939062544047474,161.6801458858738,4.346960697147779,11.161721820144749,6.467205835434952,1.5394906560739006,186.09107335700926,5.390380016741322,13.190156178116798,7.443642934280371,1.777575056773833,51.403458059580174,0.01092014932855534,3.5903782507986683,0.524525082240614,0.7174113889957128,427.95080016674433,0.4788438703008069,9.278985432007175,4.366844899660657,1.2862098831663389,479.3542582263245,1.3019176108151869,9.477883471172973,4.891369981901271,1.2969209128678474,58.30009207721395,0.01092014932855534,3.4080985947733176,0.4982913852753329,0.6690352716069162,486.6389690733322,0.5042947847596224,9.278985432007175,4.159307427977199,1.3127446866862384,544.9390611505462,1.3278428480309103,9.299969849735767,4.657598813252531,1.2854482494334583,28.60126912965457,0.012620756230882435,5.282865659760827,0.665145793712897,1.1234180024591622,230.65773151226358,2.0871819357453205,23.532768946968645,5.364133290982874,4.001536208144003,259.2590006419182,2.6408851747860322,23.83698893677043,6.029279084695772,3.957107470172053,59.63050423959855,0.01092014932855534,3.4080985947733176,0.5372117499062933,0.7437412302569706,423.38205842331945,0.4788438703008069,9.278985432007175,3.8142527785884637,1.375440146570605,483.0125626629179,1.3019176108151869,9.299969849735767,4.3514645284947555,1.3572805333668916
c<A>r<127>R<LYS>,82.18159110923632,1.3671856635490605,4.404399337865448,1.7485444916858792,0.5365347532602692,43.433223862309674,2.719057830602495,5.2957863597883845,3.6194353218591395,0.7960432557258107,62.3805699665066,2.1680193963034187,4.5444678906676215,3.669445292147447,0.639128261263285,94.07626877002954,1.2997527036491097,4.404399337865448,1.5679378128338257,0.4645918958644934,107.30372443648484,1.1784767548032407,3.4280628131333613,1.6508265297920746,0.497916826514328,82.18514628950722,2.1680193963034187,4.5444678906676215,2.739504876316907,0.5859229099411424,118.20934208169774,1.1784767548032407,3.398175292735976,1.5155043856627917,0.37796734438461327,22.423816400200746,0.010721924145816963,3.7856284029234617,0.5901004315842302,0.8259043271044029,205.96924088066203,3.2007107709123375,14.620433029682545,5.420243181070053,2.1652707860613596,228.3930572808628,3.912848518909109,14.81261323898321,6.010343612654284,2.091001160810931,8.731814447282392,0.015411282872380028,2.5938076031463293,0.6716780344063379,0.7645649976888051,103.6205293868179,4.775426072022128,16.769167703683706,7.9708099528321465,3.4268089982010355,112.3523438341003,6.375034081133884,16.8079918235661,8.642487987238484,3.1120141384425772,17.276560028764443,0.018978706601625817,2.487382959078971,0.6910624011505777,0.7386650222430019,159.81530590659168,4.346960697147779,12.979387660385328,6.392612236263667,1.7318137772500934,177.0918659353561,5.390380016741322,13.190156178116798,7.083674637414244,1.5146755918650596,24.556447895157923,0.011888325904983343,3.5903782507986683,0.5115926644824568,0.7475108722580805,225.85219662901682,1.8483188715401866,11.954715309540916,4.705254096437851,1.58263256189204,250.40864452417475,1.86020719744517,12.959961887234103,5.2168467609203075,1.7253874957545667,28.83341295250691,0.011967518188475967,2.577509456141936,0.4119058993215273,0.5739676770372417,289.6308471659688,1.98422012152173,8.307444784416475,4.137583530942412,1.301496620202665,318.4642601184757,2.0791174508607515,8.578741493554482,4.549489430263939,1.2759120566152793,23.80918927746629,0.013278014788683734,4.417994879066608,0.7440371649208216,1.131934448989749,134.8479198621351,2.0871819357453205,15.260754376388832,4.213997495691721,2.55284192687925,158.65710913960135,2.6408851747860322,15.364379578620461,4.958034660612542,2.706803189633642,31.54355852254171,0.011888325904983343,4.384232455406559,0.4779327048869956,0.8067275542909068,246.3881271785133,1.8483188715401866,15.260754376388832,3.7331534420986863,1.8456592557705225,277.931685701055,1.86020719744517,15.364379578620461,4.211086146985682,1.8440771588852478
c<A>r<132>R<SER>,90.6449354467657,1.3021358685732747,3.9633345925456127,1.812898708935314,0.6862227340846506,43.15220328656657,2.719057830602495,4.844827963153674,3.596016940547214,0.6867708847050421,52.253976446605705,2.146350914173387,5.982407693691476,3.7324268890432646,0.8901019081440783,100.76248920768917,1.2997527036491097,3.9633345925456127,1.5994045905982408,0.5475067920698081,107.68558871937367,1.1784767548032407,3.751335935234524,1.656701364913441,0.5607234466147654,74.74102525096805,2.146350914173387,4.602598995399386,2.768186120406224,0.6196187834200768,117.81513708581001,1.1784767548032407,3.751335935234524,1.5104504754591026,0.41674300307629647,25.190224357448013,0.010721924145816963,2.7966864751014846,0.48442739148938485,0.6602774003953619,254.4701262118556,0.5042947847596224,11.761018781869097,4.893656273304915,1.7849054680592238,279.66035056930366,1.3672222885225054,11.885080720133967,5.3780836647943016,1.7245840655185922,6.951307560140908,0.02092990875405043,2.0468134102983964,0.5347159661646852,0.5311168840981283,96.45549137853459,5.322420264870061,12.701131075417834,7.419653182964199,2.1479153712912993,103.40679893867551,6.375034081133884,12.81067717136645,7.954369149128885,1.9199922452225777,13.460015351661287,0.018978706601625817,2.487382959078971,0.7477786306478493,0.75558877908045,123.11387280002191,4.57765745968868,12.264085826759583,6.839659600001217,2.0014056507380373,136.57388815168318,5.503703287584085,13.03560529609437,7.587438230649066,2.06085280195396,26.48868962632518,0.010793245994993761,3.4415901403628517,0.4272369294568577,0.6479768939208863,276.140519583397,0.5042947847596224,11.271921319757894,4.453879348119306,1.5944665435337733,302.62920920972215,1.3569660231760126,11.370901808373311,4.881116277576163,1.545391426334316,30.569806588907305,0.013098846543929454,1.7908736395053815,0.4131054944446933,0.5432160036098226,309.2819240141971,0.5042947847596224,11.761018781869097,4.179485459651312,1.6768305782237578,339.8517306031044,1.3672222885225054,11.885080720133967,4.592590954096005,1.6282196973855378,22.414301984534134,0.013278014788683734,6.375257915345067,0.8301593327605234,1.4423780056351216,126.26799016496147,2.0871819357453205,11.268919034897408,4.676592228331907,2.586599042568564,148.6822921494956,2.6408851747860322,11.716574530621063,5.50675156109243,2.7854324961784864,32.5894562999128,0.011888325904983343,2.634541275749914,0.4345260839988373,0.6406152445549579,288.63652915667944,0.5042947847596224,10.906052383743372,3.8484870554223924,1.716136912010287,321.22598545659224,1.3569660231760126,11.094609105278794,4.28301313942123,1.6363720950221061
c<A>r<133>R<TRP>,105.77261861002782,1.3021358685732747,3.9633345925456127,1.8556599756145231,0.7111439966000007,48.39174151338101,2.732732927636083,6.6129956454599235,4.032645126115084,0.9395349619377034,64.82310904241075,2.146350914173387,5.982407693691476,4.051444315150672,0.8070058919477257,115.54482563551151,1.2997527036491097,3.9633345925456127,1.6506403662215932,0.6253815366291083,131.8330865228446,1.1952417300005946,3.8334571986090182,1.781528196254657,0.6887930548124552,83.26672648918381,2.146350914173387,4.602598995399386,2.8712664306615108,0.6805566932189109,139.75874964777395,1.1952417300005946,3.8334571986090182,1.606422409744528,0.5558725478863726,37.000882041685024,0.010910677124106982,2.484825936529152,0.5068613978313017,0.7007339153547026,347.0145969230641,0.5042947847596224,11.271921319757894,4.75362461538444,1.4271452129113416,384.01547896474915,1.3672222885225054,11.395340774741324,5.260486013215742,1.4417366169232608,12.16118358539564,0.02092990875405043,4.2185418636131296,0.7153637403173906,0.9810939177088399,144.4301651048886,5.322420264870061,17.672160823387458,8.495892064993447,3.3440280949707017,156.59134869028424,6.485435013433731,17.828504769012635,9.211255805310838,3.6799063791978677,19.131607785807965,0.018978706601625817,2.3358805115152705,0.9110289421813317,0.6634132483201627,152.36037532568207,4.346960697147779,13.492144217407485,7.255255967889623,2.8318366857896393,171.49198311149001,5.390380016741322,14.550784386003734,8.166284910070953,3.01999737619647,37.45032444988998,0.010910677124106982,2.411712322510713,0.4304634994240228,0.5916231651709902,395.8576112056144,0.5042947847596224,11.271921319757894,4.550087485122004,1.324509830441876,433.30793565550437,1.3569660231760126,11.370901808373311,4.980550984546027,1.315970906804144,45.84502584678086,0.01092014932855534,3.3526986183638723,0.47755235257063394,0.6994227738845991,407.9388857186341,0.5042947847596224,10.906052383743372,4.249363392902438,1.3122768671454355,453.78391156541494,1.3672222885225054,11.094609105278794,4.726915745473073,1.290778166779734,23.749664382891122,0.024288251823596063,4.812619708230173,0.7661182058997136,1.1339027297095252,189.08980254899757,2.1036857874833004,15.170378310074739,6.099671049967664,3.363408870056936,212.83946693188867,2.859184427239957,15.217121236187623,6.8657892558673765,3.505269716037688,43.58674145922761,0.01092014932855534,2.8186591721426613,0.4842971273247512,0.711625359624551,364.0671664273152,0.5042947847596224,10.906052383743372,4.04519073808128,1.4134864772791187,407.6539078865428,1.3569660231760126,11.094609105278794,4.529487865406031,1.3487284879111803
c<A>r<134>R<THR>,90.45136002307353,1.3021358685732747,3.7845149989428264,1.8090272004614707,0.6095656049185371,42.49015280113604,2.8043665162990568,5.161515495325387,3.8627411637396403,0.6647619098887433,55.50435615042884,2.1967974007706563,5.060427000472335,3.9645968678877743,0.7140810444641815,98.90225347723451,1.2997527036491097,3.7845149989428264,1.5951976367295888,0.5091550983022336,111.17995486669264,1.2093763597822504,3.4092468922766868,1.7104608441029636,0.5611463245652618,73.699092304133,2.1967974007706563,4.8186351836031704,2.8345804732358846,0.6724154581871961,118.8008359187581,1.2093763597822504,3.4070588601721425,1.5428679989449103,0.4245428922370182,24.40407598351047,0.010910677124106982,2.216593759252415,0.5084182496564681,0.7111306947232156,238.39186202541714,1.24831781753619,8.56640016122492,4.966497125529524,1.1251659342669562,262.7959380089276,1.3672222885225054,8.784397851217188,5.474915375185991,1.0829980385272087,7.9199365315796095,0.02092990875405043,2.3924300805314083,0.7199942301436009,0.6846487341219832,73.42069235278268,5.322420264870061,8.492105230026937,6.674608395707517,0.9600561454749391,81.34062888436229,6.485435013433731,8.690170750492694,7.3946026258511175,0.8191024137033257,15.512127554180262,0.0185916078706434,3.634487312319619,0.7386727406752506,0.8364750848725663,160.32124291372543,4.346960697147779,15.55934278882637,7.634344900653592,2.6070999495322784,175.8333704679057,5.390380016741322,15.577934396697014,8.373017641328843,2.5403612241850455,24.512644317207034,0.010910677124106982,2.056327825414967,0.40184662815093497,0.5523646086237077,280.4844441840769,1.24831781753619,6.390177433327381,4.598105642361916,0.865935717022876,304.9970885012839,1.3672222885225054,6.639903397298903,4.999952270512851,0.8676163726043999,30.886243196964642,0.011570050523527442,3.1455039667808737,0.4902578285232483,0.6880333594085202,258.1581441682654,1.24831781753619,6.644604238466854,4.097748320131196,1.0735952940033964,289.04438736523,1.3672222885225054,6.665794040958291,4.588006148654445,0.9932351638358378,19.696372832185915,0.026731945527215473,3.1304219205054755,0.6565457610728639,0.7640522174713023,166.17722425627449,2.1036857874833004,10.821490605661893,5.539240808542483,2.289200701945722,185.8735970884604,2.9206428980650743,10.868859735166662,6.195786569615347,2.1755800604960314,31.97863900000407,0.011570050523527442,3.0518749215583103,0.4996662343750636,0.7614510128488418,245.79006802791173,1.24831781753619,6.553258734253177,3.8404698129361208,1.0971695827848433,277.76870702791575,1.3672222885225054,6.597641988865936,4.340136047311184,1.028956525946272
c<A>r<135>R<ALA>,114.47530336220156,1.3463750167760824,3.7845149989428264,1.8170683073365326,0.5530695299597335,64.12372772785515,2.775188089139661,5.368481233868127,3.5624293182141753,0.8505784332741446,71.17010539357902,2.1967974007706563,4.760943875670236,3.7457950207146853,0.6979834748653028,130.24139355475032,1.2997527036491097,3.92435937491671,1.5883096774969552,0.4495895545591559,138.02808863378348,1.1698028113454937,3.4092468922766868,1.6629890196841384,0.4943160783422785,100.93420240753838,2.1967974007706563,3.995522226107272,2.65616322125101,0.4222220666740587,152.86597132006312,1.1698028113454937,2.906326542200248,1.4986859933339522,0.32688925789659823,41.20985686412276,0.010910677124106982,3.471879486223253,0.5494647581883035,0.7706093526713339,375.8565594082961,0.4903405985990048,11.450250798378875,5.011420792110615,1.403608860646148,417.06641627241885,1.828118354594782,11.687611673919509,5.560885550298918,1.308856012613698,15.725046594930792,0.01156418429860473,5.3455114672096755,0.655210274788783,1.1096972797805218,235.13424750201307,5.468080482674168,17.672160823387458,9.797260312583878,3.74708318824678,250.85929409694384,5.6349184865484485,17.828504769012635,10.45247058737266,3.8042992963715694,26.08965848485616,0.0165152474143202,2.4337420910286447,0.7454188138530331,0.6783156461034621,271.1787011732665,4.346960697147779,15.55934278882637,7.747962890664757,2.2747332144541863,297.2683596581227,5.390380016741322,15.577934396697014,8.493381704517791,2.157635027684104,37.24377795299052,0.010910677124106982,3.0224480234670743,0.413819755033228,0.6065146759536747,411.31150557405203,0.4903405985990048,11.450250798378875,4.570127839711689,1.3349492432020629,448.5552835270426,1.828118354594782,11.687611673919509,4.983947594744918,1.3003450179989193,47.793172331263094,0.011570050523527442,3.1455039667808737,0.5084380035240754,0.6622925499327318,381.2932560038455,0.4903405985990048,11.450250798378875,4.056311234083463,1.3687024972065762,429.0864283351086,1.828118354594782,11.687611673919509,4.564749237607539,1.3302707782447534,30.39432336981716,0.01822961960063152,2.8344417629270655,0.5065720561636193,0.6266901694262331,326.6792539111002,2.039405301443594,16.4186752345895,5.44465423185167,3.348442223713009,357.07357728091733,2.6244286023309575,16.513326072790655,5.951226288015289,3.284698329154128,48.30388191971823,0.010174628744005432,4.116422396877697,0.4928967542828391,0.6967821287172521,357.0727113214741,0.4903405985990048,11.450250798378875,3.6435990951170827,1.353434037609457,405.37659324119227,1.828118354594782,11.687611673919509,4.136495849399921,1.3507558287947699
c<A>r<136>R<ALA>,95.14503150636227,1.3463750167760824,3.587037863028328,1.8297121443531206,0.5116820876509626,52.982372969715016,2.744811154560888,4.37054965514505,3.3113983106071885,0.4875725044791436,78.04852143682885,1.8825449623784223,4.85973258091406,3.5476600653104025,0.9216367269169338,105.62950069257624,1.3008263101380133,3.587037863028328,1.5308623288779166,0.3397010959933138,123.00345303737852,1.1698028113454937,2.9403724665252366,1.6400460404983803,0.4470336557920959,101.41511151625144,1.8825449623784223,3.995522226107272,2.600387474775678,0.42054585918935794,133.48792222359253,1.1698028113454937,2.560461205062224,1.450955676343397,0.233084694676672,26.998228833385387,0.012114007071192923,3.8717923091592485,0.6584933861801314,0.9384817774119506,209.73547825972815,3.480605727691909,8.19161970875598,5.115499469749468,1.2129012572454134,236.73370709311357,3.7011133018092357,10.145936720327832,5.773992855929599,1.3295009655232115,12.225365283033243,0.01156418429860473,8.08377255733075,1.0187804402527703,2.219786920077679,97.90723475946447,5.8822634818309325,12.484444775074053,8.158936229955373,2.050868497013112,110.13260004249771,5.918467775022979,14.744083109451768,9.177716670208143,2.5722002915091995,35.98073192568618,0.0165152474143202,4.653983816440771,0.999464775713505,1.214692102542284,266.8754642391825,4.5209839973488215,14.087005884125574,7.413207339977292,2.163170234555789,302.85619616486866,5.2173016039174644,14.108654131569388,8.412672115690796,1.9599320117989485,22.783138712481904,0.013312825980546172,3.8717923091592485,0.4298705417449416,0.6643714328628479,242.00082909446803,2.1557425429768955,8.19161970875598,4.566053379140906,1.2463670474493356,264.78396780694993,2.174545977913989,9.219795609002869,4.995923920885848,1.3154464140501876,36.48067592716969,0.010308009242443461,3.5137324465748616,0.5444877004055177,0.7378787691030136,275.04578819814503,1.5826881820148628,8.176286818619019,4.105161017882762,1.2788030343078822,311.52646412531476,1.88169773634809,8.303366383380204,4.64964871828828,1.2576663064729057,35.84448193192915,0.013447067348739239,5.552287378681463,0.7028329790574344,1.050856285284732,258.42771884246946,2.0301514790573947,11.172392670571298,5.0672101733817545,2.251652359324041,294.2722007743986,2.3371106123980137,11.185839737920038,5.770043152439188,2.2529571793471503,36.50517365134834,0.010174628744005432,3.3722047203112053,0.5070163007131714,0.7058670099780134,268.62358931365355,1.5826881820148628,8.176286818619019,3.730883184911855,1.2937882355148926,305.1287629650019,1.88169773634809,8.303366383380204,4.237899485625026,1.3121580802969666
c<A>r<137>R<ASP>,81.28365743829595,1.3372956349020217,3.7686222481034224,1.8903176148440919,0.6477533809756897,37.85702639025088,2.775188089139661,5.4317334797692975,3.785702639025088,1.058117929515735,55.517238708325856,2.2383885639910037,4.829431547890576,3.7011492472217236,0.7889966734574733,87.2132144857887,1.3008263101380133,3.7686222481034224,1.6150595275146056,0.5507083674694265,101.36172330901323,1.1698028113454937,3.5576198800775556,1.717995310322258,0.5562033815895723,70.35470927313916,2.2096752822664683,4.05271471488099,2.7059503566591987,0.5522838310496232,107.13061995977266,1.1698028113454937,3.5576198800775556,1.5304374279967523,0.43054121932692513,20.198844009932575,0.012114007071192923,3.3295731754662317,0.5610790002759048,0.7099688239319347,183.49121728568338,3.480605727691909,9.715244538997524,5.09697825793565,1.3284767853623467,203.69006129561598,3.561668355223592,10.174734096640623,5.658057258211555,1.3345671608685847,2.635000183917068,0.01156418429860473,1.130692605286626,0.239545471265188,0.313732452866722,119.36968812256873,5.8822634818309325,15.994285371078604,10.85178982932443,3.342870941329142,122.0046883064858,5.918467775022979,16.207658009753438,11.091335300589618,3.370171355417734,20.592455067505917,0.0165152474143202,2.899677734448307,0.8953241333698224,0.9347502210777012,159.84964735018133,4.5209839973488215,10.808473119626115,6.949984667399188,1.5594518778528317,180.44210241768724,5.2173016039174644,10.824988367040435,7.84530880076901,1.4296279713923299,15.490110198853266,0.013312825980546172,1.7433174171344596,0.3971823127911094,0.444342167038663,182.19416059873555,3.3281214425435337,9.715244538997524,4.671645143557321,1.2718176805247137,197.68427079758882,3.561668355223592,10.174734096640623,5.068827456348432,1.3366551997969944,28.35763856111525,0.010308009242443461,2.338037997275265,0.46487932067402055,0.5911742090498127,240.55282699233925,1.5826881820148628,8.176286818619019,3.9434889670875286,1.2570701546226906,268.91046555345457,1.88169773634809,8.303366383380204,4.40836828776155,1.2537674277964603,20.179055617476926,0.01822961960063152,4.914717116077732,0.5765444462136264,0.9430380737610706,173.99356665986176,2.2616704039692195,9.423703647409639,4.971244761710336,2.174381246470137,194.17262227733866,2.6244286023309575,9.488005220400701,5.5477892079239615,2.3143480867762185,26.336258139555376,0.010174628744005432,2.3683919830793716,0.4463772566026335,0.5836187838971472,216.10687050625086,1.5826881820148628,8.176286818619019,3.6628283136652686,1.2301767778266346,242.4431286458062,1.88169773634809,8.303366383380204,4.109205570267902,1.264995549543117
c<A>r<138>R<MET>,57.113357266124744,1.4072339440748582,3.7312763112328784,1.9037785755374914,0.641605212433193,22.997404972752143,2.775188089139661,5.368481233868127,3.2853435675360205,0.9005312245209259,41.278344484750576,2.2383885639910037,4.57196254889775,3.4398620403958815,0.6932559352286927,60.880342303499795,1.3008263101380133,3.7312763112328784,1.6021142711447314,0.5372502902604976,73.26538615822736,1.1698028113454937,3.3587007837947724,1.7038461897262176,0.5213451860989542,52.40752325475687,2.2096752822664683,3.995522226107272,2.6203761627378435,0.4519562775719777,77.03237119560241,1.1698028113454937,3.3587007837947724,1.510438650894165,0.3858353254579166,14.24996174092166,0.018508740241372834,3.3295731754662317,0.6477255336782574,0.7388166040515093,107.50874528242423,3.4918051921051756,6.937277543487653,4.886761149201101,0.9797715185615853,121.75870702334588,3.7011133018092357,7.321332920851292,5.534486682879358,0.9030710387111629,0.74524662928882,0.01156418429860473,0.41779448575762324,0.10646380418411715,0.13879620120283817,70.22778409424564,5.8822634818309325,15.817497278244446,10.032540584892233,3.6349944717415026,70.97303072353445,5.918467775022979,15.831163119794006,10.13900438907635,3.580809820174605,9.776787222184007,0.0165152474143202,1.9827180645034357,0.6110492013865004,0.5789999467635272,108.95995018552298,5.467154644569746,10.808473119626115,6.8099968865951865,1.338189658891996,118.736737407707,5.812475898463583,10.824988367040435,7.421046087981687,1.192681418975894,9.379673841160383,0.012237469536045431,1.7433174171344596,0.33498835147001366,0.3974134452253106,121.43021412171686,1.8839755888984655,6.937277543487653,4.336793361489888,0.9299582153934414,130.80988796287724,1.896213058434511,7.060031252134577,4.671781712959901,0.9674166717028837,18.595489481487697,0.02106817909555181,2.2884594823419917,0.4768074226022486,0.5967350309754336,137.2849982203184,1.8339957464988856,6.644604238466854,3.5201281594953437,0.9229617157163355,155.88048770180612,2.0371540858132846,6.665794040958291,3.996935582097593,0.9580123987531945,9.329398438293973,0.01822961960063152,1.4106505780311336,0.3588230168574605,0.3425399367796813,96.8300896357648,2.2616704039692195,9.423703647409639,3.724234216760185,1.7756336073081773,106.15948807405879,2.6244286023309575,9.597499125147902,4.083057233617645,1.793092866099004,17.11916872704523,0.012237469536045431,1.9975041497263906,0.40759925540583886,0.459084354772125,132.81340532191717,1.8339957464988856,4.81962402652448,3.1622239362361233,0.7858318927000816,149.9325740489624,1.896213058434511,5.488516746916069,3.5698231916419623,0.8876164904901708
c<A>r<139>R<ALA>,91.92576335398292,1.3322785112858324,3.7372745107124126,1.802465948117312,0.6661867020963979,33.68019932983606,2.775188089139661,7.6353639554078825,3.368019932983606,1.445111530571311,54.1125799624862,2.2383885639910037,6.716366128942426,3.607505330832413,1.0948136729065348,100.74600037160427,1.3008263101380133,3.6863274740374883,1.624935489864585,0.568713132816744,112.31605165552047,1.1698028113454937,3.6417819683116117,1.6763589799331413,0.5609402226242356,73.54350606490145,2.22299000919137,6.2300809756649675,2.8285963871115944,0.7869852290394266,121.29147959937774,1.1698028113454937,3.6417819683116117,1.5550189692227916,0.47297974946223215,29.652509227963094,0.01005031868278472,2.6362672541644425,0.6895932378596068,0.6717292099034053,198.39995610107547,0.4903405985990048,6.937277543487653,4.613952467466872,1.4555178716165458,228.05246532903854,1.8183752094592758,7.597719431472548,5.303545705326478,1.393924983977781,0.7390047079439501,0.01156418429860473,0.41779448575762324,0.12316745132399169,0.14053038657232517,59.97991356499347,5.468080482674168,25.779745099769798,9.996652260832244,7.166733354004374,60.718918272937415,5.6349184865484485,25.833401826541145,10.119819712156236,7.126554871128173,17.8783037777341,0.010262791228466739,3.272738152120583,0.8126501717151864,0.8843629174175692,164.01531339343882,3.491032269882453,17.88480585928579,7.455241517883582,3.444856892021844,181.89361717117288,4.427573239846058,17.895068650514258,8.267891689598768,3.400554832196938,26.404454292252936,0.01005031868278472,2.6362672541644425,0.5077779671587103,0.6443640885310957,221.57835782875526,0.4903405985990048,6.937277543487653,4.261122265937601,1.3285161099013172,247.98281212100815,1.8183752094592758,7.513366095412641,4.768900233096311,1.3049744297275774,35.838688833766255,0.014773548938705083,3.4348353431356964,0.5119812690538037,0.6487309445220072,246.45707179254822,0.4903405985990048,6.644604238466854,3.5208153113221172,1.156550269968524,282.29576062631446,1.8183752094592758,7.052155113955088,4.032796580375921,1.147357609656796,22.0784458482359,0.01822961960063152,3.9151291756861504,0.5017828601871795,0.6879390580168387,222.67081105321068,1.970663938291409,15.514849898113653,5.060700251209334,3.503875422534259,244.74925690144656,2.6244286023309575,15.659843225048451,5.562483111396513,3.701119132366952,37.95088705191029,0.012237469536045431,3.4348353431356964,0.49935377699881967,0.6385897850944156,239.95903053403657,0.4903405985990048,5.663338937681658,3.1573556649215337,0.9786645153126623,277.90991758594686,1.8183752094592758,6.102133654965578,3.6567094419203534,1.0136021846135763
c<A>r<140>R<ALA>,112.76710490380542,1.3322785112858324,4.117215685923339,1.7899540460921495,0.6306929717902124,42.8963870179516,2.775188089139661,5.368481233868127,3.299722078303969,0.8534719615811301,66.80938371951274,2.2383885639910037,4.57196254889775,3.516283353658565,0.6528139089768361,120.69230703890332,1.3008263101380133,4.117215685923339,1.5674325589467963,0.5197256455830785,137.22542301698897,1.1698028113454937,3.6417819683116117,1.6533183496022767,0.5026110325284291,86.50589768744793,2.2096752822664683,3.995522226107272,2.6213908390135736,0.40232319038293846,144.6263756762106,1.1698028113454937,3.6417819683116117,1.4909935636722744,0.3609617005615365,42.49887785000108,0.01005031868278472,3.3295731754662317,0.6343116097015087,0.7620655878988847,321.212045139337,0.4903405985990048,7.357145694794781,4.794209628945329,1.1557302009016721,363.7109229893381,1.828118354594782,7.597719431472548,5.428521238646837,1.1529583501484477,4.844906410420513,0.01156418429860473,1.130692605286626,0.30280665065128204,0.3130861207918398,159.43832484403538,5.468080482674168,16.4396671643226,9.964895302752211,3.3495674660606887,164.28323125445587,5.6349184865484485,17.355449965753586,10.267701953403492,3.5307271961069397,26.345286174692667,0.0165152474143202,3.272738152120583,0.7983420052937172,0.7840584726436739,224.46891976284132,3.491032269882453,10.921277138532105,6.802088477661858,1.8463082024524715,250.814205937534,4.427573239846058,10.999322470824378,7.600430482955576,1.761209523009809,35.38080105994163,0.01005031868278472,2.9874852089898667,0.44785824126508395,0.6258594733263639,353.0070361565267,0.4903405985990048,6.937277543487653,4.468443495652236,1.0883078493319727,388.38783721646826,1.828118354594782,7.513366095412641,4.91630173691732,1.1518752672258423,48.23087231203934,0.014773548938705083,2.687459602844095,0.5024049199170765,0.6418044088443916,352.296194592493,0.4903405985990048,8.176286818619019,3.6697520270051354,1.1901483478267632,400.5270669045324,1.828118354594782,8.33286835085569,4.172156946922212,1.198786030387156,22.85413328344376,0.01822961960063152,1.7398603118722527,0.4232246904341437,0.42303478097286806,233.29185828570257,1.970663938291409,9.725653468529572,4.320219597883381,2.252192387013899,256.14599156914636,2.6244286023309575,9.837874549738158,4.743444288317526,2.2521780341380686,46.67006759792463,0.012237469536045431,2.7867906684944987,0.4575496823325944,0.6110208567364943,346.8190741248397,0.4903405985990048,8.176286818619019,3.4001870012239186,1.1439047430212226,393.4891417227643,1.828118354594782,8.33286835085569,3.857736683556513,1.1823862787208672
c<A>r<141>R<GLN>,97.48400092149532,1.3507014229255097,4.593265910439029,1.8746923254133716,0.6687717316185474,47.8310656440506,2.127793409989495,4.97103596666833,3.188737709603373,0.7326129976248762,50.34178784058418,2.7724034252472523,5.048005565271596,3.595841988613156,0.6562888297778794,107.2856753283568,1.3008263101380133,4.593265910439029,1.577730519534659,0.5465380573079692,116.04868521251029,1.1698028113454937,3.382038251024487,1.7320699285449297,0.5430829167279754,81.45174741521703,2.127793409989495,4.600761346570675,2.715058247173901,0.5271612424063857,125.74256183763366,1.1698028113454937,3.382038251024487,1.5149706245498031,0.3993931661977869,33.37034666215797,0.015311670269010591,3.3295731754662317,0.6067335756755995,0.6951526483458607,273.850823099802,1.206956495331724,7.357145694794781,4.9791058745418555,1.0735879283547975,307.22116976195997,1.328791434915269,7.597719431472548,5.585839450217454,1.146368901048705,13.466736311819298,0.01156418429860473,5.3455114672096755,0.7087755953589104,1.3411877766957863,168.84948045376996,4.671535780075828,14.23581721087703,8.886814760724734,3.106115222164356,182.31621676558925,4.71678134350082,14.263276547336805,9.595590356083644,3.216166213520181,20.016232629843202,0.0165152474143202,3.272738152120583,0.8702709839062261,0.8596412341072716,148.9987066733861,3.491032269882453,10.808473119626115,6.478204637973309,1.7669900034404968,169.01493930322928,4.427573239846058,10.824988367040435,7.348475621879534,1.680020913589306,28.325921284438184,0.012237469536045431,2.4744940520975955,0.4227749445438535,0.5436332907298153,304.2252837294984,0.4739747459952923,6.9668385196691816,4.5406758765596775,1.1421227567248537,332.5512050139367,1.2850419494485092,7.513366095412641,4.963450821103533,1.2518406046229011,38.629197898200715,0.013037092715205922,2.687459602844095,0.44917671974651996,0.599111668513461,324.94640662737675,1.206956495331724,7.357145694794781,3.7784465886904273,1.1346521320802798,363.57560452557743,1.328791434915269,7.387003035946398,4.227623308436947,1.167590287318193,26.17684883697487,0.014303015580741985,1.860099551230725,0.4513249799478426,0.4781100260434084,259.5607149489049,1.970663938291409,13.70093736830404,4.47518474049836,2.830559069567875,285.7375637858798,2.6244286023309575,13.733387104156819,4.926509720446203,2.8320606176408947,38.60142479265929,0.012237469536045431,2.7867906684944987,0.42890471991843654,0.5585895323935607,305.4864326779252,0.4739747459952923,6.9668385196691816,3.3942936964213914,1.123949760087071,344.0878574705845,1.2850419494485092,6.9798756123843875,3.8231984163398276,1.1748974305979627
c<A>r<144>R<LYS>,125.37698334596679,1.3021358685732747,3.997533354829464,1.7413469909162054,0.5564685898244216,60.881280406936106,2.127793409989495,4.844827963153674,3.3822933559408948,0.8063746025290678,58.16526705403247,2.146350914173387,5.982407693691476,3.6353291908770293,0.853279548678797,138.19908245100552,1.2997527036491097,3.997533354829464,1.5186712357253354,0.4203565295022471,146.1895233711785,1.1698028113454937,3.4070588601721425,1.6425789142829044,0.46961839252495485,97.91440447251894,2.127793409989495,4.599682309355852,2.7975544135005412,0.6655851178450857,158.47900690413147,1.1698028113454937,3.2854042665191603,1.4673982120752913,0.29196236581338975,45.83144309085032,0.010910677124106982,3.2162007774785675,0.5036422317675859,0.6764489478876115,407.9340684224301,0.5042947847596224,7.357145694794781,4.482791960686045,1.127937396526899,453.76551151328044,1.328791434915269,7.387003035946398,4.986434192453631,1.1435341975382722,21.890796402682696,0.04524556342499153,8.820667218194306,1.0424188763182236,1.9888553436857503,175.9091964782274,4.671535780075828,13.70093736830404,8.376628403725114,2.9318364593240784,197.79999288091005,4.71678134350082,16.94150840914742,9.419047280043335,3.518394591049358,20.403773520318193,0.0185916078706434,4.179612760208473,1.0201886760159096,1.095956937823238,143.51822601452704,3.491032269882453,15.55934278882637,7.175911300726352,3.3070630911427155,163.92199953484524,4.427573239846058,15.577934396697014,8.196099976742262,3.5898538638339383,44.62225302512818,0.010910677124106982,3.0119502100173,0.42096465118045456,0.592060146141574,450.1576536957175,0.4739747459952923,6.390177433327381,4.246770317884128,1.1419976497356676,494.77990672084564,1.2850419494485092,6.5945942214642574,4.667734969064582,1.1215602554686281,54.037360636261965,0.01092014932855534,3.388110482558959,0.4740119354058067,0.6909359918332384,422.5073346340057,0.5042947847596224,6.811762273041722,3.70620468977198,1.1157721477803237,476.54469527026765,1.328791434915269,6.961279218463758,4.180216625177787,1.1509774511907376,35.615690115100605,0.011701782323569887,4.807980384740883,0.6140636226741484,0.8855104708404746,250.95289789751246,1.970663938291409,15.170378310074739,4.3267741016812495,2.6430302148679923,286.56858801261296,2.6244286023309575,15.217121236187623,4.940837724355396,2.7507676018801943,55.94741337604188,0.01092014932855534,3.2724564827579616,0.4623753171573709,0.6378084552427826,420.9169374696271,0.4739747459952923,7.631146423523205,3.4786523757820422,1.2393574777392298,476.864350845669,1.2850419494485092,7.66854779735761,3.941027692939413,1.2359225949947377
c<A>r<182>R<THR>,89.79928074866581,1.3345057289514275,3.80789417660958,1.8326383826258328,0.6144283019184363,43.59204211010871,2.1525648032027007,5.300858065423831,3.3532340084699004,0.8199227909515338,59.65121118505872,2.15366119055402,4.868675376972171,3.72820069906617,0.8170098466815942,97.99253342844558,1.3115424998859462,3.7558329952635305,1.5554370385467553,0.44617813798943073,110.9359452029346,1.197383776301743,3.46895372514661,1.6808476545899182,0.528724649496241,82.29539218859898,2.1525648032027007,4.868675376972171,2.743179739619966,0.6133799756404849,119.16422867196317,1.197383776301743,2.947136774619302,1.4895528583995397,0.35180895194650813,25.97694975868636,0.01622968401554381,3.1781554007434325,0.5301418318099257,0.761521412523399,223.21264511709148,0.5121349196707001,7.684205347332181,4.555360104430439,1.4588015835321024,249.18959487577786,1.3407954621445888,9.428348180073716,5.085501936240364,1.5887022360094774,5.031012172394181,0.034612966276448276,0.9971242989701974,0.3870009363380139,0.3280928877884664,87.59355855257428,3.8899081243136573,11.320620099119598,6.737966042505714,2.0529873621509553,92.62457072496846,4.412938244809834,11.36153174868804,7.124966978843728,1.8984968552645733,13.460053215431927,0.04163990009663365,1.683129815668324,0.560835550642997,0.46800781806135405,195.97882720737567,4.845627252939323,14.545004969799926,8.165784466973987,2.6981952886043046,209.43888042280759,5.012395903412878,14.598369493732143,8.726620017616982,2.6297719372132846,25.30473983504679,0.011524282591709678,3.206114020188844,0.47744792141597714,0.7007359760703606,219.166808307814,0.47390949384367786,7.684205347332181,4.135222798260641,1.5230589071257596,244.4715481428608,1.3084270684581978,9.428348180073716,4.612670719676619,1.6173694060090067,30.075954972691044,0.010275193955215478,2.9648621999805727,0.44889485033867227,0.7004907536633798,256.4087525585698,0.5121349196707001,13.316814670449013,3.8269963068443253,1.6024839166488498,286.4847075312608,1.3407954621445888,13.39718779600528,4.275891157182997,1.6181173476048596,22.494091413593253,0.01087842576053788,3.0087688614463453,0.5486363759412989,0.715174638759173,204.9538871951027,2.211726594810437,13.316814670449013,4.998875297441529,2.35298018210211,227.447978608696,2.736449825995588,13.590341036325778,5.547511673382829,2.4554157529905707,30.095561765405503,0.010275193955215478,2.9676767363972747,0.470243152584461,0.7073021728455956,223.14796296949356,0.47390949384367786,13.316814670449013,3.486686921398337,1.6816756274315765,253.2435247348991,1.3084270684581978,13.39718779600528,3.9569300739827984,1.6776591025350236
c<A>r<184>R<ALA>,112.12838173755019,1.3578113756775045,3.918856618755568,1.9671645918868454,0.7228992810524864,53.61636658213216,2.1525648032027007,4.236833463738994,3.35102291138326,0.4936746217540723,54.765790338258114,2.183697904585595,4.4831393900473335,3.6510526892172077,0.6020119186174047,121.55270689459292,1.2821716624415145,3.918856618755568,1.6426041472242285,0.6095029930780245,132.71136711855542,1.1918867836477998,3.918856618755568,1.817963933130896,0.6873500634331734,83.70992603864255,2.1525648032027007,3.773045207742913,2.6159351887075797,0.39082298998392245,141.51350717337272,1.1918867836477998,3.918856618755568,1.5723723019263636,0.5421020808500536,41.82597153080566,0.015075946494223835,2.8427149428967446,0.615087816629495,0.7269211527747756,315.7376667996356,1.2184353890859398,13.259575788669856,4.643200982347582,1.5396920683182873,357.5636383304413,1.3407954621445888,13.403045535552195,5.258288798977078,1.5482275539205304,9.031497094946802,0.02580825323385838,2.092206213304256,0.430071290235562,0.5136992402806762,145.57139511767588,3.8899081243136573,11.320620099119598,6.931971196079804,1.8984358212871035,154.60289221262266,4.412938244809834,11.36153174868804,7.362042486315365,1.765079996429088,14.015998663204865,0.06340185241522178,2.3148595766529523,0.6093912462262985,0.5267302495986433,178.38905167449215,4.33102944943557,19.582034568193478,7.75604572497792,4.0510301353822,192.40505033769702,4.899799667442952,19.662733694181018,8.365436971204218,3.872394887032088,41.110164377419515,0.011795418487769993,2.8427149428967446,0.5555427618570205,0.6824341609061746,321.59398663789443,0.47390949384367786,13.259575788669856,4.34586468429587,1.5777330013155308,362.704151015314,1.3084270684581978,13.403045535552195,4.901407446152891,1.6024455346473667,47.76912703320503,0.010751358941035072,3.1285865960026342,0.5249354619033519,0.648439443949293,355.797121703519,1.2184353890859398,6.923728136804641,3.9098584802584506,1.0990871828377125,403.56624873672405,1.3407954621445888,7.12016874527345,4.434793942161803,1.2235733513100886,21.820084676815235,0.012166636450277046,3.22999755815298,0.532197187239396,0.7438047061512728,162.78133146089647,2.1214357820363148,10.17897507878348,3.970276377095036,1.656575338365947,184.6014161377117,2.589907880118896,10.402096690286012,4.502473564334432,1.8040428160837516,46.189175681427415,0.01246062148275584,2.9698129526637036,0.5132130631269712,0.6530630334014694,331.59554752889784,0.47390949384367786,6.923728136804641,3.684394972543309,1.205201270583596,377.7847232103253,1.3084270684581978,7.12016874527345,4.197608035670281,1.3152724860997569
c<A>r<185>R<PRO>,119.50286396067506,1.3420560735089422,3.918856618755568,1.9274655477528235,0.756222415351727,48.32797625694864,2.1525648032027007,4.65668760278604,3.45199830406776,0.5921955208898638,58.36992123313116,2.8911862199645504,6.242041517579816,3.891328082208744,0.7689253478473218,128.2087837529788,1.2821716624415145,3.918856618755568,1.6650491396490754,0.630801569108996,139.68511148356762,1.1918867836477998,3.918856618755568,1.7908347626098413,0.6934427977001932,82.4601732625652,2.1525648032027007,4.65668760278604,2.748672442085507,0.5410503956381439,148.09542084756208,1.1918867836477998,3.918856618755568,1.5924238800813126,0.5534953346322397,43.493739821045374,0.012049458164788085,2.669955615148531,0.5116910567181808,0.6172522610130705,397.5803860106235,0.4899061402263811,13.259575788669856,4.677416306007335,1.53134499862098,441.074125831669,1.3407954621445888,13.403045535552195,5.189107362725518,1.5022432753263517,10.955376358830998,0.02580825323385838,4.029753164784074,0.5765987557279473,0.9408469537630259,136.16363772064875,4.487689449864639,10.17897507878348,7.166507248455197,1.3582046444233693,147.1190140794797,6.317628210774506,10.411084340820619,7.743106004183143,1.0904620245707066,15.98930147212588,0.012156067124370118,2.3148595766529523,0.8882945262292156,0.6389777077854217,103.82427133793279,4.33102944943557,10.82007698029912,5.7680150743295995,1.3804269007670937,119.81357281005866,5.036270812428352,11.111115978762736,6.6563096005588145,1.2346501327644706,44.57514273364933,0.012049458164788085,2.669955615148531,0.5008443003780824,0.5741710273894669,391.9323369105265,0.47390949384367786,13.259575788669856,4.403734122590185,1.5001120102598482,436.5074796441759,1.3084270684581978,13.403045535552195,4.904578422968268,1.4697664553077678,50.5079768486062,0.010751358941035072,3.2270188121013383,0.4720371668094037,0.614629219523381,422.3194289897784,0.4899061402263811,6.923728136804641,3.94691055130634,1.1057124302613093,472.8274058383846,1.3407954621445888,7.025382521869212,4.418947718115744,1.1568627879995999,20.351172688353092,0.010213631691662783,3.22999755815298,0.4963700655695876,0.676069211244289,172.00267024112415,2.1543085376720796,10.17897507878348,4.195187079051808,1.8835114568178288,192.35384292947725,2.7757678821260923,10.402096690286012,4.691557144621396,1.899306628249448,51.97032536195963,0.012049458164788085,3.2270188121013383,0.481206716314441,0.6282509539383182,416.8529720894162,0.47390949384367786,7.07728187765508,3.8597497415686686,1.2311701502273806,468.8232974513759,1.3084270684581978,7.151189872286006,4.34095645788311,1.2215168548468038
c<A>r<186>R<LYS>,81.97685588807246,1.3738759131302556,3.8504322095589743,1.863110361092556,0.6318022936951411,37.96927807439508,2.8351260639530738,6.760625051897096,3.796927807439508,1.0286181396506595,36.769351749847885,2.8911862199645504,4.571865612422781,3.6769351749847887,0.5241114018941756,87.12871659179709,1.2821716624415145,3.8504322095589743,1.5841584834872198,0.5267021425537166,95.2079108006348,1.1918867836477998,3.8293609048357644,1.7310529236479055,0.5831298478110798,56.859558491059765,2.2181635587733832,4.972094969440231,2.7075980233837984,0.6078463371472691,100.0924457524504,1.1918867836477998,3.8293609048357644,1.5165522083704606,0.44555251957397457,24.54864211833923,0.012178590952874657,3.817596447505501,0.6294523620086983,0.840736836120418,183.98371742687215,1.4392662984276399,8.107726551494636,4.7175312160736445,1.261073944668656,208.53235954521142,1.5422857203514393,8.143860824625122,5.3469835780823445,1.3145307946318392,4.727391997062703,0.020346453094148842,1.452153418495839,0.42976290882388213,0.5523404206716551,103.61899649106198,6.28930641572606,20.057987601445248,9.419908771914725,3.869303729930929,108.34638848812467,6.317628210774506,20.078334054539397,9.849671680738608,3.825270119670093,8.533169283073516,0.012156067124370118,1.889122952580573,0.7757426620975924,0.5502170024823007,59.74623426020983,4.352357502884133,6.053905797438176,5.4314758418372575,0.6156052347023779,68.27940354328335,5.036270812428352,7.069524728555191,6.20721850393485,0.6811648337577442,21.774971638441514,0.01520739809369509,3.1285715189885295,0.604860323290042,0.7035913188906673,160.06152888982018,0.5736898102687178,8.107726551494636,4.4461535802727825,1.1731472638420275,181.8365005282617,1.45374788764845,8.143860824625122,5.051013903562825,1.209584282453995,27.215943832010375,0.012178590952874657,3.2868429325429,0.4859989970001853,0.7512085380315443,222.39879728795233,1.4392662984276399,8.375268069219658,3.9714070944277204,1.2858472163880417,249.61474111996273,1.5422857203514393,8.608488654514765,4.457406091427906,1.387419364725759,10.288351469270602,0.010213631691662783,2.134929858683332,0.41153405877082405,0.5517351592051427,107.04482455614571,2.1543085376720796,12.685509385685009,4.281792982245829,2.5645009669097045,117.33317602541632,2.7757678821260923,12.954413633108286,4.693327041016653,2.5347770890868757,25.338205931068842,0.012547030583824004,3.174168627424482,0.49682756727585964,0.7130135364493659,194.43004951606326,0.5736898102687178,6.923728136804641,3.8123539120796717,1.2427726945260609,219.7682554471321,1.45374788764845,7.025382521869212,4.309181479355532,1.3079217224453608
c<A>r<187>R<THR>,94.99816597246507,1.3530532501692623,4.198013257517108,1.8999633194493015,0.7328494614460188,30.440937509038392,2.1592109915296067,4.017732294732818,3.3823263898931546,0.4769830999993915,38.05600325491646,3.0470916478615546,4.45373946112616,3.805600325491646,0.4849146216502526,99.52838054498693,1.2821716624415145,4.198013257517108,1.6588063424164488,0.6622665898225714,109.47905364401299,1.1918867836477998,3.918856618755568,1.7947385843280819,0.6778254634494906,51.72421781860049,2.1592109915296067,3.3915462763725657,2.5862108909300248,0.3439021499558622,113.44593922353135,1.1918867836477998,3.918856618755568,1.5978301299088924,0.580814593365514,30.67014738886947,0.0239317027039867,3.1521332377222,0.6134029477773894,0.7494605998897297,261.34552249985654,1.2178824108352728,9.044997051326845,5.226910449997131,1.7787992125878902,292.01566988872594,1.343318488257578,9.418068149194983,5.840313397774519,1.8022954839218372,4.819394447519012,0.028321795048446674,3.541378700664236,0.4819394447519012,1.0249002042078563,70.5483332091726,5.026267148765783,10.579048073085914,7.054833320917259,1.634575623835101,75.3677276566916,5.522943896269536,10.742030578962638,7.53677276566916,1.5260820380922102,10.788666723309861,0.24973628425532723,1.7053918848499992,0.8990555602758218,0.5154229406708963,68.99638248784565,4.771565401857643,6.150678748168957,5.749698540653804,0.3995309769895986,79.7850492111555,6.160115095433746,7.069524728555191,6.648754100929625,0.25820584398308843,29.74691985863518,0.01520739809369509,2.6474216570583957,0.5720561511275997,0.6638793223034277,263.4495502122419,0.4883928715057664,9.044997051326845,5.066337504081575,1.8150858930845737,293.19647007087707,1.3215963234716646,9.418068149194983,5.638393655209175,1.7693250925323956,31.878786927246587,0.012827124581361815,2.6474216570583957,0.4830119231400998,0.6205163976422248,289.85041548409913,1.2178824108352728,9.044997051326845,4.39167296188029,1.7299512132877592,321.7292024113456,1.343318488257578,9.418068149194983,4.874684885020388,1.8264304544049486,9.254692308277518,0.010213631691662783,2.6556352876848415,0.48708906885671144,0.6662416693446426,66.75128514334172,2.0631443259887874,6.165685851480532,3.5132255338600906,1.2321410881876622,76.00597745161923,2.7757678821260923,6.383358469184023,4.000314602716801,1.1004364824742099,30.588223346195697,0.012827124581361815,2.6474216570583957,0.5273831611413051,0.6446249259337747,252.63553171074187,0.4883928715057664,9.044997051326845,4.355785029495549,1.8676954594447994,283.22375505693753,1.3215963234716646,9.418068149194983,4.883168190636854,1.8775157532952438
c<A>r<188>R<HIS>,80.19761843105456,1.3530532501692623,4.0035318427517685,1.909467105501299,0.7123317958163308,38.20083768789848,2.1592109915296067,4.290983007453863,3.472803426172589,0.5039214513945394,31.368914118208572,3.0470916478615546,4.582946973170569,3.9211142647760715,0.49586527980790357,87.98278103033469,1.2899651738634466,4.0035318427517685,1.6293107598210128,0.6001728866836016,90.62515889301488,1.208140946679424,3.678179363040658,1.776963899863037,0.6323104884207349,53.90641867926847,2.1592109915296067,4.1442560904458885,2.6953209339634236,0.4783880517004579,98.16705949167836,1.208140946679424,3.678179363040658,1.5582072935187041,0.49417097286574546,20.682508808117774,0.012019983940449563,2.801239269887657,0.44005337889612284,0.6574590191883711,250.044959671146,1.2178824108352728,9.044997051326845,5.320105524918,1.6952305738128346,270.72746847926373,1.343318488257578,9.121940821406282,5.760158903814122,1.6485688517103059,11.621532344579796,0.026624456691857645,3.541378700664236,0.6836195496811645,1.053808597012252,120.57880987055046,5.026267148765783,10.579048073085914,7.092871168855909,1.4258905922105896,132.20034221513023,5.522943896269536,10.742030578962638,7.776490718537072,1.2575830348721144,6.550906149990166,0.24973628425532723,1.7246068010784086,0.8188632687487708,0.4302825585667608,46.380045651088324,5.00076022211465,6.150678748168957,5.7975057063860405,0.33009288456693525,52.93095180107849,6.160115095433746,6.863852951000964,6.616368975134812,0.20571072470342822,21.981545527710857,0.012019983940449563,2.801239269887657,0.4486029699532828,0.5853271539432346,239.2807725219409,0.4883928715057664,9.044997051326845,4.883281071876345,1.6783477263757536,261.2623180496517,1.3215963234716646,9.121940821406282,5.3318840418296265,1.576670624890995,22.24583714931734,0.012827124581361815,2.801239269887657,0.44491674298634676,0.6119337879672488,218.40393460021653,1.2178824108352728,9.044997051326845,4.368078692004331,1.6529807146528634,240.64977174953387,1.343318488257578,9.121940821406282,4.812995434990677,1.6430215914382282,14.271524832726811,0.010213631691662783,3.1885259676927475,0.6205010796837744,0.8563560615745373,100.12868437745823,2.150312654770005,8.31779269492722,4.353421059889488,1.594231330022242,114.40020921018504,2.7757678821260923,8.35322080020305,4.973922139573262,1.5465366776392933,22.467660738983326,0.012827124581361815,2.801239269887657,0.46807626539548597,0.6164551313396095,197.663000572214,0.4883928715057664,9.044997051326845,4.117979178587792,1.7470577036042831,220.13066131119734,1.3215963234716646,9.121940821406282,4.586055443983278,1.6634117820748504
c<A>r<189>R<MET>,107.57433069103061,1.3530532501692623,3.6705149419430687,1.7929055115171768,0.6017418641262581,42.53896069387449,2.1592109915296067,7.301881631168246,3.8671782448976812,1.2090058414607059,50.40334013554713,3.0470916478615546,7.079225840944528,4.200278344628928,1.0247780449318595,113.74442564251878,1.2899651738634466,3.6705149419430687,1.5797836894794275,0.5053683872370787,125.80041514740687,1.208140946679424,3.6649720389702205,1.7232933581836558,0.6013992516285436,67.69445054904931,2.1592109915296067,6.696183318257458,2.8206021062103876,0.9287367934195317,131.01286559098185,1.208140946679424,3.6649720389702205,1.5413278304821394,0.46990655568886047,39.87952305091153,0.012644548383347498,3.0159282303097656,0.5779641021871236,0.7561139304568906,321.6361347879861,0.4997584420243584,8.224806839893745,4.661393257796901,1.3241822060415058,361.51565783889765,1.343318488257578,8.821334373481301,5.239357359984024,1.324325369030603,10.231474504171478,0.026624456691857645,3.357514994815343,0.6018514414218517,0.9794834540648869,144.4515094745159,5.026267148765783,19.505375534729183,8.497147616147993,3.9538552662649877,154.68298397868736,5.522943896269536,19.572138642912563,9.098999057569845,3.752546670858878,13.937069076947289,0.09426955335329268,2.110393017853866,0.7742816153859605,0.5899610277271631,207.35023794359108,3.667980989338048,23.803762282859907,11.519457663532839,7.63618044765294,221.28730702053838,4.3106427271668775,23.96089235198355,12.2937392789188,7.47406546940817,38.08428036207963,0.01520739809369509,3.0448669155818893,0.5146524373254004,0.6825056083416574,322.76881687007256,0.4883928715057664,8.224806839893745,4.361740768514494,1.2757524501481334,360.8530972321522,1.3215963234716646,8.821334373481301,4.876393205839895,1.2516998557127372,46.59013507692208,0.014998307862665428,3.3506477782454853,0.5897485452774947,0.6983026142152203,313.0717246305883,0.4997584420243584,8.224806839893745,3.9629332231720036,1.1403994735206604,359.66185970751036,1.343318488257578,8.50775786453545,4.5526817684494985,1.1637126035869811,16.801617393088932,0.01069437792277661,3.1885259676927475,0.5600539131029644,0.7610251080329833,185.8370273828209,2.150312654770005,18.3459261157534,6.194567579427363,4.831991391228269,202.63864477590985,2.91063117116824,19.28809603028182,6.754621492530329,4.929073377312379,43.34578271305428,0.014998307862665428,3.3506477782454853,0.5351331199142503,0.6891685123965449,308.33502926087345,0.4883928715057664,8.224806839893745,3.8066052995169564,1.1972940379160741,351.68081197392775,1.3215963234716646,8.50775786453545,4.3417384194312065,1.199599169374607
c<A>r<190>R<THR>,98.55088984390198,1.3503511253657208,3.5685350796853297,1.791834360798218,0.5739127652626284,56.84928421201182,2.1592109915296067,4.69343669024763,3.5530802632507386,0.6426882380147286,28.135889545104696,3.160678964174037,4.859330160247752,4.019412792157814,0.5470506995849029,110.4806845407478,1.2899651738634466,3.5276052208301336,1.5344539519548306,0.40262856417350396,108.37245506845771,1.208140946679424,3.5685350796853297,1.7201976994993287,0.5523741783381195,69.02478537030953,2.1592109915296067,4.69343669024763,2.876032723762897,0.7004110615377072,119.91818052132484,1.208140946679424,3.401654410838215,1.4989772565165604,0.3541279317016311,31.734360147005447,0.020075936875606715,3.6172949290015683,0.5289060024500908,0.7557100463358987,293.98385131425323,0.4997584420243584,10.820311482639454,4.899730855237554,1.639689464229641,325.71821146125876,1.343318488257578,11.167970467674577,5.428636857687646,1.6129804503404968,19.218146812567255,0.026624456691857645,4.387468116728188,0.8007561171903023,1.2299324688268416,172.35388302739045,5.026267148765783,9.798405675628828,7.1814117928079355,1.4055744001755894,191.5720298399577,5.290911112086791,10.454491870748926,7.982167909998238,1.4173329520418185,5.832582670918079,0.1282514845689242,1.3480810013260713,0.7290728338647599,0.4083433754116798,45.66603326340203,3.667980989338048,7.398301719537869,5.7082541579252535,0.969800707119205,51.49861593432011,4.3106427271668775,7.5265532041067935,6.437326991790013,0.885951683085852,33.495126456136326,0.01520739809369509,3.0765831469547393,0.5316686739069258,0.7097056099902057,282.1279053854244,0.4883928715057664,8.99065281160739,4.478220720403562,1.5993393533022644,315.62303184156076,1.3215963234716646,9.015959376386974,5.0098893943104885,1.5047771268186656,34.55671777079957,0.023203146070703617,2.0171932260790664,0.5857070808610098,0.5768157824617093,235.93172887350278,0.4997584420243584,7.977123348793157,3.9988428622627588,1.2621792639460474,270.48844664430237,1.343318488257578,9.040796241121633,4.584549943123769,1.3135894460508986,20.7485079799758,0.01069437792277661,3.1885259676927475,0.5928145137135943,0.7833134022221968,178.98195373388722,2.2817105703736615,13.987539421867496,5.113770106682492,2.490385961672768,199.73046171386306,2.91063117116824,14.055580042476066,5.706584620396088,2.46245810937246,36.251390349562435,0.01520739809369509,3.0765831469547393,0.5846998443477812,0.6551073427408459,229.1980111501221,0.4883928715057664,6.797899439163302,3.6967421153245503,1.286571368254442,265.44940149968454,1.3215963234716646,7.424461236415471,4.281441959672331,1.287101874582463
c<A>r<191>R<HIS>,89.90410554609906,1.3503511253657208,3.805655116297081,1.7628255989431187,0.5696689748842914,41.74182749986231,2.1515451317995327,4.387856984501316,3.478485624988526,0.6939725390394301,49.884019532730676,3.160678964174037,7.0506691192245015,4.53491086661188,1.1423511153013624,100.92315658575546,1.2899651738634466,3.7964763190411794,1.5769243216524291,0.5233171369437569,106.89602003339024,1.208140946679424,3.673078037890254,1.696762222752226,0.5662529011982324,68.63909895754499,2.1515451317995327,4.66016123808134,2.8599624565643746,0.7118686768611017,116.80762027992209,1.208140946679424,3.7964763190411794,1.5369423721042381,0.4716968940883797,26.434129693670855,0.017484193355882027,3.836481071023787,0.4637566612924711,0.7339794414663146,279.9545176309954,0.4997584420243584,10.820311482639454,4.91148276545606,1.6991088652571347,306.38864732466624,1.3141919989720408,11.167970467674577,5.37523942674853,1.6507197911336378,8.856880105443526,0.05302502126896158,3.603281593429326,0.5209929473790309,0.929720129474775,123.23810413557354,4.867059993026274,10.550739184251881,7.249300243269031,1.6989091695600538,132.09498424101704,5.290911112086791,10.603764205520843,7.7702931906480615,1.7239777946907047,13.522523962106499,0.06593520118971341,2.2707775905666416,0.7954425860062646,0.5976290654540337,155.02446377789693,3.667980989338048,23.887417899381774,9.119086104582172,5.50475458898763,168.54698774000343,4.3106427271668775,26.158195489948415,9.914528690588437,5.770096829439719,29.711848018281312,0.023203146070703617,3.47456381508119,0.5305687146121663,0.7736272676339002,243.2053254001073,0.4683562181480738,8.99065281160739,4.342952239287631,1.567787135807024,272.91717341838864,1.3002294831197139,9.015959376386974,4.8735209538997974,1.4847183918590314,29.660811684331478,0.012299352123148921,2.202192895128263,0.48624281449723733,0.600714994275947,246.12567386288902,0.4997584420243584,8.654453884185841,4.034847112506378,1.3966677256803695,275.7864855472205,1.3141919989720408,9.040796241121633,4.521089927003614,1.3785583607234495,16.623207511321233,0.011050704586405224,2.381207578058497,0.5194752347287885,0.7674210311445833,174.45564274719223,2.150312654770005,14.758967449939803,5.451738835849757,3.392842035701421,191.07885025851346,2.91063117116824,14.809191335254997,5.9712140705785455,3.4185771568046355,31.951870929345866,0.012299352123148921,3.47456381508119,0.5238011627761617,0.7221988126720904,224.302332708697,0.4683562181480738,6.341522305599256,3.677087421454049,1.2897902746841807,256.2542036380429,1.3002294831197139,7.424461236415471,4.200888584230212,1.2835594597444138
c<A>r<192>R<HIS>,70.95691397043745,1.3503511253657208,3.518166428161625,1.8194080505240373,0.5516059095068097,43.71070385259442,2.1515451317995327,4.412282852685795,3.3623618348149553,0.6607356431962488,38.5245709376293,3.160678964174037,6.428377328196994,4.280507881958811,0.9081376049148422,83.54258666630436,1.2977816694993018,3.7964763190411794,1.5762752201189503,0.5157088428155688,85.95707801600939,1.2287867021204284,3.673078037890254,1.7542260819593753,0.5872148389161237,62.683680527997936,2.1515451317995327,4.364613414743903,2.72537741426078,0.5215678642503272,97.25881706193123,1.2287867021204284,3.7964763190411794,1.5437907470147814,0.4758253126423102,18.191066715489267,0.0170066067714707,3.836481071023787,0.5053074087635907,0.8553060077809995,173.7186688689174,1.2072246111222853,10.820311482639454,4.82551857969215,1.678712926146821,191.90973558440666,1.3141919989720408,11.167970467674577,5.33082598845574,1.6710804254779776,10.825989885286505,0.05302502126896158,2.295373237512921,0.601443882515917,0.7013274057791293,129.90591609150337,4.931921216445167,10.550739184251881,7.216995338416854,1.5532441630841491,140.73190597678988,5.290911112086791,10.603764205520843,7.81843922093277,1.5906825264290896,9.068713962718112,0.1282514845689242,1.7306790248250383,0.7557261635598427,0.44591304391796316,102.0281974409032,4.9953317465308515,17.115624462446306,8.502349786741933,3.9558992128806008,111.0969114036213,5.869060408076421,17.27618930758536,9.258075950301775,3.7098943733201795,20.265239672776932,0.018920105887736405,2.9462862620772885,0.4825057064946889,0.7169588331680742,187.65091277776787,0.4683562181480738,8.99065281160739,4.46787887566114,1.7182701269326934,207.91615245054479,1.3002294831197139,10.010998738293054,4.950384582155828,1.7228510936411685,21.173892939426672,0.012299352123148921,2.632390120780486,0.48122483953242434,0.6773208386255611,175.74750605936583,1.2072246111222853,7.977123348793157,3.9942615013492233,1.2561393617165453,196.92139899879248,1.3141919989720408,9.040796241121633,4.475486340881647,1.2800160770968825,16.724017011222518,0.011050704586405224,3.418628339107971,0.5972863218293757,0.8301997591159774,132.09401608602428,2.2043686325130674,8.447888362722608,4.717643431643724,1.9747530789951773,148.81803309724685,2.9931487813951785,9.234047826938626,5.314929753473102,1.9546212167118089,23.149335201042803,0.012299352123148921,2.840344530523197,0.5261212545691546,0.7483733267236325,160.38941215662655,0.4683562181480738,8.159118633236005,3.6452139126506036,1.449865601406156,183.53874735766937,1.3002294831197139,8.331556349751716,4.171335167219758,1.4788326252512307
c<A>r<193>R<ALA>,68.97545149155764,1.3503511253657208,3.6884766899920827,1.8151434603041483,0.5065253099017497,37.16185349593988,2.1515451317995327,3.59901533357923,3.096821124661657,0.5463768269565908,52.08709696310564,3.3490751354828343,5.003997835830938,4.0066997663927415,0.5461529928645851,75.90609074005116,1.2977816694993018,3.6884766899920827,1.48835472039316,0.3222065859507249,90.49662013492308,1.2180118340483608,3.673078037890254,1.74031961797929,0.5571727131567853,68.21195281674466,2.1515451317995327,3.451131079889002,2.6235366467978714,0.35742061644291095,96.1959780839494,1.2180118340483608,2.915773462632623,1.4799381243684522,0.3209587044833738,20.35475554948576,0.01065253663954202,3.6143368509213474,0.5815644442710217,0.8747871913614695,179.26231495648818,1.2072246111222853,11.770955567045362,5.1217804273282335,1.7797860786190065,199.617070505974,1.3141919989720408,11.781608103684905,5.703344871599257,1.6921985655445397,9.016477605573522,0.07509277856339303,2.522432087713568,0.7513731337977935,0.7078979174317271,76.16514117371456,4.867059993026274,8.447888362722608,6.347095097809547,1.1985674115743206,85.18161877928807,5.379123603541707,9.234047826938626,7.098468231607339,1.07454726790143,15.719954624625608,0.01134770564405585,2.4811581313601243,0.7145433920284368,0.6307180709555119,165.56664269191694,3.6951421069336448,17.115624462446306,7.525756485996225,3.541985817724218,181.28659731654258,4.18257689073574,17.27618930758536,8.240299878024663,3.3103641691225927,16.936824625849496,0.01065253663954202,2.878159717600213,0.4234206156462374,0.6849254063026972,185.2602554465658,0.4683562181480738,11.770955567045362,4.631506386164145,2.0709940736108003,202.1970800724153,1.3002294831197139,11.781608103684905,5.054927001810382,1.9387687900591855,28.91369697982499,0.012299352123148921,3.0131672499557824,0.5455414524495281,0.7460271915316133,199.58989382586958,1.2072246111222853,6.26202970972264,3.765847053318294,1.0294314114566157,228.5035908056946,1.3141919989720408,6.571307162399106,4.311388505767823,1.0720276086562242,18.48765561836468,0.012784413906757663,3.6335501765660427,0.5602319884352933,0.8530605333971115,143.30057067522546,1.9894467950549957,8.885193179714307,4.342441535612893,2.0673431949462913,161.78822629359013,2.689757854571768,9.234047826938626,4.902673524048185,2.062427756717081,25.65728205364597,0.011909551098894244,3.0131672499557824,0.5131456410729194,0.7671441817035024,161.9868268268125,0.4683562181480738,6.26202970972264,3.23973653653625,1.2053167285194688,187.64410888045848,1.3002294831197139,6.571307162399106,3.7528821776091696,1.2642035758286911
c<A>r<194>R<VAL>,74.05480922271117,1.3692986598764867,5.180148860227058,1.948810769018715,0.7833080533729467,40.97727374132089,2.1515451317995327,7.1058166378222225,3.414772811776741,1.2286734721836792,49.95776181414063,2.1901547354358324,4.807157961379888,3.5684115581529023,0.7907071414607841,81.85603936037569,1.2977816694993018,5.180148860227058,1.6050203796152096,0.6631484226277505,96.2959209833356,1.2180118340483608,4.128237158107746,1.8169041694968981,0.6655712268015412,75.30808294144623,2.1515451317995327,6.002515388091661,2.789188257090601,0.8190506594861108,103.71024402219481,1.2180118340483608,4.128237158107746,1.5713673336696183,0.5399208211519095,19.98434094363642,0.015722757307431223,3.6143368509213474,0.5709811698181834,0.8265778852381558,181.59468689157546,1.2094986973896198,8.054164945548678,5.188419625473585,1.3456634509484255,201.5790278352119,1.3377993632836058,8.176873928319523,5.759400795291768,1.2813476796430685,9.363957556122404,0.02276662552994324,2.522432087713568,0.5852473472576503,0.673330970740246,165.30105892802322,4.867059993026274,19.339592791127316,10.331316183001451,5.033447646141149,174.66501648414564,6.127072487901085,20.009103476487553,10.916563530259102,4.731593045768501,12.315227448680702,0.061936495902809696,2.4811581313601243,0.6841793027044835,0.5981049396484209,113.89352616062627,2.0319267840195607,13.76659461397459,6.3274181200347925,2.433415312913198,126.20875360930697,2.211898302007725,13.92447975124935,7.011597422739276,2.3653112336005266,16.481511010751078,0.011909551098894244,2.6756460818088463,0.4019880734329531,0.563905320075372,198.63299999241042,0.47769541672329296,21.307833457948746,4.844707316888059,2.928179953553204,215.11451100316145,1.3088332970220502,21.353948275840985,5.246695390321011,2.877222669553454,27.05519716975259,0.012299352123148921,2.632390120780486,0.5104754182972187,0.7062789394905379,204.02625586220597,1.2094986973896198,7.493642137557743,3.8495519974001127,1.181085135038035,231.0814530319586,1.3377993632836058,8.015686053631491,4.360027415697332,1.1533985851292303,22.36380304568355,0.012784413906757663,3.9699111166900973,0.6044271093427986,0.9556333668218826,198.95097109927437,1.9894467950549957,14.780530031197184,5.377053272953361,3.603308748803743,221.31477414495794,2.211898302007725,14.795755214852985,5.98148038229616,3.7277896690573673,24.96510049386601,0.011909551098894244,2.523071743452526,0.46231667581233354,0.6496206604916073,181.59755532729292,0.47769541672329296,6.4698215771835175,3.362917691246165,1.2192605120699145,206.5626558211589,1.3088332970220502,6.536145904846253,3.8252343670584983,1.2354384861191652
c<A>r<195>R<SER>,75.40906852523938,1.3467366901915587,4.108853084215189,1.8852267131309843,0.6468000446413416,27.60030752430698,2.648811146303387,5.471900090079633,3.4500384405383726,0.8535541997351745,58.630764155851324,2.1475426096978394,4.807157961379888,3.4488684797559603,0.903347828314593,78.8246910294697,1.2977816694993018,4.108853084215189,1.6086671638667287,0.5564235435628301,96.9476162583479,1.205628414350767,4.039972384199871,1.6715106251439293,0.5597471091643369,69.69236799202699,2.1475426096978394,4.807157961379888,2.680475692001038,0.620097734590324,100.74821057141573,1.205628414350767,4.039972384199871,1.5037046353942645,0.44822161500691454,21.564238700310405,0.01065253663954202,3.8352199677232974,0.653461778797285,1.0068501176125981,185.10765488228395,1.1950274310627833,12.631259435607944,5.609322875220726,2.6896031958497426,206.67189358259432,1.319937749933608,12.74035399918837,6.262784654018009,2.8899279446465536,3.5603273289189836,0.2883167458444085,2.4575708642946754,1.1867757763063278,0.9239016767326503,21.516218720812514,4.931921216445167,11.271664735246162,7.172072906937505,2.9030128247089078,25.076546049731498,6.127072487901085,11.55998148109057,8.358848683243833,2.3214742728394753,18.753516439972607,0.01134770564405585,3.1449803525795144,0.815370279998809,1.0233147362112087,139.1187970986901,2.0319267840195607,11.739365399507562,6.048643352116961,2.191230598750819,157.8723135386627,2.211898302007725,11.784519615340308,6.864013632115769,2.344961640446056,16.075119600727525,0.01065253663954202,3.8352199677232974,0.45928913144935785,0.8102725416894186,179.65736996572411,1.1950274310627833,11.770955567045362,5.133067713306403,2.6107592398143566,195.73248956645162,1.30454706128717,11.781608103684905,5.59235684475576,2.8217489831125127,26.468329565195027,0.012299352123148921,3.804787069522323,0.4901542512073153,0.8208287328437601,206.80718385560232,0.9981722104873967,10.081467019905176,3.8297626639926357,1.938746344997443,233.27551342079735,1.319937749933608,10.633285411980122,4.319916915199951,2.0740916136905283,14.008203081405371,0.012246431535931634,2.6313663354649712,0.4120059729825109,0.5221746768974016,140.50803114031828,2.0319267840195607,8.618352076492556,4.132589151185832,1.8308601810656584,154.51623422172366,2.211898302007725,9.52509225991167,4.544595124168343,1.960719982536162,23.906534994297516,0.011909551098894244,3.804787069522323,0.4346642726235912,0.7511318626286234,194.0808017866728,0.9618598134198351,9.639458397361807,3.528741850666778,1.9620716189066412,217.98733678097034,1.30454706128717,10.265025146173912,3.96340612329037,2.0955899354484058
c<A>r<196>R<ASP>,64.47278192939429,1.3467366901915587,5.180148860227058,2.079767159012719,0.9525033971347601,24.773501469317168,2.1382528805061822,4.071497836706571,3.096687683664646,0.5953481524939435,44.63718784177688,2.1475426096978394,4.807157961379888,3.433629833982837,0.9242999677014904,70.81436937931807,1.3179711577590678,5.180148860227058,1.7703592344829517,0.879233145782531,79.5861527998475,1.205628414350767,4.179416686876918,1.7685811733299444,0.7157694760848797,58.12601829423309,2.1382528805061822,4.807157961379888,2.6420917406469586,0.5884688091057235,86.3704982021979,1.205628414350767,4.179416686876918,1.599453670411072,0.6356741121507237,16.57702904404797,0.01065253663954202,3.2599230934419348,0.6907095435019986,0.8789669638660094,143.22236589188793,1.1950274310627833,12.631259435607944,5.967598578828664,3.340219443079016,159.79939493593588,1.319937749933608,13.220302398329473,6.658308122330662,3.4370915488880835,3.897820209548197,0.6258096264736217,2.4575708642946754,1.2992734031827322,0.8226522490273553,15.132773954015018,4.8882199684486665,5.312632769121185,5.044257984671673,0.1906064330242723,19.030594163563215,5.514029594922288,7.389492080739842,6.343531387854405,0.7808033151628694,13.735102628089246,0.01134770564405585,3.1449803525795144,0.7630612571160692,0.9922340067361654,113.53235790453846,2.0319267840195607,11.739365399507562,6.307353216918803,2.3078392513761883,127.26746053262771,2.211898302007725,11.784519615340308,7.070414474034873,2.346181147612701,12.274976702331273,0.01065253663954202,2.11390673861876,0.4091658900777091,0.6079050399471574,153.16616856156674,0.47311950616200704,12.156441567442073,5.105538952052225,3.108742528912797,165.441145263898,1.2900009570240267,12.224606418372744,5.514704842129933,3.1664984181337092,20.30220917792526,0.012702446354653008,3.4755940612582954,0.49517583360793316,0.7229911332179466,158.49514448749494,0.9981722104873967,12.156441567442073,3.8657352314023155,2.424625710735295,178.7973536654202,1.319937749933608,12.271654476420863,4.3609110650102485,2.532306533468757,10.766036043239495,0.012246431535931634,1.7724705620811267,0.35886786810798316,0.37773555487097293,121.6308281650636,2.0319267840195607,8.618352076492556,4.054360938835454,1.8696356219467807,132.3968642083031,2.211898302007725,9.055695614324005,4.413228806943437,1.8489309242555099,19.21089986487633,0.011909551098894244,2.843912175851184,0.4087425503165176,0.6043388173203077,166.39383960184074,0.47311950616200704,12.156441567442073,3.5402944596136328,2.37693902080923,185.6047394667171,1.2900009570240267,12.224606418372744,3.949037009930151,2.433031651687891
c<A>r<197>R<HIS>,87.94596691591025,1.3467366901915587,3.561234865578905,1.8322076440814634,0.4896420595392834,48.54072803464927,2.1382528805061822,5.471900090079633,3.467194859617805,0.7840781949649517,64.64300338892654,2.1475426096978394,4.544197215508011,3.402263336259292,0.6892673779314192,96.52285477437032,1.304318392276685,3.561234865578905,1.532108805942386,0.3423911753214891,112.86547469145893,1.205628414350767,3.415991082690333,1.6597863925214549,0.47162538144608696,86.30383988923982,2.1382528805061822,3.3176186693695637,2.5383482320364656,0.32935138453096097,121.13653006577498,1.205628414350767,2.747934881856513,1.4594762658527105,0.2621487261317224,21.91698640715135,0.01065253663954202,3.2599230934419348,0.3984906619482063,0.6502791911883178,270.7724887621149,1.1950274310627833,11.770955567045362,4.92313615931118,1.899666944716931,292.68947516926625,1.319937749933608,11.781608103684905,5.321626821259386,1.8437864473693848,12.562067206895625,0.07867923992819925,4.35425263700944,1.2562067206895624,1.3212989881920074,73.80860386307666,4.8882199684486665,11.271664735246162,7.380860386307665,2.052299202793004,86.37067106997227,5.514029594922288,12.32933782784724,8.637067106997227,2.390964187885458,16.539068911812894,0.01134770564405585,3.085703152979967,0.5168459034941529,0.6513048089395251,201.88373007730476,2.0319267840195607,19.29690456595614,6.308866564915774,3.309318714004037,218.42279898911767,2.211898302007725,19.41421538047048,6.825712468409927,3.2177057893641603,18.974620658403296,0.01065253663954202,2.11390673861876,0.3449931028800599,0.5257724773232381,241.9768227058961,0.47311950616200704,11.770955567045362,4.399578594652656,2.2033284314279107,260.9514433642994,1.2900009570240267,11.781608103684905,4.744571697532717,2.133222793080849,30.168600108846263,0.012702446354653008,3.411141168845786,0.40768378525467924,0.6718344007790858,249.989962665963,0.9981722104873967,8.267538426636065,3.3782427387292295,1.405749866743043,280.15856277480924,1.319937749933608,8.377568939018344,3.7859265239839086,1.3816214465319827,23.14459616157396,0.012246431535931634,3.709498926998963,0.514324359146088,0.7640624697751501,165.11648353698052,2.0319267840195607,10.613040905011037,3.6692551897106784,1.6645075805269336,188.26107969855448,2.211898302007725,10.681339732633585,4.183579548856766,1.6655083795198165,28.82851073663425,0.011909551098894244,3.411141168845786,0.37932250969255593,0.6290844166365676,233.56640670016208,0.47311950616200704,8.267538426636065,3.073242193423185,1.4910199259085075,262.39491743679633,1.2900009570240267,8.377568939018344,3.4525647031157414,1.438448158895071
c<A>r<198>R<GLU>,120.64134897444298,1.3138162132503868,4.332122918944353,1.8278992268854997,0.5750781266201174,67.43589798442753,2.648811146303387,6.585550510437407,3.7464387769126404,0.9687893951396559,75.2166830262957,2.1725787992420957,4.694132312637023,3.581746810775986,0.6797545803313496,131.0101725640468,1.2229721296073786,3.4920098324558,1.5412961478123153,0.3750896759884703,147.63189410438207,1.2168407236007872,3.8148632300073038,1.677635160277069,0.5227989747855912,105.91765845711895,2.1725787992420957,6.002515388091661,2.6479414614279735,0.630537162165003,158.27949855902958,1.2168407236007872,3.4617832090683933,1.4792476500843885,0.3222411167737365,37.09055121625471,0.01065253663954202,3.2599230934419348,0.46363189020318385,0.6896689991365601,406.08727376538275,0.7563322746282779,12.244923081062552,5.0760909220672845,2.21839469143559,443.17782498163746,0.8095221652493902,12.375388504780908,5.539722812270468,2.223991247171688,24.13761481941312,0.02276662552994324,4.843915178893866,1.049461513887527,1.1366113379093414,226.00170761898005,4.8882199684486665,17.406327801630912,9.82616120082522,4.04363395957516,250.13932243839318,5.514029594922288,18.534472755447563,10.875622714712748,3.8820722847202167,23.104774496134468,0.01134770564405585,3.085703152979967,0.6417992915592907,0.7438062798119394,216.2383378239508,2.0319267840195607,13.76659461397459,6.006620495109744,2.2855978836065964,239.3431123200853,2.211898302007725,13.92447975124935,6.648419786669036,2.232689323435362,33.123314048620834,0.01065253663954202,4.5437242547020125,0.3990760728749498,0.6617763264402854,389.4997999593734,0.5902136593276879,12.244923081062552,4.692768674209318,2.241755712507843,422.62311400799416,0.8095221652493902,12.375388504780908,5.091844747084267,2.224125648872355,46.02603834698499,0.012299352123148921,3.411141168845786,0.469653452520255,0.7172003683746369,347.15402975986757,0.7563322746282779,10.18473811445076,3.5423880587741587,1.6410219181249932,393.18006810685256,0.8095221652493902,10.374300032294812,4.012041511294414,1.6881756684484546,34.03368323172952,0.011304196755284934,3.9699111166900973,0.586787641926371,0.8640723493063664,295.6466162848713,1.9894467950549957,14.780530031197184,5.097355453187436,3.2623280750933166,329.6802995166009,2.211898302007725,14.795755214852985,5.684143095113808,3.3366683347766437,44.32867635461746,0.011909551098894244,3.5711634318786,0.4388977856892817,0.7099159353970148,341.8086700700986,0.5902136593276879,10.18473811445076,3.384244258119788,1.8481997364903424,386.137346424716,0.8095221652493902,10.374300032294812,3.823142043809069,1.8638207987413498
c<A>r<199>R<ALA>,123.30163340302025,1.3138162132503868,3.805655116297081,1.8403228866122425,0.5511981653027908,65.16145461190077,2.1515451317995327,6.286317886529578,3.429550242731619,0.8445560962996064,72.33845480921293,2.1725787992420957,4.886045148279627,3.6169227404606468,0.7133074488877847,133.7759531433264,1.2977816694993018,3.6306905464029526,1.537654633831338,0.3802490078377,147.94922239993963,1.2168407236007872,3.673078037890254,1.6812411636356777,0.48810337263381376,105.12518029618138,2.1515451317995327,6.002515388091661,2.6281295074045348,0.6224011086318721,158.48937417278066,1.2168407236007872,2.8505655845477333,1.4674942053035247,0.27881014978287844,47.05239455960856,0.01065253663954202,3.836481071023787,0.540832121374811,0.856308320221926,436.131701227116,1.2072246111222853,11.770955567045362,5.013008060081793,1.562916041763061,483.1840957867247,1.3141919989720408,11.781608103684905,5.553840181456605,1.5280893123199832,18.81413478094008,0.02276662552994324,2.522432087713568,0.6271378260313359,0.6883561004942573,251.95394411289155,4.867059993026274,15.439336684413323,8.398464803763051,3.254545860629334,270.76807889383167,5.379123603541707,15.620017003060855,9.025602629794388,3.0709256405839507,24.6065221531367,0.05315822731964026,3.085703152979967,0.7237212397981383,0.6981973929616024,230.30141730610677,3.5418068858036023,17.115624462446306,6.773571097238435,3.002677000764282,254.9079394592435,4.18257689073574,17.27618930758536,7.497292337036574,2.816253790677816,42.616253138888084,0.01065253663954202,4.376424786997047,0.4788343049313268,0.791065349420094,405.99696979956207,0.4683562181480738,11.770955567045362,4.561763705613057,1.6155003732673612,448.6132229384502,1.3002294831197139,11.781608103684905,5.040598010544384,1.5763424626767895,51.62661103699406,0.012299352123148921,3.0131672499557824,0.5012292333688744,0.7007132817925634,381.9797907157698,1.2072246111222853,6.8097383544255194,3.708541657434658,1.122524311408551,433.606401752764,1.3141919989720408,6.822626968982884,4.209770890803534,1.1856547232908194,39.833363070744056,0.011304196755284934,6.311456822955426,0.6751417469617637,1.14408517875318,289.9530211992468,1.9894467950549957,14.780530031197184,4.914457986427911,3.115099908245449,329.78638426999083,2.663715946700932,14.795755214852985,5.589599733389675,3.2007310355138996,49.93421418383029,0.011909551098894244,4.396864970344294,0.5256233071982136,0.795618697593864,315.5960570579693,0.4683562181480738,6.4698215771835175,3.3220637585049397,1.2243339451575168,365.5302712417996,1.3002294831197139,6.571307162399106,3.8476870657031537,1.2884866072518482
c<A>r<200>R<THR>,119.08663747025226,1.3503511253657208,3.9972924642715317,1.890264086829401,0.6692544222388593,63.33322911036764,2.1515451317995327,6.286317886529578,3.5185127283537576,0.9696171334715951,61.52552265746821,3.160678964174037,5.9616082325876825,4.101701510497881,0.672550261390104,130.9737705692456,1.2977816694993018,3.9972924642715317,1.597241104502995,0.5400729624424191,141.94916904102237,1.2109744212241556,3.673078037890254,1.7968249245699035,0.618320249444288,93.79732711407209,2.1515451317995327,6.258886668585375,2.758744915119767,0.7696801720997383,152.1532382987891,1.2109744212241556,3.6649720389702205,1.5525840642733582,0.4316416946349838,45.396854194938015,0.012644548383347498,3.836481071023787,0.5218029217808967,0.7439441269229049,434.03702552997385,1.2072246111222853,8.054164945548678,4.988931327930734,1.1587516155570095,479.43387972491183,1.3141919989720408,8.176873928319523,5.51073424971163,1.1247484073867713,18.892957034633,0.05302502126896158,3.4564600939084915,0.5904049073322812,0.8320792296570084,254.9689438905816,1.361616287233403,14.780530031197184,7.967779496580675,2.9165642795651494,273.86190092521457,1.7379738283026076,15.25201494974435,8.558184403912955,2.8368807268460117,17.62598254297075,0.1282514845689242,1.7306790248250383,0.7663470670856848,0.4307041806801989,169.36429583373138,4.9953317465308515,17.115624462446306,7.36366503624919,3.2351231930490507,186.99027837670212,5.869060408076421,17.27618930758536,8.130012103334876,3.0025467439270477,44.2572871783975,0.012644548383347498,2.9462862620772885,0.5029237179363352,0.6535889793454834,405.5211632021934,0.4683562181480738,8.054164945548678,4.608195036388562,1.0793000265333783,449.7784503805909,1.3002294831197139,8.176873928319523,5.111118754324897,0.9863276741443961,49.496433188108256,0.010910858640623466,2.632390120780486,0.4999639715970531,0.6112986607094,397.3005896380656,1.2072246111222853,7.977123348793157,4.01313726907137,0.9882036097515594,446.7970228261739,1.3141919989720408,9.040796241121633,4.513101240668423,1.0444849548745496,29.662887672405738,0.011050704586405224,3.418628339107971,0.5932577534481147,0.7740622319035404,286.47172999155725,1.361616287233403,14.780530031197184,5.729434599831145,3.403280531659974,316.134617663963,1.7379738283026076,15.09943220890339,6.32269235327926,3.295589741091668,47.577279379936385,0.010910858640623466,2.840344530523197,0.534576172808274,0.6588063813088815,331.1051607679188,0.4683562181480738,6.341522305599256,3.7202827052575147,1.0618331073772436,378.6824401478551,1.3002294831197139,7.424461236415471,4.254858878065788,1.0907719996363472
c<A>r<201>R<LEU>,147.37471050359213,1.3422128617319051,3.8438394849116997,1.8194408704147176,0.6397912888830004,64.08391815574986,2.1515451317995327,4.434359293321011,3.372837797671045,0.6775320916383712,52.25307713304395,3.160678964174037,4.859330160247752,4.019467471772612,0.4637216845187257,160.17222361155115,1.2899651738634466,3.8438394849116997,1.5858636001143678,0.5323730684296853,164.179838417716,1.208140946679424,3.8438394849116997,1.7282088254496422,0.5988683257031515,87.24920882412617,2.1515451317995327,4.364613414743903,2.6439154189129144,0.47701882035317295,176.05009281160144,1.208140946679424,3.8438394849116997,1.5308703722747952,0.45681290415155207,60.29626162339834,0.012644548383347498,3.836481071023787,0.4902135091333198,0.693552216353445,596.5778055256142,0.4846747345811764,10.820311482639454,4.850226061183855,1.3595270288507706,656.8740671490125,1.3141919989720408,11.167970467674577,5.340439570317175,1.3348457498880781,22.124582693046587,0.05302502126896158,3.603281593429326,0.7629166445878134,1.0812090847446034,204.13507035402526,1.361616287233403,12.726370298466236,7.039140357035354,2.0622317145930174,226.25965304707185,1.7379738283026076,12.782263592772878,7.802057001623167,2.0194441147305424,14.75896700422212,0.1282514845689242,1.6114528813522035,0.8199426113456734,0.3639497227573802,101.43118820859841,3.667980989338048,7.398301719537869,5.635066011588801,0.7041809693357856,116.19015521282053,4.3106427271668775,7.5265532041067935,6.455008622934474,0.6533861709368934,60.52909109948825,0.015722757307431223,2.9462862620772885,0.5129583991482055,0.6677238683260593,531.1241859813927,0.4683562181480738,8.99065281160739,4.5010524235711245,1.3188180144910786,591.6532770808809,1.3002294831197139,9.015959376386974,5.01401082271933,1.245284948233738,64.8390274312097,0.012888614557364342,2.6304103463433783,0.5065549018063258,0.6125701352826601,526.5816250794239,0.4846747345811764,7.977123348793157,4.1139189459329994,1.21487459772132,591.4206525106337,1.3141919989720408,9.040796241121633,4.6204738477393255,1.2353331766640858,27.69407275302312,0.011050704586405224,2.805988363364037,0.5892355904898536,0.7501380868658842,209.3358453433512,1.361616287233403,8.774353418506735,4.453954156241514,2.0088551278795324,237.0299180963744,1.7379738283026076,9.234047826938626,5.04318974673137,1.9868975335889767,64.00634677888466,0.011477557816947481,2.840344530523197,0.5378684603267618,0.6738295971894716,457.4151438715283,0.4683562181480738,7.268619443100079,3.8438247384162043,1.25590338319796,521.421490650413,1.3002294831197139,7.424461236415471,4.381693198742966,1.2523392493266907
c<A>r<202>R<ARG>,130.42449031216825,1.3422128617319051,3.686427683800142,1.81145125433567,0.6450889496689312,71.84636361879633,2.1515451317995327,4.626545183329542,3.5923181809398166,0.7121389995486478,57.758117876628624,3.160678964174037,6.474807024287482,4.125579848330616,0.7959723745050632,146.8653432295555,1.2899651738634466,3.5658303295363867,1.5791972390274784,0.5209375523105404,153.060544920554,1.208140946679424,3.6956541005891848,1.75931660828223,0.6541898583243595,99.12192532516178,2.1515451317995327,4.561006876083247,2.8320550092903365,0.6546311039244708,168.04695402744926,1.208140946679424,3.5658303295363867,1.5559903150689747,0.5000144155219991,51.05770400689676,0.012644548383347498,2.851956867838492,0.4641609455172433,0.5835422390607529,519.4914357859936,0.4846747345811764,10.820311482639454,4.7226494162363055,1.3848420830810138,570.5491397928903,1.3716001664432984,11.167970467674577,5.186810361753548,1.3704719765088773,31.801489457142466,0.026624456691857645,4.387468116728188,0.8833747071428463,1.1846606826575288,256.3173806094043,1.361616287233403,12.726370298466236,7.11992723915012,1.8594098929609637,288.11887006654683,1.7379738283026076,12.782263592772878,8.003301946292968,1.8352240212697792,16.73332893610899,0.04253424322020294,1.890739280644107,0.8366664468054494,0.5304786883571834,180.95058087390578,3.667980989338048,24.42737986319554,9.047529043695288,7.015728129598282,197.6839098100147,4.3106427271668775,24.762059610876307,9.884195490500735,6.774040601800905,54.577770704408195,0.01231816819436471,2.878263138282514,0.47458931047311476,0.6382738796622845,495.15238028716516,0.4846747345811764,8.99065281160739,4.305672872062305,1.2953659227578787,549.7301509915734,1.3567742678019858,9.015959376386974,4.780262182535421,1.2231245433537659,57.553717842557454,0.012234584757787381,2.6304103463433783,0.4567755384329957,0.5296871018839803,508.0665563600572,0.4846747345811764,7.977123348793157,4.0322742568258505,1.1874131223937687,565.6202742026147,1.3716001664432984,9.040796241121633,4.489049795258847,1.167422099351376,39.55697603089936,0.01069437792277661,3.5941969353590366,0.6939820356298133,0.87426213284089,275.55304097197313,1.361616287233403,8.791558007812682,4.834263876701283,2.0016081459634782,315.11001700287255,1.7379738283026076,10.249290070109453,5.528245912331098,2.0976389994393414,58.664134573359554,0.011477557816947481,2.6304103463433783,0.46931307658687643,0.6011461269904819,465.55192466611976,0.4846747345811764,7.774261161108029,3.724415397328958,1.172577644546003,524.2160592394794,1.3567742678019858,7.7939454427859,4.193728473915835,1.1193638478496881
c<A>r<203>R<CYS>,138.76228034246628,1.3422128617319051,3.8558892124179427,1.8258194781903458,0.6792493667472335,68.4300924299208,2.1592109915296067,6.081582312012753,3.801671801662267,0.7870861657613288,58.71819175346933,3.0470916478615546,7.434001615192169,4.194156553819238,1.0355251674316863,153.37686054348558,1.2899651738634466,3.84084975979959,1.6144932688787956,0.5820587664261746,157.69740054272373,1.208140946679424,3.7559568331903708,1.7329384675024586,0.6282035723335657,93.78434915304426,2.1592109915296067,6.081582312012753,2.8419499743346748,0.808418851622716,170.81952743727024,1.208140946679424,3.7559568331903708,1.552904794884275,0.48517889445233764,58.30582715428764,0.012644548383347498,3.947995800033956,0.4983404030280995,0.7073831475212066,573.1012787129328,0.4846747345811764,11.486327643326376,4.898301527460964,1.5233474711380297,631.4071058672204,1.343318488257578,11.51930263750619,5.396641930489063,1.5097637389708527,24.27308522464064,0.026624456691857645,3.357514994815343,0.7830027491819561,1.079814708477809,247.2809757452789,4.075660491112558,21.13197311025624,7.9768056692025455,3.7186925230573658,271.5540609699196,4.80465685673356,21.202909729396527,8.759808418384504,3.520934214376306,16.609605822792435,0.011387474620136118,1.7246068010784086,0.722156774904019,0.5317947830995449,263.3040480560709,3.667980989338048,23.803762282859907,11.448002089394386,7.4087196854145,279.91365387886333,4.3106427271668775,23.884952425326794,12.170158864298406,7.168379822654399,60.09025670623753,0.010948731150157265,3.947995800033956,0.47315162760816953,0.6612713480997169,575.5800108918897,0.4846747345811764,10.321576389648726,4.53212607001488,1.4443257133844407,635.6702675981275,1.3215963234716646,10.580179174691128,5.00527769762305,1.439321427879663,64.38367054111926,0.010729421640435,3.947995800033956,0.5192231495251554,0.6947481239747818,514.5262701999106,0.4846747345811764,11.486327643326376,4.149405404837989,1.468316956080293,578.9099407410299,1.343318488257578,11.51930263750619,4.668628554363145,1.4602766277436656,34.451483747333526,0.01069437792277661,5.464526817201865,0.6755192891634024,1.084622242081317,329.0760754050437,2.1474634061089546,19.31339816213631,6.452472066765563,4.908243452089634,363.52755915237725,2.91063117116824,19.57640530831494,7.127991355928966,5.13112202983374,63.63482759510484,0.010729421640435,3.947995800033956,0.51318409350891,0.7164870414612151,482.6461208452314,0.4846747345811764,10.321576389648726,3.8923074261712207,1.4632832529093787,546.2809484403364,1.3215963234716646,10.580179174691128,4.405491519680132,1.4564884977687522
c<A>r<204>R<TRP>,139.2809955546708,1.3521220672484375,3.954424036867592,1.9079588432146684,0.742702217485075,62.58657374745756,2.1592109915296067,4.766812485584113,3.6815631616151503,0.5902440920402068,50.74653895974625,3.0470916478615546,4.7498149283950175,3.903579919980481,0.5167969626079467,151.08368504136226,1.2899651738634466,3.84084975979959,1.660260275179805,0.6222495240814453,155.5739675327554,1.1918867836477998,3.954424036867592,1.7882065233650046,0.6878087765868363,86.31485722781547,2.1592109915296067,4.766812485584113,2.7843502331553376,0.6403351451831142,166.86307900888332,1.1918867836477998,3.7559568331903708,1.5891721810369839,0.5455857166742631,56.65957860689992,0.012451450189301383,3.947995800033956,0.529528772027102,0.7686129938607139,530.6474257630407,0.4947412549821024,10.321576389648726,4.959321736103184,1.5802181506226822,587.3070043699406,1.343318488257578,10.580179174691128,5.4888505081302865,1.586854124871529,27.203473655420982,0.011283218529438699,4.182266316088715,0.8775314082393865,1.2984818144688464,228.27406240953368,4.623778897979946,12.35007247296727,7.363679432565602,1.6869648360186134,255.47753606495462,5.522943896269536,12.49347454050185,8.241210840804987,1.5004888512399064,13.31314362943106,0.24973628425532723,1.7246068010784086,0.8875429086287373,0.4259609361980739,86.80626575268685,5.00076022211465,6.150678748168957,5.787084383512457,0.3030831647294063,100.11940938211791,6.160115095433746,6.998112160452463,6.674627292141194,0.21816285218247425,58.25696022275517,0.010948731150157265,3.947995800033956,0.5155483205553555,0.7172546936755236,515.4200876519706,0.4883928715057664,10.321576389648726,4.561239713734253,1.5255496384127152,573.6770478747258,1.3215963234716646,10.580179174691128,5.076788034289608,1.523070362339898,60.51551395735947,0.012234584757787381,3.947995800033956,0.5216854651496505,0.7073699172405843,478.380721305301,0.4947412549821024,10.321576389648726,4.123971735390525,1.5044719255003245,538.8962352626605,1.343318488257578,10.580179174691128,4.645657200540177,1.5631299785322468,31.072893262258333,0.010213631691662783,4.182266316088715,0.7062021195967803,0.9679162678943243,205.761806441475,2.0631443259887874,8.791558007812682,4.676404691851705,2.119869091818126,236.83469970373338,2.7757678821260923,10.249290070109453,5.382606811448486,2.149636210730863,58.68940999511577,0.011119752309642905,3.947995800033956,0.5103426956097024,0.7169876599301032,451.3248954603152,0.4883928715057664,10.321576389648726,3.924564308350567,1.5648843555219003,510.014305455431,1.3215963234716646,10.580179174691128,4.434907003960269,1.5752703568414783
c<A>r<205>R<ALA>,140.83125755645668,1.3420560735089422,3.8558892124179427,1.8289773708630737,0.6476638556449574,51.26548488776131,2.8351260639530738,4.6750906509190955,3.661820349125808,0.47372421367546974,51.82393008290875,3.0470916478615546,4.772158279194843,3.9864561602237503,0.5509358187531287,148.06197617080514,1.2821716624415145,3.84084975979959,1.6093693062044037,0.5625080948126279,157.1218656091089,1.1918867836477998,3.7559568331903708,1.7266139077924056,0.5998340901171707,74.16349320081785,2.2194624989668728,4.626545183329542,2.648696185743495,0.49168121988330826,163.83869731238462,1.1918867836477998,3.7559568331903708,1.545648087852685,0.4881965715488562,54.82370021256316,0.012049458164788085,3.713935170478482,0.5029697267207629,0.6896654822858714,511.5147190336703,0.4899061402263811,8.987281410289825,4.6927955874648655,1.4036436618876957,566.3384192462336,1.3766529318070277,9.418068149194983,5.195765314185629,1.410198868367582,12.777334929069195,0.028321795048446674,3.541378700664236,0.6724913120562734,0.9524912650642325,143.98595864820584,5.026267148765783,12.35007247296727,7.57820834990557,1.6559610884089377,156.76329357727505,6.317628210774506,12.49347454050185,8.250699661961844,1.458636182249231,15.556749116570012,0.24973628425532723,1.7053918848499992,0.9722968197856258,0.48619167326839896,91.64410019868812,4.771565401857643,6.150678748168957,5.727756262418008,0.36273293413984203,107.20084931525815,6.160115095433746,7.170336267522288,6.700053082203635,0.27028954031466285,53.30652930198634,0.010948731150157265,2.665474267557533,0.48460481183623944,0.619277649509009,489.8127734576873,0.4899061402263811,8.987281410289825,4.452843395069884,1.3004507561567293,543.1193027596738,1.3567742678019858,9.418068149194983,4.937448206906126,1.2928401369935816,55.70486243560942,0.012049458164788085,2.336693722312309,0.442102082822297,0.5847385752216314,512.2148285205019,0.4899061402263811,8.987281410289825,4.065197051750015,1.3064540355872316,567.9196909561114,1.3766529318070277,9.418068149194983,4.507299134572312,1.3235824069178594,18.599919917969316,0.010213631691662783,3.2489985388108673,0.6413765488954937,0.8565645474704237,107.35070023374912,2.0631443259887874,7.726874774109092,3.7017482839223836,1.4979292882961104,125.95062015171845,2.7757678821260923,8.653227925517976,4.343124832817877,1.4258393870860187,53.574030369285666,0.011119752309642905,2.3631178760519926,0.45401720651937005,0.6080209727471387,466.03855562058493,0.4899061402263811,8.987281410289825,3.949479284920211,1.371495046081195,519.6125859898707,1.3567742678019858,9.418068149194983,4.403496491439582,1.3451937303035844
c<A>r<206>R<LEU>,111.64686301560336,1.3420560735089422,4.045572408677856,1.8302764428787435,0.6649020531453961,54.82262738015943,2.8351260639530738,5.255745975492535,3.6548418253439623,0.5038502543918106,59.08831693875537,2.8911862199645504,5.075728249811599,3.939221129250358,0.5902111487555853,122.52491655608083,1.2821716624415145,3.748221658593833,1.5912326825465042,0.5389809843177712,135.3527130762525,1.1918867836477998,4.23347649838038,1.757827442548734,0.6682501150846645,84.23756105062385,2.2194624989668728,4.924212229831685,2.7173406790523824,0.5341263824091146,144.32482057898568,1.1918867836477998,3.7451055551625907,1.5518797911718891,0.48567170013896255,37.676633297020494,0.012049458164788085,2.834288279567846,0.49574517496079595,0.6413433359307454,348.72099281201633,0.4899061402263811,8.976770892676441,4.588434115947583,1.3069935817091507,386.3976261090369,1.5422857203514393,9.039193681637729,5.08417929090838,1.3230798329517766,12.761829094516793,0.028321795048446674,3.541378700664236,0.6716752155008838,1.041770902203733,138.25270840003654,5.026267148765783,10.579048073085914,7.276458336844028,1.3226096970818912,151.0145374945533,6.317628210774506,10.742030578962638,7.948133552344911,1.150438877186283,19.409561866380024,0.011887291364477193,2.8942563454511205,0.8438939941904359,0.7201178545327065,173.97762234097712,4.524688492847702,19.2072067510817,7.564244449607701,3.7605475891153315,193.3871842073572,5.074912865370936,19.279643249737966,8.408138443798139,3.6713262794283112,37.524771019071274,0.010948731150157265,2.339983054902751,0.4873346885593672,0.6144189382858164,331.0986469869081,0.4899061402263811,8.631574924350858,4.299982428401403,1.1351225638555864,368.6234180059795,1.45374788764845,8.752434683271272,4.7873171169607724,1.1226844365608633,43.26586246816864,0.012049458164788085,2.336693722312309,0.39332602243789677,0.5280805282816957,456.84345725238353,0.4899061402263811,14.109329390662317,4.153122338658032,1.7840948384720243,500.1093197205523,1.5422857203514393,14.124901090709653,4.54644836109593,1.7738186699847016,20.140025770820884,0.010213631691662783,3.5215548119386684,0.47952442311478294,0.6767755768445879,231.9464685898274,2.1064752032327227,26.565442573394876,5.522534966424462,4.2715704242530155,252.0864943606483,2.7757678821260923,26.799337720826337,6.002059389539245,4.138867401611749,41.32773147943037,0.012049458164788085,2.7632132359119526,0.4541508953783557,0.6154511867097149,340.36917749052134,0.4899061402263811,7.463687195539762,3.7403206317639706,1.172380973298956,381.6969089699518,1.45374788764845,7.483485504799612,4.194471527142327,1.1511294864541697
c<A>r<207>R<SER>,105.71910974448139,1.3420560735089422,4.2248191217418105,1.8227432714565757,0.6650649909926205,52.21822428841049,2.8351260639530738,6.760625051897096,4.016786483723884,0.9252880479540481,62.67579927924736,2.183697904585595,6.450342249996791,3.686811722308668,0.9515596596495419,114.4666801701382,1.2821716624415145,4.2248191217418105,1.5898150023630306,0.5466049265959069,128.35483683879505,1.1918867836477998,4.23347649838038,1.6888794320894085,0.5851844586485201,86.48218228394444,2.183697904585595,4.972094969440231,2.789747815611111,0.7208959469391215,134.79501222125356,1.1918867836477998,2.969490536325261,1.4977223580139285,0.348350659821437,31.055175948208745,0.012178590952874657,2.834288279567846,0.4929393007652182,0.628004889387234,294.4268727547731,0.4899061402263811,13.259575788669856,4.673442424678938,1.6393935676161704,325.48204870298196,1.5422857203514393,13.403045535552195,5.166381725444158,1.6283393600263978,11.9567186806524,0.020346453094148842,2.1345472647628476,0.747294917540775,0.7227552820174038,133.2850116385971,6.100312427878629,20.057987601445248,8.330313227412319,3.445625932593962,145.24173031924948,6.564112273783977,20.078334054539397,9.077608144953093,3.344373568770425,17.124685643741785,0.012156067124370118,1.889122952580573,0.5905064015083374,0.5609437453509538,221.5009799674282,4.352357502884133,19.2072067510817,7.637964826463041,4.234540767862897,238.62566561116998,4.43785610314956,19.279643249737966,8.22847122797138,4.03480843005977,29.82214474922096,0.014586836604172149,2.4585872547539633,0.44510663804807404,0.5976141894748674,297.33593701078104,0.4899061402263811,13.259575788669856,4.4378498061310605,1.6087500851100225,327.15808176000206,1.45374788764845,13.403045535552195,4.882956444179135,1.5775230653941192,37.38059328484492,0.012178590952874657,2.183840607936041,0.4107757503829112,0.5264347250685171,371.1078743863594,0.4899061402263811,14.109329390662317,4.078108509740213,1.9328568601789597,408.48846767120443,1.5422857203514393,14.124901090709653,4.488884260123125,1.9011940060339343,25.86990924636487,0.012166636450277046,3.215936911919991,0.5623893314427145,0.6872022996055249,257.63367789942873,2.1543085376720796,15.220589247072692,5.600732128248451,3.087180593530109,283.5035871457937,2.7902514478715443,15.245968633501928,6.163121459691167,3.039839025267323,35.27645623258875,0.012547030583824004,2.847395106284158,0.4641638977972204,0.6295992223519635,273.1126062673469,0.4899061402263811,10.401728785523417,3.5935869245703542,1.317636489238592,308.38906249993573,1.45374788764845,10.508161549122098,4.057750822367575,1.2901814489885939
c<A>r<208>R<PHE>,131.84135355973115,1.3420560735089422,3.7451055551625907,1.7816399129693399,0.5731057819397276,48.92210134123377,2.1525648032027007,4.017732294732818,3.4944358100881265,0.4655908048207599,71.88651131941221,2.183697904585595,4.454740194735521,3.5943255659706104,0.5509539701953527,137.91729191362813,1.2821716624415145,3.7451055551625907,1.549632493411552,0.4545382611204497,159.6100234265019,1.1918867836477998,3.3621256353214317,1.6801055097526516,0.5234019418392836,91.05306551828969,2.1525648032027007,3.425483505572346,2.6015161576654195,0.3528136472241532,164.8404837990352,1.1918867836477998,3.3190146211980314,1.498549852718502,0.36864126598193125,45.66719848424214,0.012049458164788085,2.834288279567846,0.4477176321984524,0.592501688540589,461.0425585209985,0.4899061402263811,13.259575788669856,4.520025083539201,1.5994770921546755,506.70975700524076,1.3407954621445888,13.403045535552195,4.967742715737654,1.6125666060282342,10.800937106415072,0.02580825323385838,4.029753164784074,0.600052061467504,0.9197919756327652,124.17208777899616,3.8899081243136573,10.51969942799957,6.898449321055342,1.5829557124811087,134.97302488541123,4.751084929294173,11.009833207525219,7.498501382522846,1.3726872933649414,22.340005802372346,0.012156067124370118,2.3148595766529523,0.720645348463624,0.6222738218302029,187.1263543399784,3.665687519955932,13.523518699136254,6.036334010967045,1.8396970776461317,209.46636014235077,4.43785610314956,13.623272765533063,6.7569793594306695,1.7095941155806529,42.75655899926404,0.012049458164788085,2.0548501269859862,0.4151122232938256,0.5214703390018377,431.70132430949457,0.47390949384367786,13.259575788669856,4.191274993296064,1.4303329339765714,474.4578833087587,1.3084270684581978,13.403045535552195,4.606387216589891,1.4301927806286587,54.853619835136904,0.010751358941035072,3.1629965130691886,0.4319182664184008,0.5800718343696198,456.67776926842697,0.4899061402263811,6.171286870894672,3.595887946995488,0.923954081270845,511.5313891035639,1.3407954621445888,6.285464082355153,4.027806213413889,0.9912368141979379,26.1470597063352,0.012166636450277046,3.22999755815298,0.5810457712518933,0.6406743817160246,186.2532147252712,2.1543085376720796,12.088962438389217,4.138960327228249,2.1189885204344603,212.40027443160642,2.736449825995588,13.444005141906558,4.720006098480143,2.1799400031822076,52.66646090611602,0.012049458164788085,3.1629965130691886,0.45402121470789675,0.6113346431427091,397.69253725702225,0.47390949384367786,6.171286870894672,3.4283839418708815,0.9840664134042125,450.3589981631384,1.3084270684581978,6.285464082355153,3.882405156578779,0.9845671746041533
c<A>r<209>R<TYR>,123.83729127276062,1.3345057289514275,3.7883356362767353,1.8483177801904571,0.6766024261235869,54.73967838428395,2.1525648032027007,6.260433589118308,3.6493118922855965,0.858329591818652,90.83951193961228,2.183697904585595,5.48932853627983,3.784979664150512,0.7531766565892828,134.14897654097163,1.301680316910342,3.7883356362767353,1.6162527294092968,0.587804287599241,160.33573060816332,1.197383776301743,3.4723665621300928,1.7427796805235143,0.6073592493156736,112.81375555139016,2.1525648032027007,5.227435996693224,2.820343888784754,0.6910206960383072,168.9461850371524,1.197383776301743,3.4723665621300928,1.5643165281217815,0.4833465102411385,47.01315832389785,0.014586836604172149,3.1749469155271086,0.5596804562368791,0.7065757116213519,361.33916745623503,0.4899061402263811,6.4404095206757574,4.301656755431369,1.3594452692375483,408.35232578013284,1.3407954621445888,7.060028961786957,4.861337211668248,1.394082680829418,11.19688304429621,0.02580825323385838,3.0717495265422983,0.5893096339103269,0.8094126769359559,153.27709044715186,3.8899081243136573,15.697928723586202,8.067215286692203,2.7210824221070067,164.47397349144808,4.751084929294173,18.7696782501285,8.65652492060253,3.0314477733095035,42.25059491923117,0.012156067124370118,8.598877644137097,0.9825719748658411,1.633991144158846,321.14044167403557,3.665687519955932,17.802550693585523,7.468382364512455,3.2874422549658315,363.3910365932668,4.554550329492057,17.99877732033817,8.450954339378297,3.4738673303946657,45.47006871619918,0.01246062148275584,2.5683671341980263,0.5167053263204452,0.6572738202512614,362.8343292262789,0.47390949384367786,8.902324259170712,4.123117377571351,1.3379753376758956,408.3043979424781,1.3084270684581978,8.931479789598002,4.639822703891796,1.3295893224988624,61.10980797290301,0.010275193955215478,3.5832916056475037,0.5360509471307282,0.6976314362990781,418.83020232647743,0.4899061402263811,8.849850972824242,3.673949143214714,1.2576254070295465,479.94001029938045,1.3407954621445888,8.93811351482567,4.210000090345442,1.3061057492865393,43.19441442391491,0.01087842576053788,7.027290733986575,0.7199069070652484,1.1633539314944978,309.2555651767723,2.211726594810437,13.523518699136254,5.154259419612871,2.52768126565427,352.4499796006872,2.736449825995588,13.799256196015477,5.87416632667812,2.886241925807727,59.950752748530824,0.010275193955215478,3.1629965130691886,0.550006905949824,0.6981973361126675,385.56657966952537,0.47390949384367786,8.849850972824242,3.537308070362618,1.3540165583345,445.51733241805624,1.3084270684581978,9.555711431087841,4.087314976312443,1.3890142539159933
c<A>r<210>R<PRO>,119.8977197432876,1.3345057289514275,4.061528184111174,1.8166321173225393,0.6825837427440324,50.56437493761102,2.1525648032027007,6.401609479523624,3.6117410669722156,0.9489337277786241,64.65856562342687,2.15366119055402,5.803410282814509,4.041160351464179,1.0168123943488734,130.51924545934068,1.3069103292050086,3.7883356362767353,1.6113487093745764,0.537953957804727,139.9399780876542,1.197383776301743,3.4723665621300928,1.6860238323813759,0.5674480586161008,91.07910654119325,2.1525648032027007,5.128590938548401,2.9380356948772017,0.7543486493282856,150.0637113799068,1.197383776301743,2.947136774619302,1.5312623610194571,0.40259953909494445,41.626635991523415,0.012690786929642428,2.332183194456637,0.5336748204041464,0.6424382648883576,364.9309736142546,0.5041665726623705,11.713560061045328,4.678602225823776,1.7068660080554388,406.557609605778,1.3407954621445888,11.778351663586168,5.212277046227923,1.7227033260731937,6.076501071345936,0.040911649568442954,2.653579370881621,0.46742315933430273,0.6782283947497522,95.86644098084727,3.8899081243136573,12.768317310388174,7.374341613911328,2.734313005992058,101.94294205219322,4.412938244809834,12.8441440105356,7.841764773245632,2.587083163998633,30.547213377097556,0.041085863614370055,8.766521456999577,1.5273606688548778,2.0511977510055277,182.43078173395932,3.665687519955932,14.890112711021409,9.121539086697966,2.9747943408845687,212.97799511105688,4.554550329492057,16.63701089739937,10.648899755552844,3.496167919453746,40.38200479758903,0.01246062148275584,2.332183194456637,0.4750824093834004,0.61829559056948,367.86097239308606,0.47390949384367786,11.713560061045328,4.327776145801012,1.7586448398907404,408.24297719067516,1.3084270684581978,11.778351663586168,4.802858555184414,1.7285877874933122,45.314250244804576,0.010275193955215478,3.1629965130691886,0.4872500026323073,0.660127062206098,392.292988351277,0.5041665726623705,14.425674692417836,4.218204175820183,2.2051531701822813,437.60723859608163,1.3407954621445888,14.442435478663867,4.705454178452491,2.1767152769364007,29.93035470149646,0.01087842576053788,7.194934546849055,0.6802353341249195,1.2204585672613923,275.7396185211269,2.211726594810437,13.86565856508696,6.2668095118437925,3.218189656125932,305.66997322262336,2.980700237052198,16.203154182458313,6.947044845968713,3.583870495968359,47.359110948978646,0.010275193955215478,4.0341153769205675,0.5262123438775406,0.7291782485228607,349.4699468686784,0.47390949384367786,14.425674692417836,3.882999409651982,2.1936309329745955,396.8290578176571,1.3084270684581978,14.442435478663867,4.409211753529523,2.1635333767940534
c<A>r<211>R<ALA>,108.13611934020042,1.3345057289514275,3.9700046681835497,1.8022686556700072,0.7055090815482022,41.514531585836004,2.1525648032027007,6.401609479523624,3.7740483259850914,0.9969551928095306,67.42470423432955,2.1735382129939924,4.9940719317883415,3.9661590726076206,0.770459577374698,116.21553603462223,1.311049402219258,3.9700046681835497,1.614104667147531,0.5883109478252125,130.75398981794652,1.1985104171372059,3.382108140735683,1.6763332027941862,0.5758535276506482,80.02262513616154,2.1525648032027007,4.383841833987645,2.759400866764191,0.5561033531587141,137.74725350314796,1.1985104171372059,2.9539100239327674,1.5305250389238663,0.4174373892894362,39.262697601940644,0.01124622362491845,2.7150790443838746,0.5529957408724034,0.7030557368205936,306.448626387952,0.4899061402263811,8.664552805693937,4.316177836450028,1.541124756123145,345.7113239898928,1.3407954621445888,8.676424536375947,4.869173577322433,1.555126223344744,5.033149554299864,0.045506505512676654,2.653579370881621,0.45755905039089667,0.7346410626517367,139.7090591932787,3.8899081243136573,22.72937970669145,12.700823563025336,6.788831450016246,144.7422087475786,4.751084929294173,22.807409150499463,13.158382613416235,6.478124482172077,29.33747108867137,0.09975406639680884,9.296999073605235,1.7257335934512572,2.7004604651634243,121.72073829901814,3.665687519955932,15.117177787735955,7.160043429354008,2.867081112208277,151.05820938768952,4.554550329492057,15.370843106166,8.885777022805266,3.3608851181021553,38.13046618225225,0.01124622362491845,2.7150790443838746,0.46500568514941765,0.6410132238885982,329.2699445789577,0.47390949384367786,6.986296282186702,4.015487129011679,1.2394338229648632,367.40041076121,1.3084270684581978,7.008904176684373,4.480492814161098,1.2320444767571594,45.44532768169681,0.010751358941035072,3.1629965130691886,0.528434042810428,0.6666923994204801,315.1214218447315,0.4899061402263811,6.986296282186702,3.6642025795899014,1.1274262883600665,360.56674952642845,1.3407954621445888,7.579809887613036,4.192636622400331,1.1566913885004317,26.585780901288178,0.019053175955005663,8.599331021879244,1.02253003466493,2.036921827276195,113.96832127073971,2.2750374948025325,12.088962438389217,4.3833969719515276,2.020747346169305,140.55410217202788,2.980700237052198,13.799256196015477,5.405927006616457,3.0736830515080285,44.61090082482873,0.01124622362491845,3.3245484440996353,0.49022967939372236,0.6828705483817953,319.4653564782551,0.47390949384367786,6.986296282186702,3.5106083129478582,1.1097370526803105,364.07625730308393,1.3084270684581978,7.008904176684373,4.000837992341582,1.0646548242989549
c<A>r<212>R<GLU>,106.4195130628504,1.3420560735089422,4.085711182598674,2.007915340808498,0.8003167350460808,44.76482762996811,2.1525648032027007,7.0683724906442595,3.7304023024973425,1.1842426245504458,44.203448375153044,2.1735382129939924,6.658999099233105,4.0184953068320945,1.238685453452133,115.20853318027709,1.311049402219258,3.977247806078812,1.7455838360648044,0.7119453118239046,118.61119296878537,1.1985104171372059,3.8777030546856315,1.8247875841351595,0.6737680349743127,70.73298293665088,2.1525648032027007,5.128590938548401,2.9472076223604535,0.7796461937453223,127.32360046055697,1.1985104171372059,3.5952301282242263,1.6323538520584226,0.5652243765869787,34.63092303885468,0.01124622362491845,2.6891294606784975,0.5677200498172899,0.7364208771407056,308.8384927539227,1.2184353890859398,12.621420276246628,5.062926110720045,2.10538266725432,343.46941579277757,1.3407954621445888,12.75793288848118,5.630646160537337,2.105454896093802,9.198575330658109,0.07036022632120265,3.2486694508591256,0.9198575330658109,1.0403438974999546,97.60615990366108,4.204843732725351,19.249629297127285,9.760615990366109,5.416842171900243,106.8047352343192,4.412938244809834,20.018394609670196,10.68047352343192,5.34358036037767,8.264666326645473,0.047814466974038794,2.0125446320228146,0.6357435635881133,0.5097245363834128,116.7611830396472,3.665687519955932,17.304297769269162,8.981629464588245,4.281936663770391,125.02584936629266,4.554550329492057,17.3521122362432,9.617373028176358,4.064015319284005,30.635451887108054,0.01124622362491845,2.5938263057882027,0.4376493126729722,0.5858636791175461,327.83405409472005,0.47390949384367786,12.621420276246628,4.683343629924572,2.192239533839509,358.46950598182826,1.3084270684581978,12.75793288848118,5.120992942597547,2.1846171401870556,33.2779897643004,0.01124622362491845,3.2621922200086226,0.44970256438243783,0.6432326842607189,307.76775434691996,1.2184353890859398,11.713560061045328,4.15902370739081,1.9389719603663726,341.0457441112204,1.3407954621445888,11.769826807699815,4.608726271773249,1.9638614271789885,15.216531191667755,0.019053175955005663,2.369452277570179,0.5247079721264744,0.6027257273897212,177.2753263541476,2.5984102881004265,17.304297769269162,6.112942288074056,3.8439036359817793,192.4918575458153,2.8443727737036837,17.340454658067003,6.637650260200528,3.8261741830797424,31.931103619570784,0.01124622362491845,2.4884439383777703,0.3991387952446348,0.5531994479943974,312.4988200887427,0.47390949384367786,11.713560061045328,3.906235251109284,1.8772057051402649,344.4299237083135,1.3084270684581978,11.769826807699815,4.3053740463539185,1.852284530201097
c<A>r<213>R<ILE>,123.87821214473442,1.3420560735089422,4.085124020612425,1.848928539473648,0.6707128756388046,51.06309444635163,2.1525648032027007,4.850159682981268,3.647363889025116,0.7714294173767289,54.509949780808604,2.193918418124952,4.842323703660981,3.893567841486329,0.6651166909066689,132.89699043842288,1.311049402219258,4.085124020612425,1.6206950053466205,0.5725920756138428,140.2291399003401,1.1985104171372059,3.782480869230342,1.7101114621992695,0.5628264277779294,78.20192994402333,2.1525648032027007,4.223725125933401,2.696618273931839,0.5160823654458452,149.55611488230105,1.1985104171372059,3.782480869230342,1.5418156173433097,0.46014543142345415,47.443891833377165,0.010822563130946206,2.753046810142422,0.585727059671323,0.7600542687334564,393.65001305108285,0.4899061402263811,14.00744277991824,4.859876704334356,2.0491119987102624,441.09390488446,1.315497471658984,14.079469640029423,5.445603764005679,2.0274068157892726,9.14042554167007,0.07036022632120265,4.3156109890926615,0.6093617027780046,1.0053209502291578,110.84100493841494,4.204843732725351,12.436768877971701,7.389400329227663,1.8827765092485433,119.98143048008502,4.412938244809834,12.852121106500334,7.9987620320056685,1.9806767432981847,13.97484124892331,0.028297007593005574,3.2547238244586723,0.6987420624461655,0.7480075601293429,136.82932925463885,3.665687519955932,10.900006204022489,6.841466462731942,1.6140795271770656,150.80417050356218,4.554550329492057,10.930766523132519,7.540208525178109,1.4928686756989786,47.84759934544102,0.010822563130946206,2.516922431403712,0.5563674342493141,0.6881855756790042,379.04842916478094,0.47390949384367786,10.900035729960805,4.407539874009081,1.5208008539248419,426.8960285102219,1.3084270684581978,10.946691972550937,4.963907308258395,1.5579052824128354,46.876686806716855,0.010822563130946206,3.2621922200086226,0.48326481244037994,0.6418296916711907,378.91771353080713,0.4899061402263811,8.980465472193202,3.9063681807299706,1.3792288034794717,425.79440033752394,1.315497471658984,9.021931055708547,4.38963299317035,1.4247710041386386,18.984132050774676,0.018262299431911266,3.3252281829557386,0.5130846500209372,0.6779020152339762,156.28360020533955,2.3269031729933545,9.40954133516908,4.223881086630799,1.5572742542662443,175.26773225611424,2.765375203914889,9.628394079934765,4.736965736651737,1.7231008821252676,48.60871559078617,0.010822563130946206,2.685860257652962,0.5011207792864554,0.6266734842298151,349.3543635147231,0.47390949384367786,6.79064272908694,3.6015913764404446,1.2196761072223121,397.9630791055093,1.3084270684581978,7.047559872811362,4.1027121557269,1.2766666598951342
c<A>r<214>R<THR>,97.07822689982831,1.4546237981258194,4.028143689558955,1.7977449425894132,0.5531127394749397,49.58112559102518,2.808532012587257,4.850159682981268,3.8139327377711676,0.7035970018352496,71.64128030077866,2.193918418124952,5.5057827795270535,3.9800711278210366,0.740167837246806,108.08919970014917,1.2911250700704267,4.028143689558955,1.5895470544139583,0.44826944983360884,126.86013776487758,1.1859418961387251,3.766960932728724,1.737810106368186,0.5654251408699971,88.2287564690129,2.193918418124952,4.223725125933401,2.757148639656653,0.5170233419337391,136.7588500480535,1.1859418961387251,3.4845262472783927,1.57194080515004,0.439356390009395,23.60358758273113,0.010621413174785488,2.7086148017391842,0.5364451723347984,0.7379767097069291,237.21756330698722,1.219728511150663,16.322787586369316,5.391308256976982,2.459586045161942,260.82115088971835,1.315497471658984,16.444868053891746,5.927753429311781,2.419436544377158,10.36436054953128,0.14110010233233794,4.3156109890926615,0.7972585038100986,1.102053170517948,101.43284598749416,5.92276838223485,12.436768877971701,7.802526614422628,1.7520404022088945,111.79720653702543,6.513633641992753,12.852121106500334,8.599785118232726,1.7269209378871164,30.24903484115326,0.028297007593005574,4.668832463442566,0.9452823387860394,0.944235605153202,234.6362027164423,4.374569664210014,12.12677796345929,7.332381334888822,1.7805487116561607,264.8852375575956,4.802432235846522,13.192995043070297,8.277663673674862,1.9105819876096781,26.546955400366645,0.010621413174785488,2.7603607568332613,0.5008859509503141,0.6688991253945451,264.75345292620943,0.5819704505311165,16.322787586369316,4.995348168419046,2.2639320246816705,291.300408326576,1.315497471658984,16.444868053891746,5.496234119369359,2.2374876832872044,30.840936666328776,0.010621413174785488,2.7086148017391842,0.3855117083291097,0.5154930099459042,316.21976556836216,1.08477244516871,8.582341468277491,3.952747069604527,1.4081461658684828,347.0607022346909,1.315497471658984,8.592962881452276,4.338258777933636,1.453994823709425,23.669218808868738,0.018262299431911266,3.3252281829557386,0.550446949043459,0.7241172012662936,212.5839018515564,2.1756596023599286,12.12677796345929,4.9438116709664275,2.4979863942821674,236.2531206604251,2.765375203914889,13.192995043070297,5.494258620009886,2.5476522015603384,33.42052106097834,0.010621413174785488,2.7086148017391842,0.41775651326222923,0.5621516600905385,308.2602679218118,0.5819704505311165,9.908901076065206,3.8532533490226477,1.6662561267374643,341.68078898279015,1.315497471658984,9.942554235022675,4.271009862284877,1.6484987034297887
c<A>r<215>R<LEU>,119.511699909326,1.3610642556211485,5.254485917813304,1.8970111096718412,0.7129616125335136,55.95972172394862,3.018907727944491,5.229251315525326,3.997122980282044,0.6807548894233014,62.60597241614698,3.328252709511069,7.189709191572191,4.1737314944097985,0.9340519341086679,127.8370164110413,1.2911250700704267,4.20693326582323,1.638936107833863,0.5565223400659476,140.59636499701188,1.1859418961387251,5.191021685687873,1.7797008227469857,0.6780074791096983,84.26732459747798,2.20462794748714,4.518371648019346,2.8089108199159325,0.6005927066453502,148.11290090661737,1.1859418961387251,4.20693326582323,1.5756691585810358,0.5003505729192672,45.95326529825279,0.010621413174785488,5.305724521984422,0.6382397958090665,1.011315947022338,389.667734495634,1.219728511150663,12.10245465953085,5.412051867994917,2.016785818058089,435.62099979388677,1.315497471658984,12.218308965565896,6.050291663803983,2.098749506697685,16.836006407117967,0.039109320703483164,8.296112508555128,1.052250400444873,2.021870018285053,139.5160504872248,5.054141577038138,14.512422477516338,8.71975315545155,2.777416271904865,156.35205689434275,6.390471929337163,15.440535117613566,9.772003555896422,3.0292026481785963,22.497703561984334,0.02354211968171427,4.668832463442566,0.8332482800734938,0.8335412977321698,275.3501646907459,5.031403754646817,22.648303391479715,10.198154247805403,6.073580676531844,297.8478682527302,5.854441665145502,23.45306718648959,11.031402527878898,6.019894829357849,43.815814671125395,0.010621413174785488,6.232537800401786,0.5765238772516499,0.9777443141598509,387.0062961826266,0.5819704505311165,12.10245465953085,5.092188107666139,2.1013937545803643,430.82211085375195,1.315497471658984,12.218308965565896,5.668711984917789,2.106510732953519,51.07250920423971,0.010352295912388954,6.049689898670334,0.5265207134457702,0.8577067536944023,415.81778983168766,1.08477244516871,10.321576389648726,4.286781338471007,1.7022980553635816,466.89029903592734,1.315497471658984,10.56181958349444,4.813302051916777,1.8518228010493598,26.313150609325497,0.021409735286349374,7.995570927803737,0.7309208502590416,1.4023575067984309,234.54065435810537,2.129486853718163,19.186554732570812,6.5150181766140385,4.955152298358213,260.85380496743085,2.8443727737036837,19.274605412922266,7.245939026873079,4.931400834718299,47.78987073036072,0.010621413174785488,6.6278400790250025,0.5369648396669744,0.9300407576339121,375.00825829581714,0.5819704505311165,10.321576389648726,4.213575935908057,2.0038216682455516,422.79812902617783,1.315497471658984,10.422360954814067,4.750540775575032,2.052134485073355
c<A>r<216>R<THR>,121.54949775036609,1.3422128617319051,4.290588182824244,1.929357107148668,0.7849253526407056,51.760499928657296,2.1405486694811278,4.765352635355388,3.697178566332664,0.6488066657342628,53.6079757826943,2.0962646451618583,5.040233413000079,3.829141127335307,0.6799835596945479,130.3796719270245,1.2911250700704267,4.290588182824244,1.671534255474673,0.6361037771080987,138.0210055475014,1.1859418961387251,4.021179681267543,1.769500071121813,0.6833374277027425,83.57151526822852,2.0962646451618583,5.040233413000079,2.8817763885596044,0.7655386502987068,146.33028190009986,1.1859418961387251,3.844985478220749,1.5734438913989233,0.5112616244096796,40.960227521134264,0.010822563130946206,5.21535643887376,0.5851461074447752,1.0090179655506937,389.22524778557175,1.2136279408496193,25.67060940716192,5.560360682651025,3.3354674535327984,430.185475306706,1.315497471658984,25.773465546372936,6.1455067900958,3.3115770264026487,11.963941501576844,0.07273256285988605,3.4443886068531295,0.7037612647986379,0.9717977024685934,127.08150127278589,4.43064178363079,15.004173145234063,7.475382427810935,2.3911511790029363,139.04544277436273,4.503374346490676,15.095761657873345,8.179143692609571,2.2332899863330824,16.221543478737054,0.011236816880497713,3.5617258379467494,0.8110771739368527,0.8276013568210724,153.00886673562746,5.031403754646817,13.703807284790173,7.650443336781374,2.1120644339440515,169.2304102143645,5.854441665145502,13.82145382250759,8.461520510718225,2.0822780008876043,41.27237445781989,0.010822563130946206,5.10401711958113,0.616005588922685,1.0027661406481199,344.70219412370557,0.4779277440875376,25.67060940716192,5.144808867517994,3.3862240224477653,385.97456858152543,1.2912076441049296,25.773465546372936,5.760814456440678,3.344485345236784,42.4472093583147,0.010822563130946206,5.095636793060333,0.4564216060033839,0.7965328523298151,397.9306286658673,1.08477244516871,10.552232388153698,4.278823964149111,2.006550767143443,440.377838024182,1.315497471658984,10.652037061500083,4.735245570152494,2.0744553507616756,25.42406693891237,0.013443939650198189,3.0472753443990506,0.6053349271169612,0.8211810742818,226.08671964256604,1.9885524534913657,10.180444588154614,5.383017134346811,2.317987883119983,251.51078658147838,2.760272260473447,10.952559833737194,5.988352061463771,2.337430037651503,42.85414457820453,0.010822563130946206,5.095636793060333,0.5290635133111671,0.8785588615230592,329.4447566341071,0.4779277440875376,10.552232388153698,4.067219217705025,2.0092170179198656,372.29890121231165,1.2912076441049296,10.652037061500083,4.596282731016193,2.0323242461810076
c<A>r<217>R<TRP>,123.69578916649974,1.3422128617319051,3.987394051416777,1.8741786237348446,0.6858286209542757,54.7405212105238,2.1405486694811278,4.765352635355388,3.6493680807015867,0.5741312106453762,80.20556442300197,3.1743811465699823,5.512867985561115,4.010278221150099,0.5893597796330944,131.56620804379267,1.2837812200598033,3.987394051416777,1.604465951753569,0.5447109771125219,151.75948433326283,1.179191626793721,3.67545025576199,1.7443618888880785,0.6265956600378418,99.27655193866516,2.1405486694811278,4.6860090217716035,2.7576819982962544,0.659406928476176,158.2343089102678,1.179191626793721,3.5658303295363867,1.5362554263132797,0.44439576397786995,47.53031089611602,0.016593366769667384,5.114410892219331,0.5401171692740457,0.8080672502489753,426.9438057557513,0.4846747345811764,10.552232388153698,4.851634156315356,1.5364258493856877,474.47411665186735,1.3307180710329582,10.723366544799553,5.391751325589402,1.5894803924251395,14.273204363006752,0.029871207024739554,3.6255492068624626,0.7136602181503375,0.9246120021072258,144.4363153782058,4.075660491112558,22.287124874825167,7.2218157689102895,3.6895995467604066,158.70951974121255,4.503374346490676,22.40157146134954,7.935475987060627,3.58396774866179,34.21130037077732,0.011236816880497713,5.04900708785609,0.8552825092694331,0.9150380463688038,373.5176009610634,3.6886340064711476,23.803762282859907,9.337940024026585,5.363858562308431,407.72890133184075,4.237356503083928,23.81976965207356,10.19322253329602,5.292178629270822,45.15824883164942,0.010170349046694227,5.0030715729267,0.5190603313982692,0.7845984252804612,388.94125331187024,0.4779277440875376,10.552232388153698,4.470589118527244,1.4821818777309312,434.0995021435197,1.2912076441049296,10.723366544799553,4.989649449925514,1.5266273706940148,55.37321004138521,0.013082886453357201,4.994691246405903,0.48150617427291487,0.7305756927630762,465.998077653069,0.4846747345811764,16.19151456880195,4.052157196983209,1.7739800378247306,521.3712876944542,1.3307180710329582,16.296359701642196,4.533663371256123,1.7929358905246169,34.85398961277811,0.013443939650198189,7.396293435018432,0.633708902050511,1.2303645550111884,293.4785375247343,1.9885524534913657,20.44736483629299,5.335973409540624,3.2475079303378287,328.33252713751244,2.675275278977953,20.95998508257826,5.969682311591136,3.352948144539626,52.39903430954366,0.010170349046694227,4.994691246405903,0.4990384219956539,0.7742453643505024,412.6041063597611,0.4779277440875376,16.19151456880195,3.92956291771201,1.9268590226491824,465.00314066930474,1.2912076441049296,16.296359701642196,4.428601339707664,1.9026401709023386
c<A>r<218>R<GLN>,116.71982961823193,1.3422128617319051,3.6794849765666355,1.7684822669429079,0.511032560673406,69.45061169067434,2.1405486694811278,4.765352635355388,3.472530584533717,0.6083650197045303,75.04154597345743,2.0962646451618583,5.512867985561115,3.7520772986728717,0.6916553528786714,130.72284468108046,1.2837812200598033,3.6794849765666355,1.5025614331158674,0.3321210887182055,144.0317364891698,1.179191626793721,3.6794849765666355,1.65553720102494,0.49748618747319995,108.11029554933887,2.0962646451618583,4.765352635355388,2.6368364768131434,0.5359357877392583,157.52698703693878,1.179191626793721,3.6794849765666355,1.4585832133049887,0.3051699153383686,37.00469072034913,0.016833528723909197,3.1852763837670235,0.46841380658669785,0.7133517592704127,365.8060164759733,1.2136279408496193,11.938778057098716,4.630455904759156,1.5625171429472,402.8107071963224,1.3307180710329582,11.962368373345186,5.098869711345854,1.583060810278897,24.51583450446209,0.012952838158801327,4.744870973675599,0.7661198282644404,1.1750520396365387,233.52482595417814,4.322487028312935,22.554393956902004,7.297650811068067,3.528121145266392,258.0406604586402,4.347752925312624,22.789455465145345,8.063770639332507,3.4235324453264018,30.03687832716611,0.011236816880497713,3.4100465215914912,0.8343577313101698,0.7717986906981653,248.95845527891288,3.6886340064711476,13.540866874748644,6.9155126466364685,2.020725910924802,278.995333606079,4.237356503083928,13.650744089263984,7.749870377946639,2.02428787529316,37.13559262061475,0.010170349046694227,2.864303223502575,0.4318092165187762,0.6528602324296722,361.18518630932334,0.4779277440875376,10.30463734021032,4.199827747782829,1.444803161208962,398.32077892993806,1.2912076441049296,10.401560045073957,4.631636964301605,1.4405556207558106,45.19213000369272,0.01713809430979074,3.744321830862722,0.4474468317197299,0.6287325834373689,358.067229254706,1.2136279408496193,6.397501965393758,3.5452200916307524,0.9773882678438388,403.2593592583987,1.3307180710329582,6.895394291934604,3.9926669233504826,1.005723798159836,38.7107227924689,0.013073201744591145,5.032498184553765,0.6674262550425673,1.0272386237506588,260.56545531369875,1.9885524534913657,10.180444588154614,4.492507850236185,2.042859260940054,299.2761781061676,2.507703844508015,10.78379950143606,5.159934105278752,2.041685229227501,45.49196401672579,0.010170349046694227,3.7196866997128035,0.45041548531411674,0.6885760272107811,339.3828656951279,0.4779277440875376,6.791127450806016,3.3602263930210685,1.126727236328843,384.8748297118537,1.2912076441049296,6.9309219133952125,3.810641878335185,1.0807710987762178
c<A>r<219>R<ARG>,120.28437108138743,1.3422128617319051,4.3605453736453885,1.8224904709301126,0.6108256342524858,67.3971693915595,2.199409480267446,5.102298326939374,3.369858469577975,0.715282576846245,93.21703610351423,2.0868833621945337,4.701693767135913,3.728681444140569,0.5675598263753632,137.5971139945894,1.2568987617002711,4.3605453736453885,1.581576022926315,0.5015142573380986,157.8103136643149,1.179191626793721,4.3605453736453885,1.7153294963512489,0.6131572061682025,119.52891795782494,1.5963252383873867,3.521265251582644,2.5984547382135856,0.40248803841381475,173.8130506523975,1.179191626793721,4.3605453736453885,1.5381685898442257,0.48948056405280654,44.547241188925675,0.01018905087235078,4.911677308904041,0.6274259322383898,0.9558641512378345,337.6773789769736,0.5009388484879764,11.938778057098716,4.756019422210896,1.5975342294729566,382.2246201658993,1.5855800309461756,11.962368373345186,5.383445354449286,1.6271430480258788,25.811001750011386,0.012952838158801327,6.346218261357826,0.8900345431038409,1.383582319280765,207.0686379042795,1.3080470068061913,15.766401488746851,7.140297858768259,3.137391858627876,232.8796396542909,1.6681947561714312,15.9313596044319,8.0303324018721,3.2799234205929766,47.360429506574405,0.014021590348631818,5.51898008248175,1.076373397876691,1.263138960534925,312.9476193036124,3.6886340064711476,14.212555090603075,7.112445893263918,2.4238999890213146,360.3080488101868,4.237356503083928,14.36046120822686,8.188819291140609,2.542863835447627,47.86170826432878,0.010170349046694227,3.948157679267397,0.5202359593948781,0.8789552870749259,391.51558389269724,0.5009388484879764,10.30463734021032,4.255604172746709,1.499221210985854,439.377292157026,1.5855800309461756,10.401560045073957,4.775840132141587,1.5521256704484592,60.46537308873084,0.01018905087235078,3.961883305401992,0.5650969447544939,0.7943219980519666,397.1773816037723,0.5009388484879764,6.887589532087588,3.7119381458296474,1.209389371120557,457.6427546925031,1.5855800309461756,7.615945277366354,4.277035090584141,1.225905234022111,43.88916440329406,0.012782914746762408,5.032498184553765,0.6012214301821104,0.9728419545247,330.72253418041186,1.3080470068061913,12.389900539089979,4.530445673704272,2.152444368608363,374.6116985837059,1.6681947561714312,12.435493134752743,5.131667103886382,2.169799686485645,60.08603582128389,0.010170349046694227,4.057915279096145,0.49250849033839256,0.7823829707276412,423.59982462721405,0.5009388484879764,9.88320800962083,3.4721297100591317,1.3839396906363708,483.685860448498,1.5855800309461756,9.918496141594668,3.9646382003975242,1.3640189052029321
c<A>r<220>R<ASP>,108.01579236617219,1.3484760209935798,4.422000527929287,1.8950139011609157,0.6585758328093585,78.62428772932127,2.142319599959861,5.621844594967641,3.573831260423694,1.011580882506565,66.90184154444307,2.0868833621945337,5.57288485836076,3.716768974691282,0.8358219978212198,129.05808757292766,1.2568987617002711,4.422000527929287,1.6132260946615957,0.5775726865477007,131.00774377876957,1.179191626793721,3.618063144957703,1.7237861023522312,0.5552929738072622,109.75989147141063,2.0868833621945337,4.123607540367432,2.677070523692942,0.49990571908136766,151.3398483352462,1.179191626793721,3.618063144957703,1.5286853367196584,0.44321153645455746,38.72628363899077,0.01018905087235078,4.911677308904041,0.7041142479816503,1.0942943119905923,267.10521157162117,0.5009388484879764,11.938778057098716,4.856458392211294,1.9350319365485462,305.83149521061193,1.5855800309461756,11.962368373345186,5.5605726401929445,2.0228565800833107,27.59103991422375,0.012952838158801327,6.346218261357826,0.8900335456201209,1.3576558183378737,276.2648058825858,1.3080470068061913,15.766401488746851,8.911767931696316,3.5245074186501664,303.85584579680955,1.6681947561714312,15.807170112694521,9.801801477316436,3.765773558097695,22.473890781271233,0.08738455920635957,3.2330472363172653,0.8643804146642782,0.7267700232200985,185.86894747335555,4.077593457359399,16.88868694440498,7.148805672052136,3.1541958090251883,208.34283825462677,4.251212244609425,17.388370597068207,8.013186086716415,3.391921619409946,46.52177475999965,0.01018905087235078,4.495410339670734,0.6372845857534198,1.0661758162093546,341.0564533531609,0.5009388484879764,13.436593151634952,4.672006210317273,2.3211346531198167,387.57822811316055,1.3027130051992728,14.970120697735222,5.309290796070693,2.462406543877648,44.31770220978382,0.01018905087235078,3.961883305401992,0.5909026961304509,0.8262038767017705,291.3194134965063,0.5009388484879764,6.832408342911549,3.884258846620084,1.3149830323999783,335.63711570629005,1.5855800309461756,7.179557960329843,4.475161542750534,1.3166449217448672,37.90047371868043,0.012454301649317934,3.61873591058169,0.6767941735478649,0.9182033803429523,258.0811076162891,1.3080470068061913,13.436593151634952,4.608591207433734,2.2157948025484755,295.9815813349695,1.6681947561714312,14.970120697735222,5.285385380981599,2.3608126676247516,50.37848081582147,0.01018905087235078,4.057915279096145,0.5536096792947414,0.8297079642720757,341.8565107995067,0.5009388484879764,13.436593151634952,3.756664953840733,1.8713503680083006,392.23499161532817,1.3027130051992728,14.970120697735222,4.310274633135474,1.93392766830916
c<A>r<221>R<GLY>,100.8675609297929,1.3610642556211485,4.422000527929287,2.0585216516284266,0.8091518393388225,61.69128478985856,2.1405486694811278,5.714604060501374,3.85570529936616,0.9676762089415608,74.74295404232699,2.0868833621945337,4.701693767135913,3.5591882877298566,0.6327345851916377,113.77978855190077,1.2837812200598033,4.249349430546909,1.7239361901803145,0.7110581287474934,130.25587514757197,1.179191626793721,4.218662362134428,1.8345897908108728,0.7040551865905913,105.54733790076594,2.0868833621945337,5.2096772042908155,2.777561523704367,0.5977494755048919,141.56815617075733,1.179191626793721,4.218662362134428,1.6087290473949698,0.5560834217581936,30.813462557093636,0.011225689026259644,3.601981145396479,0.6162692511418727,0.9108786591536518,291.7939442726106,1.2136279408496193,11.938778057098716,5.835878885452212,2.0212988543944332,322.6074068297042,1.3307180710329582,11.962368373345186,6.452148136594084,2.2013868481942667,20.190199997125674,0.012952838158801327,5.278083381622455,0.7477851850787287,1.1489237699021475,248.47382970607123,4.322487028312935,13.784861310623455,9.202734433558193,3.0554588397688893,268.6640297031969,4.347752925312624,14.970120697735222,9.950519618636921,3.248133488294452,28.810502132973884,0.07091979734415688,5.545141898911163,0.9603500710991295,1.1956253205264662,189.69077835905273,3.661600324875508,13.540866874748644,6.323025945301757,1.9664507193448972,218.50128049202658,4.237356503083928,13.650744089263984,7.283376016400886,2.030549129563713,35.326315702065,0.011225689026259644,4.808726211483005,0.5987511135943221,0.9945558759297035,331.56779404644067,0.4779277440875376,13.436593151634952,5.619793119431198,2.5093678556359174,366.8941097485056,1.2912076441049296,14.970120697735222,6.218544233025519,2.6479940431453373,40.01017541860207,0.02406370093725796,3.5180867939186555,0.5129509669051547,0.6831442162284916,322.5961696384809,1.2136279408496193,8.275812180035473,4.135848328698473,1.5030625340608794,362.606345057083,1.3307180710329582,8.400546221663426,4.648799295603628,1.5741595672459117,38.503172665382394,0.012454301649317934,5.032498184553765,0.6311995518915147,0.9895626691413726,282.68286158366277,2.1490434223787815,13.436593151634952,4.634145271863324,2.1242903771172217,321.1860342490451,2.507703844508015,14.970120697735222,5.265344823754838,2.245095128748159,40.35775044065425,0.011291183535201643,3.0361213198449803,0.4692761679145843,0.6554442754316342,360.5924625758571,0.4779277440875376,13.436593151634952,4.192935611347176,2.0367569590819494,400.9502130165113,1.2912076441049296,14.970120697735222,4.662211779261759,2.0963095512329764
c<A>r<222>R<GLU>,109.53572302137692,1.4145419305796978,4.422000527929287,1.9915586003886714,0.7756285554421646,60.685008801647626,2.221574519304255,6.069808141541525,4.045667253443175,1.1807682302910856,73.6741597118839,2.0962646451618583,5.563763472187047,3.5082933196135193,0.8369358960008615,119.55083526768188,1.2568987617002711,4.422000527929287,1.683814581234956,0.6784632758370636,139.72357267901376,1.179191626793721,3.9242086953849435,1.8145918529742047,0.7019330741846385,104.88539222780251,2.0962646451618583,4.6575233443655595,2.834740330481149,0.6469085625457309,148.9742925240401,1.179191626793721,3.866420004658263,1.6018741131617213,0.576752309250111,33.63149290919464,0.011225689026259644,3.8539572223109975,0.6467594790229738,0.9060536453356088,320.8515279834983,2.518579527649308,13.818552853363144,6.170221691990351,2.246851282852745,354.48302089269293,2.864761639594905,13.847450305764074,6.8169811710133255,2.2962065503095515,21.337467147440616,0.02526589699968884,3.6312579519410875,0.8534986858976247,1.0188997628794831,227.42689453817525,4.322487028312935,15.752903369434762,9.09707578152701,3.332631100500113,248.76436168561585,4.347752925312624,16.302620135490052,9.950574467424634,3.559163684142208,33.774703833970435,0.07091979734415688,5.2707468652113825,1.1258234611323479,1.4392808634597725,214.01548702925152,3.8476186684574714,13.540866874748644,7.133849567641717,2.237043233865685,247.79019086322194,4.032206126298332,13.650744089263984,8.259673028774065,2.470672926117614,33.51552833355577,0.011225689026259644,4.101269586614977,0.5405730376379964,0.9242171659581616,344.61609812793154,2.203237773674118,13.818552853363144,5.558324163353735,2.1863348773166846,378.1316264614873,2.3992924704037213,13.847450305764074,6.098897200991731,2.287497357399862,46.4070207439286,0.015545650260801569,3.744321830862722,0.5459649499285717,0.8153022996102043,400.6993778405845,1.8440921253513807,13.818552853363144,4.714110327536288,2.084266738712784,447.106398584513,2.022375169095285,13.847450305764074,5.260075277464859,2.0872567171413707,40.59986453773398,0.012454301649317934,5.903306384054424,0.6999976644436893,1.1414355123659687,287.60986206618145,2.124756333935011,10.511009403443495,4.95879072527899,2.138840907829227,328.2097266039154,2.507703844508015,10.810442822638045,5.658788389722679,2.329258824902278,44.79016950116048,0.011291183535201643,3.1781940705586402,0.47649116490596255,0.7031223152847681,428.81184593778926,1.5972495976802747,13.818552853363144,4.561828148274354,2.100001734135456,473.6020154389497,1.6146316541637875,13.847450305764074,5.038319313180316,2.0819544341883893
c<A>r<223>R<ASP>,95.8898690459336,1.3610642556211485,4.468605496321956,1.9569361029782366,0.8003992820059375,57.42649046097773,2.800485374288968,5.950271206900962,3.8284326973985157,0.8081974377159412,83.47524402509232,2.0962646451618583,5.512867985561115,3.6293584358735793,0.8316767880511703,106.91465210118035,1.2837812200598033,4.242004825961878,1.6448408015566207,0.5868321518648381,129.16885851432792,1.179191626793721,4.218662362134428,1.7694364180044921,0.6982650739211385,109.23802727158242,2.0962646451618583,4.281846407229774,2.800975058245703,0.5808498763398273,140.97138959582838,1.179191626793721,4.218662362134428,1.5839481977059369,0.5628323817320724,24.21964213628686,0.011551190063521233,6.034149728042001,0.526513959484497,1.0068440359972288,272.05507757377086,2.518579527649308,13.818552853363144,5.914240816821105,2.2030501371099507,296.2747197100577,2.864761639594905,13.847450305764074,6.440754776305602,2.2697742362741953,14.292376675661242,0.029871207024739554,3.9515591942606676,0.7522303513505917,1.039992208756374,144.04922883587824,3.571299898613006,15.770521622970591,7.581538359783065,3.189669297010507,158.34160551153948,4.034752604956301,17.491221953859863,8.333768711133658,3.6783368631175146,35.516141329332584,0.011236816880497713,4.770878700319928,0.9598957116035833,0.9955069818512927,288.1816505667491,4.734108236462134,19.05198556341952,7.788693258560786,2.6509081406574353,323.6977918960817,5.786041373884316,19.100389997281827,8.74858897016437,2.5674027144218483,26.01389048583722,0.011551190063521233,6.757512132289611,0.49082812237428713,1.0149749146899079,272.1023174734463,2.203237773674118,13.818552853363144,5.134005990065025,2.2022275739211077,298.1162079592835,2.3992924704037213,13.847450305764074,5.624834112439311,2.3164836015111403,39.51635850688922,0.018049940427632194,4.845364564543271,0.5413199795464276,0.8398398441541666,332.9493380791505,1.8440921253513807,13.818552853363144,4.560949836700692,2.176027127009511,372.46569658603977,2.1643630637674383,13.847450305764074,5.10226981624712,2.2189000159781203,43.023099617981856,0.012454301649317934,5.903306384054424,0.7052967150488829,1.1833859991205409,321.94388923433314,2.0086138635790576,19.05198556341952,5.277768675972674,2.8366216102613406,364.96698885231496,2.0680776643028747,19.100389997281827,5.983065391021556,2.944378516358724,39.89266606299896,0.016349843917075724,4.845364564543271,0.5114444367051149,0.8078702030798395,337.0578016195292,1.8440921253513807,13.818552853363144,4.321253866917041,2.2908640806556435,376.9504676825282,2.1643630637674383,13.847450305764074,4.8326983036221565,2.329594982415626
c<A>r<224>R<GLN>,108.39546529228677,1.3769565190064195,4.242004825961878,1.9016748296892416,0.7166134713393509,46.92024450658216,2.199409480267446,4.160262609574228,3.35144603618444,0.6000308762646462,66.02964657913232,2.0962646451618583,4.971134675966885,3.6683136988406844,0.7290679046843619,117.33751487819302,1.2568987617002711,4.123755022581718,1.6296877066415698,0.5885543244165472,133.47331450012067,1.179191626793721,4.218662362134428,1.7562278223700087,0.6385604431774204,85.98344641190299,1.5963252383873867,4.862038499719117,2.6055589821788785,0.5536560222318274,141.11974338520426,1.179191626793721,4.123755022581718,1.5507664108264205,0.4953112779651214,30.01717840643736,0.010802492646297068,2.768106797518623,0.500286306773956,0.6763886877352688,337.1275947496301,2.866230201675762,13.199448873936092,5.618793245827168,1.9164626289886606,367.14477315606746,2.8890510310723867,13.218795765760651,6.119079552601124,1.9247398195804222,9.269303617541965,0.02760967470186415,4.744870973675599,0.6620931155387118,1.254242496958148,96.14901512143729,1.3080470068061913,19.46461658787166,6.867786794388378,4.090340479734357,105.41831873897925,1.6681947561714312,19.492226262573524,7.529879909927089,4.10621491162477,22.628493279176446,0.023492007523202574,4.119834794723598,0.8703266645837094,0.8273514942275597,190.34229254478856,5.269099121584134,14.476245507307397,7.320857405568791,2.0874383883527816,212.970785823965,5.827705254975255,14.516530815363021,8.1911840701525,2.10320611492907,32.138866384864244,0.010534368257932414,3.642633716634162,0.4944440982286807,0.7255986186614765,309.4947745854606,1.786441925568397,10.552232388153698,4.761458070545548,1.45650706871381,341.6336409703249,1.9033009373676508,10.743832956402104,5.255902168774229,1.575484001203619,42.412979508576136,0.010802492646297068,3.3940843693063325,0.5437561475458479,0.741341967963939,330.64539395453244,1.6338986899509678,14.476245507307397,4.239043512237595,1.8389507070734712,373.0583734631085,1.9356025923716558,14.516530815363021,4.782799659783443,1.9024808876008192,23.549256883517067,0.013733059897679922,3.134819257408603,0.5743721191101724,0.765248552369646,172.98064058779312,1.3080470068061913,9.88320800962083,4.219040014336418,1.933901402987761,196.52989747131016,1.6681947561714312,9.918496141594668,4.79341213344659,2.0643021067487113,40.17091452064791,0.010802492646297068,3.2863432135408965,0.489889201471316,0.6967570248489137,327.0840876007659,1.6338986899509678,10.552232388153698,3.988830336594706,1.5531573952919187,367.2550021214138,1.9033009373676508,10.652037061500083,4.478719538066022,1.5703815738247757
c<A>r<225>R<THR>,81.12086380726277,1.3813093257045992,4.090189988097628,1.8865317164479714,0.7213554600597132,47.01838382520463,2.5654252060043397,5.53370334360274,3.6167987557849717,0.7440633200344398,57.34222381669291,2.556480932806633,5.87730531302344,3.8228149211128604,0.8653334067860177,92.4330190852329,1.3048000113937812,3.987394051416777,1.6216319137760158,0.5653258754300778,104.35456689445776,1.1865955302949511,4.017082537717902,1.7687214727874196,0.6450101817247037,80.69614208050935,2.1494055625760353,5.87730531302344,2.782625588983081,0.7996487522686495,115.20558372173792,1.1865955302949511,4.017082537717902,1.5781586811196975,0.5081118918765188,16.895773715312785,0.010802492646297068,2.7243036544957135,0.44462562408717854,0.6164057454108318,200.2970289365424,1.458260623868128,10.552232388153698,5.270974445698484,1.699268792100383,217.19280265185526,1.5772780807977864,10.723366544799553,5.715600069785665,1.7133980207972537,3.306547895622206,0.02760967470186415,0.8678789100595026,0.30059526323838237,0.2549255399734792,94.77614933242924,2.254512443966007,19.526128099195887,8.616013575675385,5.458573518595178,98.08269722805144,2.5902206430866546,20.39400700925539,8.916608838913767,5.527375027613693,15.079117311679973,0.01679441913916868,1.9397121927828724,0.7180532053180939,0.5843670124539917,151.02609087114007,4.785554652454493,12.16141991254517,7.191718612911432,2.0073114300144237,166.10520818282006,5.827705254975255,12.468807419516153,7.909771818229527,1.9936105862555407,17.990381921612645,0.010802492646297068,2.877158418831357,0.49973283115590683,0.6515096196735153,171.39960071125523,0.5799864238749848,10.552232388153698,4.76110001975709,1.649153888733328,189.38998263286794,1.5138208377541802,10.723366544799553,5.2608328509129985,1.636116535792302,25.129234861030767,0.010802492646297068,2.4072265180451415,0.49273009531432876,0.5870179206651289,208.32576891756543,1.458260623868128,10.552232388153698,4.084818998383636,1.6969922915782143,233.4550037785962,1.5772780807977864,10.652037061500083,4.577549093697964,1.7198355781715031,14.65404882065154,0.013733059897679922,1.7173692728987167,0.35741582489393997,0.4149458047198313,199.62225961899105,2.0086138635790576,14.287352002445232,4.868835600463196,2.6719668430319263,214.2763084396426,2.0680776643028747,14.980504204348389,5.226251425357137,2.7268015680926423,26.056097958044603,0.010802492646297068,2.814233495430855,0.5109038815302863,0.6054945754797539,195.36487292197836,0.5799864238749848,10.552232388153698,3.8306837827838893,1.7436590905482692,221.42097088002294,1.5138208377541802,10.652037061500083,4.341587664314175,1.7653466243407534
c<A>r<226>R<GLN>,81.90540618334444,1.4145419305796978,6.010043914065799,2.100138620085755,1.0753852558201773,44.161778782978836,2.199409480267446,5.53370334360274,3.3970599063829874,0.8215089831866725,64.7503948265658,2.203330476030671,6.166932859348907,3.597244157031433,0.9368769411753627,92.60722306226424,1.3136689529413497,5.040509302295271,1.7473060955144195,0.8116766931834279,103.73748600157693,1.1865955302949511,5.7224854431671375,1.7885773448547746,0.8064782672221392,83.4254313905657,1.5963252383873867,4.5323569813733755,2.6070447309551783,0.5624426888297271,113.1434774972196,1.1865955302949511,4.5323569813733755,1.5714371874613835,0.5439852966420816,21.77656906024204,0.010802492646297068,5.380851268010758,0.6221876874354868,1.1016917636828725,214.9025164065202,1.458260623868128,14.914128747101373,6.140071897329149,3.1746237840031197,236.67908546676225,1.5772780807977864,15.272400547360636,6.762259584764635,3.550690717289199,2.3837585128499112,0.0328371416345874,0.5593105615118805,0.2648620569833235,0.18759165890609375,49.86252641592415,2.254512443966007,8.617519162011163,5.540280712880461,2.0744346299703573,52.24628492877406,2.5902206430866546,9.09010421673148,5.805142769863784,2.1368257285474903,23.274181025487785,0.01679441913916868,4.119834794723598,0.8951608086726071,0.9956248025136708,199.11234737559778,3.2671029292669918,14.476245507307397,7.6581672067537605,2.42512642788517,222.3865284010856,3.302280402992883,14.516530815363021,8.55332801542637,2.5845554597248412,22.29243478541396,0.010534368257932414,6.010836082926021,0.5437179215954624,1.1225957183577189,197.96455138952138,0.5799864238749848,14.914128747101373,4.828403692427351,2.6666863153561873,220.25698617493532,1.3069490525626994,15.040993045175858,5.372121614022813,3.1279221965815087,31.137965248065875,0.010802492646297068,4.445410569352198,0.6105483381973701,0.9257652960777967,234.83845939306738,1.458260623868128,14.476245507307397,4.60467567437387,2.695783913891476,265.97642464113324,1.5772780807977864,14.516530815363021,5.21522401257124,2.918716457229214,19.973188342594135,0.013733059897679922,1.9313371878426313,0.4438486298354252,0.5523850323263942,214.19416863960106,1.8352546035101123,10.962807875138768,4.759870414213357,2.6304755675800426,234.16735698219523,2.0680776643028747,11.679034996480603,5.203719044048783,2.7373718922521237,28.233046647428772,0.010802492646297068,3.5782214172108286,0.5133281208623413,0.7870885959937048,224.18041430519366,0.5799864238749848,10.962807875138768,4.076007532821703,2.449342747443265,252.41346095262244,1.3069490525626994,11.679034996480603,4.589335653684045,2.6061162576092127
c<A>r<227>R<ASP>,97.68647932192741,1.4145419305796978,3.987394051416777,1.809008876331989,0.5113368068406743,55.36581738621291,2.2999358011647986,5.53370334360274,3.460363586638307,0.8365608372613912,70.53028553362446,2.203330476030671,5.036733484507667,3.712120291243393,0.7570683447045651,107.40103430141318,1.3136689529413497,2.9816369766599355,1.5126906239635658,0.2619616609896845,123.95577660468204,1.2222666167057616,3.354734128415304,1.675078062225433,0.48826413027443344,94.6884097617227,2.203330476030671,4.862038499719117,2.630233604492297,0.49871196526301964,134.44845417462363,1.2222666167057616,3.354734128415304,1.4774555403804794,0.3116008460440629,21.397162109990226,0.010377263482771681,2.745782349147891,0.4366767777549026,0.6061583490923645,255.056149815959,1.458260623868128,12.92162962911226,5.205227547264469,1.9369281787064638,276.45331192594927,1.5772780807977864,13.326057253756279,5.641904325019373,1.9460798566392024,8.445057813686823,0.019669244742019032,3.616879551809017,0.6032184152633445,0.908005356358981,109.66499974968853,2.254512443966007,17.445301236571495,7.8332142678348955,4.041262790558249,118.11005756337535,2.5902206430866546,17.464970481313514,8.43643268309824,4.183125909902985,21.411317871658397,0.01679441913916868,1.9397121927828724,0.7930117730243851,0.6071781098748577,183.96298615041417,3.2671029292669918,12.16141991254517,6.813443931496821,2.080739960958477,205.3743040220726,3.302280402992883,12.468807419516153,7.606455704521208,2.095499632975312,21.071088735259234,0.010802492646297068,2.745782349147891,0.43898101531790074,0.605897102567102,212.67843159205268,0.5799864238749848,12.92162962911226,4.430800658167764,1.937897434506365,233.74952032731193,1.3069490525626994,13.326057253756279,4.869781673485665,2.0282849556571416,33.240707500089606,0.010802492646297068,4.802330455565914,0.5276302777792001,0.8344650111980147,250.0145245789348,1.458260623868128,12.92162962911226,3.9684845171259493,1.9964444400090813,283.2552320790243,1.5772780807977864,13.00307414345266,4.496114794905148,1.992757748260206,19.913487513507683,0.013733059897679922,2.5740860069416254,0.4148643231980767,0.5506055845323689,243.25294822617093,1.8352546035101123,11.049904492895966,5.067769754711894,2.8899549443771644,263.1664357396786,2.1796452466118623,11.270150479420035,5.482634077909971,2.82000372271523,33.14113079309863,0.010802492646297068,4.802330455565914,0.5260496951285497,0.8638600510547488,218.86634214161802,0.5799864238749848,12.92162962911226,3.4740689228828256,2.0517212200463573,252.00747293471662,1.3069490525626994,13.00307414345266,4.000118618011375,2.088042476556538
c<A>r<228>R<THR>,109.13143852324629,1.3813093257045992,3.8318388298342634,1.8188573087207716,0.5855693835461588,44.371848927888415,2.5654252060043397,4.259578786343365,3.4132191482991088,0.5155222091734337,68.67704413490614,2.1781337614959217,5.638399223268008,3.614581270258218,0.8320806384729081,115.51544827232036,1.293907239675808,3.8318388298342634,1.5610195712475723,0.453898809851502,135.2208447985263,1.1870534811083084,3.8140461077613654,1.6902605599815785,0.5505785073104693,86.95178219316908,2.1781337614959217,5.076951234663364,2.6349024907020935,0.5348388268093878,141.03821356821106,1.1870534811083084,3.8140461077613654,1.5004065273213942,0.3882624258185313,27.632209435843627,0.010802492646297068,2.3278829947526107,0.41866983993702467,0.5428525756337697,357.95071555292975,1.2541722418213794,18.2519755377391,5.423495690195906,2.9581864130713345,385.58292498877336,1.3899523278753096,18.374990052939783,5.84216553013293,2.938578772560557,4.457925293708191,0.0328371416345874,1.2190605889166566,0.4052659357916537,0.3182219530391161,82.42065274054502,2.254512443966007,19.48539502059566,7.49278661277682,4.8191514117472805,86.87857803425321,2.5902206430866546,20.03749563931563,7.898052548568473,4.844174958944505,22.11205791413734,0.01679441913916868,3.151425539470999,0.8504637659283591,0.7310987991975564,166.8396702327227,4.785554652454493,14.241609436414876,6.416910393566258,1.8661841090548896,188.95172814686003,5.413571773821555,14.259155483305939,7.267374159494617,1.8254975979527146,25.9418779105914,0.010802492646297068,1.8747581921937346,0.3991058140090985,0.48360129616701236,319.84953990945274,0.5198259012452127,18.2519755377391,4.920762152453119,3.115468231268048,345.79141782004416,1.3069490525626994,18.374990052939783,5.319867966462218,3.104280823875404,38.16327587032476,0.010802492646297068,2.5659818040426874,0.44897971612146775,0.6030020029020118,353.3334002521204,1.2541722418213794,14.437805512191801,4.156863532377887,2.0850471274746685,391.49667612244514,1.3899523278753096,14.526712226709213,4.605843248499355,2.040400111327028,19.280796803312747,0.017546046891062872,2.5740860069416254,0.41022971921942014,0.5208769475065643,216.36595807815107,1.8352546035101123,14.241609436414876,4.603531022939384,2.709025496423416,235.64675488146383,2.1796452466118623,14.259155483305939,5.013760742158805,2.7212555348637775,34.04885734172704,0.010802492646297068,2.814233495430855,0.425610716771588,0.5873800859984892,304.4239507569662,0.5198259012452127,14.437805512191801,3.805299384462077,2.2301364967080994,338.4728080986932,1.3069490525626994,14.526712226709213,4.230910101233665,2.1982104190962777
c<A>r<229>R<GLU>,97.50871072623465,1.3504692053651541,4.021179681267543,1.989973688290503,0.7072939110228419,48.68185602702798,2.253850696625112,5.419845644760985,3.4772754305019986,0.7557024579706109,49.1105520285273,2.1781337614959217,5.55991157685302,3.777734771425177,0.9518420216571571,108.11593379859045,1.293907239675808,3.4997002906100585,1.6893114656029757,0.6006260787723389,113.78871508171933,1.1870534811083084,4.021179681267543,1.8061700806622116,0.6620082625714134,75.47659904257478,2.1781337614959217,5.076951234663364,2.695592822949099,0.6840573524913203,124.22134513330568,1.1870534811083084,3.4997002906100585,1.5925813478628932,0.5270652593325308,29.76359788678704,0.012698638443266574,6.470630781067019,0.5952719577357408,1.029605571909197,227.64688395203655,0.5087036947520573,12.92162962911226,4.552937679040731,2.0014294161461015,257.4104818388236,1.5772780807977864,13.326057253756279,5.148209636776472,2.2636841649412784,5.313138257207624,0.0328371416345874,1.4460533621036902,0.44276152143396863,0.4422952358983066,88.72184969549548,2.254512443966007,14.727651091938071,7.3934874746246235,3.353654023579525,94.0349879527031,2.5902206430866546,14.807412453016155,7.836248996058592,3.2601990448422296,13.30986837462096,0.011630340173031328,3.1653437645114693,0.7829334338012329,0.7936781561584101,116.7845225602289,4.796488470398401,14.241609436414876,6.869677797660523,2.195277786217283,130.09439093484986,5.413571773821555,14.259155483305939,7.652611231461756,2.2041436591045263,27.393349738152015,0.01231816819436471,6.470630781067019,0.44182822158309704,0.8835847416196689,253.5568791915581,0.5087036947520573,12.92162962911226,4.089627083734808,1.8338096965360717,280.95022892971014,1.3069490525626994,13.326057253756279,4.531455305317905,2.1162976418370483,35.81519390609843,0.012741072298330991,5.198024972835068,0.5776644178402972,0.8817239424589818,240.57017572464395,0.5087036947520573,14.437805512191801,3.8801641245910314,2.2670248231662615,276.3853696307424,1.5772780807977864,14.526712226709213,4.457828542431328,2.284267744372711,20.47832539957861,0.017546046891062872,5.170504701485839,0.5534682540426651,0.9812427419927661,190.7698500650353,1.8352546035101123,14.241609436414876,5.155941893649603,3.0254272940173847,211.24817546461392,2.1796452466118623,14.259155483305939,5.709410147692268,3.0839047640576993,33.42359621068061,0.01231816819436471,5.198024972835068,0.4774799458668658,0.8058069083170277,256.60890311737,0.5087036947520573,14.437805512191801,3.665841473105286,2.2405609251787215,290.0324993280506,1.3069490525626994,14.526712226709213,4.1433214189721514,2.2704915522619773
c<A>r<230>R<LEU>,92.22812493955776,1.3504692053651541,4.021179681267543,1.8083946066579952,0.6443303627515092,45.54521980560646,2.253850696625112,4.766812485584113,3.795434983800538,0.6474775600282823,52.40775435271106,2.1781337614959217,5.55991157685302,4.031365719439313,0.8345450937122698,103.2544913463384,1.293907239675808,3.7559568331903708,1.6133514272865375,0.5238102203085182,112.6829595477241,1.1870534811083084,4.021179681267543,1.7335839930419092,0.634277945466185,74.89953967643204,2.1781337614959217,4.787179865990414,2.880751526016617,0.7652536873264305,123.04815922468912,1.1870534811083084,3.7559568331903708,1.5775405028806297,0.5001365807814647,21.937682252928717,0.012741072298330991,1.861319545022127,0.3538335847246567,0.4188472034254056,295.3518250817446,0.5087036947520573,10.799991216560386,4.763739114221687,1.5999292356819346,317.2895073346734,1.3716001664432984,10.826804904167908,5.117572698946344,1.5557250659772672,11.206830224605627,0.011283218529438699,2.9056083668507995,0.8004878731861161,0.8829147691810297,103.91056603530365,4.075660491112558,12.726370298466236,7.422183288235975,2.0675566549443385,115.1173962599093,4.80465685673356,12.782263592772878,8.222671161422094,1.9273878004566032,13.206227545401362,0.1820243856888748,2.2328066708190955,1.0158636573385662,0.6716911445942798,85.69283793486883,5.300888197418772,8.998946339641638,6.59175676422068,1.325883524562038,98.8990654802702,5.951698594905208,11.11323021474879,7.607620421559246,1.460188249490071,22.99464750251344,0.011128744999865159,2.2451180980037115,0.3107384797636952,0.424999222686512,310.2906673664572,0.5087036947520573,10.799991216560386,4.193117126573746,1.395427332388416,333.2853148689707,1.3716001664432984,10.814724992567612,4.503855606337442,1.3701756854153826,32.51999047466666,0.010733994552420079,2.197316155747549,0.4454793215707762,0.5130075840269988,295.5966869110326,0.5087036947520573,9.373268192612159,4.049269683712775,1.3188358611261888,328.11667738569923,1.3716001664432984,9.932683936246097,4.494749005283551,1.2935839223666548,19.182665364397536,0.015857066571967948,6.070327944957029,0.6614712194619841,1.312347570437108,185.607378787934,1.9484535207714657,13.563081694703218,6.400254440963241,3.0301431380027632,204.79004415233152,3.051935993398909,13.578938761275186,7.061725660425225,3.0937072898789886,29.78687202394631,0.010733994552420079,3.2048823766299304,0.3423778393557047,0.5097587886864501,329.1414389927742,0.5087036947520573,9.373268192612159,3.7832349309514277,1.1801418831169563,358.9283110167206,1.3716001664432984,9.932683936246097,4.125612770307134,1.1491618741504823
c<A>r<231>R<VAL>,98.82248457621463,1.3504692053651541,3.8879635499544105,1.7967724468402662,0.5993430942283794,57.34758229936027,2.296844043815185,5.535164790234803,3.8231721532906846,0.8415713586442801,57.721094896104205,2.1977163442388092,5.5814739620001905,4.122935349721729,0.806304750330317,111.02105302790387,1.2933940417875762,3.7628167714432537,1.5636768032099138,0.443212876080279,118.24534148104615,1.1870534811083084,3.6988892509771785,1.689219164014945,0.5683139505815569,80.75134954549584,2.193215643695095,5.076951234663364,2.691711651516528,0.5548358354802283,129.1135638314481,1.1870534811083084,2.9589609890113766,1.5013205096680011,0.3423924098765464,25.201724508194182,0.012741072298330991,3.27490131846462,0.41314302472449477,0.6001455052384161,308.5853344169073,0.5087036947520573,9.677223717435993,5.058775974047661,1.6675357396873922,333.7870589251015,1.3716001664432984,9.715870086716233,5.471918998772156,1.6901294685032797,22.607428016498876,0.011283218529438699,5.160833873080724,1.0276103643863126,1.33762822950022,161.6122726193365,1.3433378299237262,11.10416511601571,7.3460123917880225,2.1401896113329686,184.21970063583538,1.7727963561399978,11.414144214841633,8.373622756174335,2.3070193560575736,21.996238112923233,0.19870158333766685,5.80925127790632,1.2220132284957352,1.2959079672345541,162.96913686672588,5.0588325873060365,17.799218685728093,9.053840937040327,4.268542879446722,184.9653749796491,6.1016806841554825,18.898803517753972,10.275854165536062,4.170038580846827,29.11176911440546,0.011128744999865159,3.2403089234066105,0.39879135773158164,0.6092518170966856,318.20526912831633,0.5087036947520573,9.294018315267806,4.358976289428991,1.4171370739301405,347.3170382427219,1.3716001664432984,9.309590121258783,4.757767647160573,1.4132591714727851,36.20933813665289,0.010733994552420079,2.867451932153834,0.5324902667154836,0.7287059185051693,272.26555543248526,0.5087036947520573,9.677223717435993,4.003905226948312,1.446030904457464,308.4748935691382,1.3716001664432984,9.715870086716233,4.536395493663797,1.4179182900203693,24.367446548382414,0.02316715713525852,6.681633260363791,0.7614827046369504,1.4510966193694899,152.75491707177088,1.3433378299237262,13.438862542921072,4.77359115849284,2.2264295067482816,177.1223636201533,1.7727963561399978,14.248405681460017,5.53507386312979,2.59525939463856,35.5868629054386,0.011128744999865159,3.3897662252194927,0.4393439864868963,0.6977196444052481,285.51399237235574,0.5087036947520573,6.1806477233127675,3.5248641033624164,1.0585321961070606,321.10085527779444,1.3716001664432984,6.216327241839407,3.964208089849314,1.0028513230529577
c<A>r<232>R<GLU>,98.62041442432329,1.4071196452489603,5.323517433351545,1.8965464312369862,0.7969470517173222,56.97734473558602,2.3034427246986864,4.914218868481693,3.7984896490390683,0.7115335033890579,60.351320601136536,2.1977163442388092,6.8000815294752535,4.023421373409103,0.9333218526884328,111.44897677696845,1.2933940417875762,4.05211874618211,1.6389555408377714,0.5537132100711324,119.06472292043898,1.1967740000430762,4.058398016755274,1.7509518076535144,0.6498054088496381,82.89892669951028,2.1962687797622067,3.8816740747020515,2.674158925790654,0.41685628594138113,132.76483929824448,1.1967740000430762,3.9463546651248067,1.580533801169577,0.4976858725690507,26.712904482726863,0.01319464675213844,3.27490131846462,0.5451613159740176,0.7508936711701197,297.5506592023819,2.235341249538692,14.343885086456826,6.072462432701672,2.0677431970775486,324.26356368510875,2.31774834850362,15.015251777554331,6.617623748675689,2.189401147804614,18.11620808250881,0.015510651104111872,4.271292047725696,0.9058104041254404,1.1252653316567924,168.37366027875584,5.215641692085455,14.263914709198062,8.418683013937791,2.400683374739067,186.48986836126466,6.069479873739738,14.899108769560677,9.324493418063232,2.341133850303458,14.393502286398995,0.08848172351333616,2.147536460816217,0.7196751143199498,0.5718480804629211,158.69111469011034,4.1162338484608165,17.92768739311325,7.934555734505517,4.04233115225647,173.08461697650935,4.416878522042126,18.3210047663518,8.654230848825467,3.9340892894456334,25.855766730596812,0.015852882682204417,4.244941000948396,0.4701048496472148,0.7326233376478283,288.3782347657871,1.765526740913447,14.343885086456826,5.24324063210522,2.15771643256779,314.2340014963839,1.821580541763067,14.592392587312187,5.713345481752434,2.1817406718055086,34.95290046670476,0.010128421566771628,3.550974862141434,0.5637564591403994,0.7741335156055245,277.125782594435,1.9969263706437845,14.343885086456826,4.469770687007016,2.145586619361699,312.07868306113977,2.1112115971872565,14.421999714412774,5.033527146147415,2.2348892639709934,23.324399428957967,0.011097971167119969,6.189658678914464,0.6664114122559419,1.1899157150282895,175.46735837439684,1.8683515603291063,13.717761476543501,5.013353096411338,2.7575216118084134,198.79175780335487,2.175809830584466,13.99089167619373,5.679764508667282,3.083112313392174,35.51456216378214,0.010128421566771628,6.518285712340102,0.47992651572678563,0.9611890576185042,293.41773316597744,1.5590231429176384,14.343885086456826,3.9651045022429385,1.9154572888959591,328.9322953297596,1.821580541763067,14.421999714412774,4.4450310179697246,1.9932638713154964
c<A>r<233>R<THR>,116.78605212901711,1.3420560735089422,3.8879635499544105,1.8836460020809211,0.7285570727059809,57.620550637859516,2.3034427246986864,5.149573943577228,3.841370042523968,0.7504668730462287,68.17638192386785,2.1977163442388092,5.2180140176101295,4.010375407286344,0.7239336552026204,130.82199757744664,1.2933940417875762,3.7937957781855567,1.6772050971467518,0.6188566304670439,145.42170691693303,1.1967740000430762,3.9107057812551655,1.817771336461663,0.7007481644532472,90.36360428031772,2.1962687797622067,4.707055151555385,2.7382910387975063,0.5067084052773244,157.42703088158004,1.1967740000430762,3.7937957781855567,1.6398649050164587,0.5588127151569444,37.050297669459,0.01068861827087364,3.27490131846462,0.48750391670340787,0.6922817909975287,374.1553052233081,1.3944366071949048,9.677223717435993,4.923096121359317,1.5396629054688589,411.20560289276716,1.6223192107568156,9.715870086716233,5.410600038062726,1.590137252666347,18.495130830993347,0.015510651104111872,5.160833873080724,0.7398052332397339,1.0575955634934933,236.63742380179073,5.215641692085455,21.61792257587281,9.465496952071629,4.335364309733556,255.1325546327841,6.069479873739738,21.997421192425755,10.205302185311364,4.288375340844297,23.912309229056117,0.025255915732905976,5.987609021818482,1.2585425910029535,1.3425661204956123,145.3608292480306,5.0588325873060365,13.523518699136254,7.650569960422663,2.7830450813198495,169.27313847708675,6.1016806841554825,14.35848551691133,8.909112551425618,2.816427359573518,41.26435138006266,0.01124622362491845,4.244941000948396,0.49124227833407924,0.7448672384461552,380.1848313996358,1.3944366071949048,8.969819204986607,4.526009897614712,1.3199048514561662,421.44918277969856,1.5594504288582658,9.15185094922967,5.0172521759487925,1.3629243525188912,45.88653832092745,0.010733994552420079,2.4212849855752694,0.4682299828666066,0.5954494388543506,382.9780951003879,1.3944366071949048,9.677223717435993,3.9079397459223255,1.1634016145011834,428.8646334213154,1.6223192107568156,9.715870086716233,4.376169728788932,1.1778938105652523,26.996336447954985,0.02316715713525852,6.681633260363791,0.7713238985129995,1.262732344349793,179.15964656107366,1.8683515603291063,12.088962438389217,5.118847044602105,2.372520750974829,206.15598300902863,2.175809830584466,12.4378783102229,5.890170943115104,2.4989144376906753,47.39573193095666,0.010957953201067738,2.8581775449092035,0.4429507657098753,0.65529911845088,388.75453936075195,1.3944366071949048,6.332158179716178,3.633219994025719,0.9672595902982456,436.15027129170863,1.5594504288582658,6.375267747515829,4.076170759735595,0.9621942457545902
c<A>r<234>R<ARG>,126.4078234671081,1.3394454911644451,3.975747326246318,1.8589385803986485,0.7377529506669845,58.30568940503074,2.296844043815185,6.994884749162121,3.887045960335383,1.1365064746912614,54.760980157399096,2.6381981903790517,6.3167342937919155,4.2123830890307,0.8810240878544698,140.50365044946986,1.2933940417875762,3.975747326246318,1.6726625053508317,0.6688638746728967,141.84419991773134,1.1967740000430762,3.800902432232126,1.7298073160698944,0.6328994011681685,79.86892685871021,2.1962687797622067,4.723542419146218,2.754100926162421,0.6429966474974379,155.3997423701676,1.1967740000430762,3.800902432232126,1.5857116568384448,0.5480773365052858,47.37804014551038,0.01068861827087364,3.27490131846462,0.47856606207586244,0.6976524074798771,449.1074801564066,0.49520228301054203,9.677223717435993,4.536439193499056,1.4341789011958144,496.48552030191695,1.6174839089934778,9.715870086716233,5.015005255574919,1.4705016357188812,22.805351711850314,0.04391503775135597,4.342507438473135,0.9915370309500137,1.1382960377971525,190.24052616466648,1.3433378299237262,17.198177192110123,8.271327224550717,3.3841331355321005,213.0458778765168,1.7727963561399978,17.95038896557378,9.26286425550073,3.797650696871482,20.45613301357985,0.025255915732905976,3.616151972364161,1.1364518340877696,1.0141640492755362,150.09224872331643,5.0588325873060365,13.443097416031154,8.33845826240647,2.8834985890322455,170.5483817368963,6.1016806841554825,15.475514269945062,9.474910096494238,3.3563319202672206,50.25275025499482,0.01086881607621093,2.809094393789737,0.44471460402650287,0.6337878175677484,491.01805369867856,0.49520228301054203,8.937365286906829,4.345292510607774,1.2322819282757937,541.2708039536735,1.5402557608700667,9.15185094922967,4.790007114634279,1.2260727967208143,47.97118522029023,0.010733994552420079,2.3165102310744814,0.43610168382082026,0.5865486637997067,432.3030959268322,0.49520228301054203,9.677223717435993,3.9300281447893837,1.2371158572900451,480.27428114712245,1.6174839089934778,9.715870086716233,4.366129828610204,1.193963164314441,25.24918317092891,0.022049177911267037,3.639315006644953,0.6644521887086555,0.961691612105668,220.66684622389255,1.3433378299237262,11.859362297580901,5.807022269049804,2.46213965815618,245.91602939482144,1.7727963561399978,15.475514269945062,6.471474457758458,2.85683031861548,51.23572339128289,0.01086881607621093,2.7022143737455933,0.4494361700989727,0.616041424306827,435.43896492675594,0.49520228301054203,7.995893844073557,3.8196400432171576,1.1982600052667598,486.6746883180389,1.5402557608700667,8.036509717118834,4.26907621331613,1.1287060563743356
c<A>r<235>R<PRO>,112.07080871248553,1.3394454911644451,3.800902432232126,1.8075936889110569,0.6699125099309161,40.10633173689511,2.698520736008404,5.237117801781104,3.6460301578995553,0.8707882657230872,62.97251493235631,2.6381981903790517,5.075728249811599,3.9357821832722695,0.6705745953658472,118.5120126364865,1.301680316910342,3.800902432232126,1.6015136842768447,0.5579958902213178,136.1929649968152,1.2126589174672822,3.800902432232126,1.723961582238167,0.6365334771138147,77.1204560409216,2.221854471712219,4.8562749265088305,2.7543020014614856,0.6342605906028607,142.0704362619441,1.2126589174672822,3.800902432232126,1.5612135852960891,0.5142067825972333,43.763888351683946,0.01068861827087364,2.9875002537932733,0.5610754916882558,0.825670191400785,332.0652300123765,0.49520228301054203,6.429259970619341,4.257246538620212,1.2188387867387405,375.8291183640604,1.6174839089934778,7.41381080383858,4.818322030308466,1.3386590512418859,12.921968172757772,0.05109019822638672,3.0335264727574653,0.9939975517505979,0.9731373425842813,98.15550865579894,4.704215829651524,11.873166058907593,7.550423742753765,2.2015221393995237,111.07747682855671,6.407465942540316,12.374089327638787,8.544421294504362,1.9267835730687386,15.79988585637098,0.025255915732905976,2.48343250822057,0.6583285773487908,0.5937276226591457,169.92736286076632,4.411661609836756,13.443097416031154,7.080306785865264,2.1766173524596026,185.7272487171373,4.43785610314956,13.67535818635523,7.738635363214054,2.0975898464941514,40.17191136815944,0.01086881607621093,3.0718061009481943,0.4782370400971362,0.735272536325009,349.1355960119526,0.49520228301054203,7.995893844073557,4.156376142999436,1.1989225747444738,389.30750738011193,1.5402557608700667,8.036509717118834,4.634613183096571,1.199291152390058,46.810247107903336,0.01086881607621093,2.716984682300577,0.4416061047915409,0.6234367241095234,391.26323694055634,0.49520228301054203,6.429259970619341,3.691162612646758,1.015451646937693,438.07348404845965,1.6174839089934778,6.442629088958787,4.1327687174382985,1.0125570856239232,22.0962178949436,0.012419320219763108,4.01934720954819,0.6137838304151,0.8493581535100418,187.22694737643008,2.0205848382911995,9.326139662380257,5.200748538234169,2.1380731921252534,209.32316527137363,2.872835636592913,9.893624333769864,5.814532368649267,2.025317893775631,44.02917140053248,0.01086881607621093,2.7493319063203767,0.45863720208888004,0.6342762221836679,334.9900606094986,0.49520228301054203,7.995893844073557,3.4894797980156103,1.1531900283196452,379.0192320100311,1.5402557608700667,8.036509717118834,3.9481170001044905,1.0997727823686323
c<A>r<236>R<ALA>,119.77877571424159,1.345790907123116,3.951848530728679,1.901250408162565,0.7453617684734812,64.86070464293142,2.2570819379040423,5.237117801781104,3.603372480162857,0.9243226242521725,71.2972300345356,2.222582986835358,4.912933564872735,3.7524857912913476,0.6790250563083188,135.67153785537843,1.301680316910342,3.9090635054742164,1.6545309494558345,0.6551749388275558,146.77535377831623,1.2126589174672822,3.9090635054742164,1.7683777563652558,0.6747404159335385,103.79502905571162,2.221854471712219,4.483534279207402,2.731448133045043,0.550266964861292,161.9577462911878,1.2126589174672822,3.9090635054742164,1.5878210420704686,0.5717150067904991,45.765107446056746,0.01068861827087364,3.5094716110105093,0.5943520447539837,0.8478933271298622,370.0532433015795,0.5011710995112857,10.341616309782069,4.80588627664389,1.6063551596432974,415.81835074763626,1.6174839089934778,10.386766110589802,5.4002383213978735,1.6762419534885284,23.97521283038908,0.05109019822638672,3.0335264727574653,0.9221235703995799,0.9651888415149753,192.67401607625305,1.320394494587049,17.963288249827457,7.410539079855886,3.1129113812866844,216.64922890664218,1.7201430769474246,18.181477361572103,8.332662650255468,3.005056220756484,26.801113639458165,0.026194493312804212,4.562066567636668,0.8645520528857473,1.005513805889582,224.8920438820926,4.411661609836756,15.220589247072692,7.254582060712664,2.266407286764539,251.6931575215507,4.43785610314956,15.30576617474512,8.11913411359841,2.2693022367985307,43.422229926403936,0.010444876557329508,3.2985056652437885,0.48246922140448817,0.7398103347006416,403.6926730652712,0.5011710995112857,13.812969449346543,4.48547414516968,1.641213062908866,447.1149029916751,1.5402557608700667,14.89021030836489,4.9679433665741675,1.6799088432311604,53.92259258126771,0.010957953201067738,3.946536039796877,0.5087037035968651,0.7144367372329292,431.4387151623441,0.5011710995112857,14.109329390662317,4.070176558135322,1.8561173989007576,485.36130774361186,1.6174839089934778,14.153933376101318,4.578880261732188,1.837457851359303,37.7362064709451,0.011903363416410517,4.01934720954819,0.6395967198465271,0.8250587319245751,318.0593088573541,1.320394494587049,15.220589247072692,5.390835743344985,2.4941162744968817,355.79551532829925,1.7201430769474246,15.245968633501928,6.030432463191513,2.3925803596970128,54.07780645284906,0.010444876557329508,3.0709710957370993,0.5250272471150395,0.7108219950294842,369.50941159045806,0.5011710995112857,7.995893844073557,3.5874700154413404,1.1958393980267998,423.5872180433071,1.5402557608700667,8.012209329661985,4.11249726255638,1.1724403269051509
c<A>r<237>R<GLY>,96.95448119777382,1.3343212630061791,4.223844391384121,1.9786628815872207,0.8634076129250151,40.248921872707385,2.2570819379040423,4.941203153359717,3.3540768227256152,0.8638084344197828,49.5973831271349,2.222582986835358,6.367648028893944,3.815183317471915,1.0246413805514298,104.81730784758405,1.301680316910342,4.223844391384121,1.690601739477162,0.7217897222477527,113.43675573774368,1.2126589174672822,4.216155433228039,1.8005834244086298,0.7206848035667557,75.10364246557148,2.221854471712219,6.367648028893944,2.888601633291211,0.9677714638771836,121.3966080104951,1.2126589174672822,3.754232739929851,1.5973237896117776,0.5799956006717792,35.805368744269614,0.010341882465022323,2.6968111458032125,0.6510067044412657,0.8100041472876028,303.2392016794965,0.5224575825197917,11.49730800028425,5.5134400305363,2.049880287194501,339.0445704237661,1.6174839089934778,11.517316008606986,6.164446734977566,2.026116239664122,9.011699676630245,0.07759532427505533,2.9560404596370367,0.8192454251482041,0.8858481340540934,67.6187090385267,1.320394494587049,11.678806113398103,6.147155367138791,2.428408719844306,76.63040871515695,1.7201430769474246,11.82310233328235,6.966400792286995,2.5130753621823176,10.568763490152078,0.026194493312804212,2.7690366946238747,0.8129818069347752,0.8547542494575536,102.57412630162186,4.411661609836756,16.9367524496422,7.890317407817066,3.7810161912902376,113.14288979177395,4.43785610314956,17.729418281030465,8.703299214751842,3.9494843436656755,32.414100338160715,0.010341882465022323,3.2985056652437885,0.5228080699703341,0.7799545194299476,297.5654702796834,0.5224575825197917,8.958694490236326,4.799443069027151,1.5738955261120409,329.97957061784405,1.5402557608700667,9.036960032078634,5.322251138997484,1.6260853255396108,39.625199172315874,0.010341882465022323,2.716984682300577,0.5914208831688936,0.7435398855874908,317.48812588685917,0.5224575825197917,9.613826953147964,4.738628744579987,2.030336798361451,357.11332505917505,1.6174839089934778,9.674091963487895,5.330049627748881,1.974616130507051,18.006300668143545,0.010135585652001566,4.01934720954819,0.5808484086497918,0.8155692006858458,182.83180832725537,1.320394494587049,16.9367524496422,5.8978002686211415,3.943454915473861,200.83810899539895,1.7201430769474246,17.729418281030465,6.478648677270934,3.9433356123346814,38.91598305284585,0.010341882465022323,2.7493319063203767,0.5188797740379447,0.6790186750323063,331.2944159524556,0.5224575825197917,9.613826953147964,4.4172588793660745,2.036488335524133,370.21039900530144,1.5402557608700667,9.650430551556525,4.9361386534040195,1.9727327968222361
c<A>r<238>R<ASP>,51.803678868040215,1.4068933203841927,3.951848530728679,2.0721471547216086,0.80829696289421,28.179240519729213,2.2570819379040423,5.061431745489708,3.131026724414357,0.8774921215853229,32.7692011231766,2.222582986835358,4.8353792952974395,3.6410223470196224,0.8107059780850363,58.50273174236405,1.301680316910342,3.915344666099682,1.6715066212104013,0.6832223136966908,66.36523632753087,1.2198363592374064,3.915344666099682,1.8961496093580248,0.7961341306080613,51.05219354744727,2.221854471712219,4.762192897143283,2.6869575551288034,0.6300376753147243,73.28351061238949,1.2198363592374064,3.915344666099682,1.6285224580531,0.682844049891437,12.12668870249401,0.013369118339445762,2.647703660159509,0.7133346295584712,0.8281408722424959,84.0554402169472,4.053280012763096,6.429259970619341,4.944437659820424,0.6643594849733057,96.18212891944121,4.1129733895412635,6.759294997306386,5.657772289378895,0.7279338674453832,3.421206200923134,0.05879019517782069,2.1403668978703028,0.570201033487189,0.7121643974736899,28.95903468196346,1.320394494587049,7.164537049436618,4.826505780327243,1.8480335027177648,32.380240882886596,1.7201430769474246,7.223327244614438,5.396706813814433,1.9271669056370493,7.369383543619985,0.026194493312804212,2.608401147464914,0.8188203937355538,0.9255735464802212,55.46164023224147,4.411661609836756,8.163706701404635,6.162404470249053,0.9553316345842097,62.83102377586145,4.43785610314956,8.614259926971666,6.981224863984606,1.2240623837237894,8.746499489467903,0.012535916981979867,2.794716759118878,0.39756815861217737,0.6329224291393301,92.3951743324408,1.8205035406668344,5.319643940632162,4.199780651474582,0.7930174173557913,101.14167382190871,1.8330394576488143,6.58409750143617,4.59734881008676,1.0078092364896827,13.58890979309537,0.011198592933787666,2.439736951286264,0.5435563917238148,0.7003147551509156,102.5822247057286,1.8256812856977973,6.429259970619341,4.103288988229144,1.088425492588439,116.17113449882396,2.0852376667112598,6.442629088958787,4.646845379952959,0.9964972807518023,11.930639696224475,0.012419320219763108,4.01934720954819,0.7018023350720279,0.9476855302868954,66.84591778600387,1.320394494587049,7.164537049436618,3.932112810941404,1.7901695534370474,78.77655748222834,1.7201430769474246,7.83980359919658,4.633915146013432,1.7600190512379061,13.013752385851971,0.011198592933787666,2.7493319063203767,0.44875008227075763,0.6032703489523378,103.66211552545619,1.8205035406668344,5.997260246166329,3.5745557077743513,1.1614759108360653,116.67586791130816,1.8330394576488143,6.188786400669831,4.023305790045109,1.1684911563110223
c<A>r<239>R<GLY>,72.3135393683759,1.3345057289514275,4.00646705801887,1.8078384842093975,0.6314807589273015,18.04057816057717,2.698520736008404,3.649573875980392,3.0067630267628616,0.38964310819598136,51.2509209921184,2.222582986835358,5.656200163295111,3.942378537855262,0.9951146018305637,75.91523305467248,1.301680316910342,3.983998579038735,1.5815673553056768,0.5297796480562208,91.38577297858004,1.202953803677832,3.9473037968186557,1.6923291292329636,0.5800078116636669,59.959826610927784,2.221854471712219,5.656200163295111,2.855229838615609,0.8880185264507761,94.5175815643951,1.202953803677832,3.9473037968186557,1.5244771220063726,0.45196532362189357,20.656595873105942,0.013369118339445762,2.9875002537932733,0.6663418023582562,0.7409496100374805,160.85853685681582,0.5041665726623705,12.19712152130188,5.188985059897284,2.281537008923535,181.51513272992176,1.8882510590439758,12.637118500821433,5.8553268622555406,2.1484578706017854,3.6627684249325405,0.30777288670417136,2.1403668978703028,0.9156921062331351,0.7350474899832175,49.787321225186034,4.925756546402013,19.4756555856286,12.446830306296508,6.842192735436995,53.45008965011857,6.704241675581281,19.896296057932204,13.362522412529643,6.478726244750259,11.834979858557459,0.026194493312804212,2.608401147464914,0.7396862411598412,0.7232423303114136,125.36085849407078,4.411661609836756,18.076102736240557,7.835053655879424,3.3482612241021767,137.19583835262824,4.43785610314956,18.304754064730005,8.574739897039265,3.274505050825878,17.45642029880711,0.012535916981979867,2.8123027579230575,0.5631103322195842,0.6934006062923725,149.88591433854458,0.5041665726623705,12.19712152130188,4.835029494791761,2.359889840784789,167.34233463735174,1.8330394576488143,12.637118500821433,5.398139827011346,2.2940029140680007,24.113824925612747,0.013369118339445762,3.1629965130691886,0.6698284701559096,0.8056539312061108,132.27115183240056,0.5041665726623705,6.6043216491664225,3.674198662011127,1.2763685760082402,156.3849767580133,1.8882510590439758,6.9835346151147615,4.344027132167036,1.2132303365219252,9.514265172517307,0.012419320219763108,4.01934720954819,0.5596626572069004,0.8953496535942223,105.48332832638046,2.0205848382911995,18.076102736240557,6.204901666257674,4.456933987505272,114.99759349889777,2.872835636592913,18.304754064730005,6.764564323464575,4.311944575765141,21.951093172078853,0.012535916981979867,3.1629965130691886,0.6859716616274641,0.810939304546537,105.0250619196458,0.5041665726623705,6.6043216491664225,3.282033184988931,1.300001804814878,126.97615509172465,1.8330394576488143,6.9835346151147615,3.9680048466163953,1.3719865679042416
c<A>r<240>R<THR>,110.86201836192215,1.3345057289514275,4.061528184111174,1.7880970703535832,0.605942142367473,44.37344757265879,2.698520736008404,4.941203153359717,3.413342120973753,0.6251095640456691,74.19225597829815,2.183697904585595,5.1397749558386,3.7096127989149075,0.7636118526026809,116.20167055102192,1.301680316910342,3.7883356362767353,1.5289693493555516,0.45040462024985284,138.65027245717528,1.1918867836477998,3.7883356362767353,1.670485210327413,0.5403327690550737,92.82125014015129,2.183697904585595,5.1397749558386,2.730036768827979,0.7179911530092927,143.7253885839863,1.1918867836477998,3.7883356362767353,1.4817050369483125,0.3779084414592106,39.54349445445703,0.012178590952874657,2.9875002537932733,0.5492152007563477,0.7258839632213059,330.0359832324132,0.4899061402263811,6.4404095206757574,4.583833100450183,1.328132803229564,369.57947768687023,1.8374299374576584,7.060028961786957,5.133048301206531,1.2783337363202978,8.020241271557673,0.045506505512676654,2.1403668978703028,0.8911379190619636,0.6474503939795002,62.482920401467574,4.925756546402013,10.51969942799957,6.942546711274175,1.4918608933046338,70.50316167302525,6.564112273783977,11.009833207525219,7.833684630336139,1.4721487975808396,23.91693095558456,0.012156067124370118,2.7690366946238747,0.7715139017930503,0.7225376655446614,207.88480773273037,4.352357502884133,18.41613825425624,6.705961539765496,2.672933840860889,231.8017386883149,4.43785610314956,18.629672454403202,7.477475441558545,2.577861723639447,34.972560656716425,0.012178590952874657,3.0718061009481943,0.4601652717989003,0.662330913540411,329.381704424938,0.4899061402263811,8.631574924350858,4.333969795064974,1.3291615023916845,364.35426508165443,1.8330394576488143,8.752434683271272,4.794135066863874,1.3111922969121985,46.484624202733514,0.012178590952874657,3.1629965130691886,0.5108200461838848,0.6872268129159982,339.703700679753,0.4899061402263811,6.6043216491664225,3.7330076997775055,1.162019163071439,386.1883248824865,1.8374299374576584,6.9835346151147615,4.24382774596139,1.1186397475218022,26.748593887200734,0.012166636450277046,4.01934720954819,0.6079225883454712,0.8212406473785656,237.17767678673388,2.0205848382911995,12.452307880222406,5.390401745153043,2.8990881082922315,263.92627067393465,2.79389646985941,14.024469772180124,5.998324333498515,2.8550262865669622,41.9744294108653,0.012178590952874657,3.1629965130691886,0.5118832854983573,0.6977080711161502,285.68190542239813,0.4899061402263811,6.6043216491664225,3.483925675882904,1.2229878436758634,327.65633483326343,1.8330394576488143,6.9835346151147615,3.9958089613812615,1.2020047370370122
c<A>r<241>R<PHE>,129.91451007135245,1.3420560735089422,3.8842217977417883,1.8559215724478921,0.6317903627476653,58.41926302866076,2.698520736008404,5.237117801781104,3.6512039392912974,0.8170278444873635,72.89963548614276,2.6381981903790517,5.075728249811599,3.836822920323303,0.5999769621519603,138.2946783361723,1.301680316910342,3.7348540605036575,1.5895940038640495,0.4816940862508672,154.04713432288014,1.1918867836477998,3.7348540605036575,1.7116348258097793,0.5448296531797121,97.97498980240886,2.2194624989668728,4.8562749265088305,2.7215274945113572,0.5822826860289263,162.7262320314867,1.1918867836477998,3.7348540605036575,1.5208059068363242,0.3910045148395698,50.45634434384673,0.01068861827087364,2.834288279567846,0.5484385254765949,0.7204021223507524,421.9381532341698,0.4899061402263811,6.753024989306496,4.586284274284455,1.25045310605927,472.3944975780165,1.6174839089934778,6.772456578131072,5.134722799761049,1.2533626163250244,17.83565256434109,0.045506505512676654,3.0335264727574653,0.9387185560179521,0.9450537956593994,153.0464527034566,4.704215829651524,19.643682530625487,8.055076458076663,3.2255257951706136,170.8821052677977,6.564112273783977,19.734007067517307,8.993795014094616,2.9494741996218448,30.430573522317165,0.012156067124370118,9.299652929605294,1.0493301214592126,1.6817464064152192,189.6261963719796,4.411661609836756,13.523518699136254,6.538834357654469,1.9303763089517345,220.05676989429676,4.43785610314956,14.35848551691133,7.588164479113681,2.192210890971827,47.7457741848859,0.01124622362491845,3.0718061009481943,0.47273043747411786,0.640725602843444,435.86291886504137,0.4899061402263811,8.631574924350858,4.315474444208331,1.201924293123494,483.60869304992735,1.5402557608700667,8.752434683271272,4.788204881682449,1.2024302960279727,56.932333739024685,0.010957953201067738,3.1629965130691886,0.48660114306858704,0.6255282953925445,428.9109864011956,0.4899061402263811,6.429259970619341,3.6659058666768853,0.944936572898573,485.8433201402204,1.6174839089934778,6.442629088958787,4.152507009745474,0.9496913917425865,39.60160196374454,0.012166636450277046,8.599331021879244,0.8081959584437661,1.4238519185525638,244.61623837364036,2.0205848382911995,12.088962438389217,4.992168130074293,2.3269558754332387,284.217840337385,2.79389646985941,13.444005141906558,5.8003640885180605,2.4472979152498424,56.2850397072624,0.010957953201067738,3.1629965130691886,0.530990940634551,0.6983275532299714,355.37830196019127,0.4899061402263811,6.180946702543516,3.3526254901904835,0.9440772959879544,411.6633416674537,1.5402557608700667,6.209211864189243,3.883616430825035,0.9623803070243825
c<A>r<242>R<GLN>,141.9394071330291,1.3420560735089422,3.8842217977417883,1.8676237780661724,0.6806798835858421,54.39136261632704,2.296844043815185,5.237117801781104,3.626090841088469,0.7823314534633832,71.48943089100004,2.6381981903790517,5.075728249811599,3.9716350495000023,0.6001192570375212,149.05762494762303,1.2933940417875762,3.8471454410294954,1.6201915755176415,0.5778499557209491,171.4701392792448,1.1918867836477998,4.23347649838038,1.8049488345183662,0.6990083180063685,92.01613887924714,2.1962687797622067,4.8562749265088305,2.70635702586021,0.5708012433893561,176.2185914223542,1.1918867836477998,3.8471454410294954,1.5875548776788666,0.5395530408796783,58.92408700268597,0.01068861827087364,3.1911917747642837,0.5168779561639121,0.7396364331600678,532.4790573723113,0.4899061402263811,9.677223717435993,4.670868924318521,1.2820934372048738,591.4031443749974,1.6174839089934778,9.715870086716233,5.187746880482433,1.3028610570000974,17.92124982679399,0.05109019822638672,3.3558600129670886,0.8146022648542722,0.9683369964082668,167.31407287095578,1.3433378299237262,11.763308410396167,7.60518513049799,2.344303630875465,185.23532269774978,1.7727963561399978,11.833125981569072,8.419787395352262,2.165472594283368,26.262949375688954,0.011887291364477193,3.8430209356565257,0.937962477703177,0.8567313747851122,218.24278526429583,5.0588325873060365,19.2072067510817,7.7943851880105655,3.4734460049292055,244.50573463998478,5.76952784610471,19.328690939326734,8.732347665713743,3.469971240513315,55.55829756235099,0.010948731150157265,4.548985911225516,0.4789508410547499,0.7196058400380986,506.2606783597546,0.4899061402263811,8.631574924350858,4.3643161927565055,1.0410741968557877,561.8189759221057,1.553990475202394,8.752434683271272,4.843267033811256,1.0898293455487735,68.09586717815483,0.010957953201067738,2.9614186013414088,0.4761948753717121,0.6039035855493314,582.9595242072628,0.4899061402263811,14.109329390662317,4.0766400294214185,1.6006652094707754,651.0553913854178,1.6174839089934778,14.124901090709653,4.552834904793132,1.5926077934544434,28.103813232625566,0.010791630668048668,3.5215548119386684,0.5404579467812609,0.7844821062610436,281.8090509189648,1.3433378299237262,12.088962438389217,5.419404825364707,2.7619809388883834,309.9128641515903,1.7727963561399978,13.444005141906558,5.959862772145968,2.785749748551036,62.56856567305715,0.010957953201067738,3.1474396368284534,0.5214047139421429,0.7057466068618796,438.1352044445314,0.4899061402263811,6.180946702543516,3.651126703704428,0.9423423873322272,500.70377011758865,1.553990475202394,6.788469042805778,4.172531417646572,1.0067897062446258
c<A>r<243>R<LYS>,144.3743737871631,1.3420560735089422,3.8879635499544105,1.8046796723395389,0.6396677602249905,64.39841869300082,2.296844043815185,5.237117801781104,3.788142276058872,0.7588992565527551,61.53541513533016,3.1689092939836607,5.075728249811599,4.102361009022011,0.5166868876131361,156.33760875586935,1.2933940417875762,3.7628167714432537,1.5952817219986668,0.5406953183884013,165.96685578653643,1.1967740000430762,3.7559568331903708,1.7288214144430878,0.5948938667142163,88.37171357218499,2.1962687797622067,4.383841833987645,2.677930714308636,0.5029233413602615,177.01040851385062,1.1967740000430762,3.7559568331903708,1.5527228817004441,0.4725382935430195,57.307484093792354,0.01068861827087364,3.27490131846462,0.48157549658649035,0.6865302184825457,573.5083774622157,0.4899061402263811,9.677223717435993,4.819398129934585,1.4045400565115396,630.8158615560083,1.3716001664432984,9.715870086716233,5.300973626521078,1.372406538796078,27.804112483110966,0.011283218529438699,5.160833873080724,0.993004017253963,1.3656355963365494,201.27092772355948,1.3433378299237262,12.472222593046432,7.188247418698553,1.9986081216444798,229.07504020667048,1.7727963561399978,12.989339115322167,8.181251435952516,2.151216331968925,22.568905724445518,0.011887291364477193,5.987609021818482,1.1878371433918693,1.2700353480618956,139.90010200282785,5.0588325873060365,13.523518699136254,7.3631632633067285,2.658200788319148,162.46900772727338,6.1016806841554825,14.376465409327627,8.551000406698599,2.6780394051072327,59.18441916595377,0.010948731150157265,2.6348517186178837,0.4623782747340138,0.6265273053991255,559.562965612479,0.4899061402263811,9.294018315267806,4.371585668847493,1.1238503812476268,618.7473847784329,1.3716001664432984,9.309590121258783,4.833963943581507,1.08907493622533,64.83057935348332,0.010733994552420079,2.336693722312309,0.47321590768965927,0.6060713457225092,541.7182799509902,0.4899061402263811,9.677223717435993,3.9541480288393447,1.1297505822391525,606.5488593044734,1.3716001664432984,9.715870086716233,4.4273639365290025,1.1157088576291605,28.727139896981406,0.02316715713525852,6.681633260363791,0.6839795213567001,1.3120885111817715,211.78047122097217,1.3433378299237262,12.088962438389217,5.042392171927909,2.2275063647167843,240.5076111179536,1.7727963561399978,12.4378783102229,5.72637169328461,2.3695905307289458,64.71531281026068,0.010957953201067738,2.8581775449092035,0.4589738497181609,0.6441534347952496,527.1521172643089,0.4899061402263811,6.79064272908694,3.738667498328432,1.020094714002646,591.8674300745697,1.3716001664432984,7.047559872811362,4.197641348046593,0.9625376866429096
c<A>r<244>R<TRP>,130.0129729233872,1.3504692053651541,4.05772549170529,1.857328184619817,0.7149009042617129,71.9030194506339,2.296844043815185,4.814208702585798,3.7843694447702054,0.7093091809741957,56.27462098649351,3.1689092939836607,7.815979581497298,4.328816998961039,1.1107168205454092,146.96487140179158,1.2933940417875762,3.7559568331903708,1.632943015575462,0.5969060808477483,148.56259636794695,1.1870534811083084,3.8035029694852063,1.7686023377136542,0.6899264907085185,90.14638866431856,2.193215643695095,4.766812485584113,2.731708747403593,0.6505130857995942,162.6590861649733,1.1870534811083084,3.7559568331903708,1.5640296746632047,0.4945502029254513,46.62222372534042,0.011372118684318977,2.974908903831108,0.4482906127436579,0.6415028819787293,501.0344261787953,0.4947412549821024,9.677223717435993,4.817638713257647,1.5980738019924792,547.6566499041357,1.3716001664432984,9.715870086716233,5.265929326001305,1.5601084177109057,30.281144768363863,0.011283218529438699,4.182266316088715,1.0093714922787955,1.134771729884746,227.3759268416788,1.3433378299237262,12.869813191410518,7.579197561389293,2.3602187176199427,257.6570716100427,1.7727963561399978,13.525034608891179,8.58856905366809,2.3978173769662114,22.48065274431848,0.1596131347905363,5.80925127790632,1.322391337901087,1.2768376428667567,155.44987602444627,5.00076022211465,19.232330138202745,9.144110354379192,5.2349448905630895,177.9305287687648,6.347400227079704,19.395081077645262,10.466501692280282,5.092965418811591,54.41745700814082,0.010948731150157265,4.335345298046463,0.47734611410649846,0.6999893051718594,488.2471987290157,0.4947412549821024,10.761899461924749,4.282870164289611,1.424932303159715,542.6646557371565,1.3567742678019858,10.814248199387787,4.7602162783961095,1.402410979335386,55.14098497317993,0.010733994552420079,2.974908903831108,0.47535331873430975,0.6141276853842572,462.7191901042494,0.4947412549821024,9.677223717435993,3.9889585353814603,1.327641479273108,517.8601750774294,1.3716001664432984,9.715870086716233,4.4643118541157705,1.3598686347703708,30.796920091019658,0.017557885474044355,5.238443869974867,0.8554700025283238,1.364749496686931,177.58743986656737,1.3433378299237262,8.791558007812682,4.932984440737982,2.1680375757589787,208.38435995758704,1.7727963561399978,11.134295410434454,5.788454443266307,2.5171055236944095,54.0666004265216,0.011119752309642905,4.086490366415084,0.4360209711816258,0.6624612975221166,464.74520896825226,0.4947412549821024,8.140783235122854,3.7479452336149377,1.1266653596133513,518.811809394774,1.3567742678019858,8.164912050576921,4.1839662047965644,1.1302579763933753
c<A>r<245>R<ALA>,136.3659365302285,1.3504692053651541,3.6794849765666355,1.7482812375670322,0.5487845872210446,68.62605623536504,2.253850696625112,4.766812485584113,3.8125586797425024,0.6245522665409399,52.395140543423445,3.1357150540325116,7.189709191572191,4.366261711951954,0.9799510954961468,148.6566370966252,1.293907239675808,3.5658303295363867,1.532542650480672,0.4096972893245586,151.65666808566672,1.1870534811083084,3.6649720389702205,1.6665567921501838,0.5128086623817371,86.83432217327457,2.193215643695095,4.766812485584113,2.801107166879825,0.7077044304369964,163.17137108685642,1.1870534811083084,3.5658303295363867,1.4833761007896038,0.3323715576278988,46.40605272412051,0.012644548383347498,5.821393096046796,0.38996682961445805,0.6855369274492008,588.5332961564079,0.5087036947520573,12.10245465953085,4.9456579508941845,1.7570588272987107,634.9393488805284,1.3716001664432984,12.218308965565896,5.335624780508642,1.7341539137122246,27.16439157749011,0.011283218529438699,6.030993782444485,1.0447842914419274,1.3481230988370922,218.97726447608665,4.075660491112558,19.06724912358868,8.422202479849487,3.278708301071967,246.14165605357675,4.80465685673356,19.688432354874507,9.466986771291413,3.362333289089929,15.04744004858835,0.13849986937554348,2.2328066708190955,0.9404650030367718,0.5561179133836516,132.29885533953734,5.300888197418772,16.655618107132113,8.268678458721084,4.361262247218326,147.3462953881257,5.951698594905208,17.725420176793087,9.209143461757856,4.246067338372324,48.641501948612564,0.011128744999865159,5.710053776754165,0.39870083564436526,0.6738250967182148,544.1670489595125,0.5087036947520573,12.10245465953085,4.460385647209119,1.7056475656866081,592.8085509081251,1.3601651970913897,12.218308965565896,4.859086482853484,1.6952155033008294,54.59812382530859,0.012234584757787381,5.701673450233368,0.44388718557161455,0.6869096049462611,535.1593672012186,0.5087036947520573,16.19151456880195,4.35088916423755,1.8676118902913217,589.7574910265272,1.3716001664432984,16.296359701642196,4.7947763498091645,1.8651173272974977,26.513254516810356,0.011950557051267907,4.26317602745679,0.6628313629202589,1.0100025454886998,255.92241264940367,1.9484535207714657,17.17410608900468,6.3980603162350915,4.013564772725245,282.435667166214,2.93194659176383,17.25716785536732,7.0608916791553495,4.079106737430526,51.32667981084073,0.011119752309642905,5.701673450233368,0.4009896860221932,0.7164086888557617,530.251468805281,0.5087036947520573,16.19151456880195,4.142589600041258,1.9582954213762025,581.5781486161218,1.3601651970913897,16.296359701642196,4.543579286063451,1.9267579596149096
c<A>r<246>R<ALA>,113.37374727234535,1.3422128617319051,3.8140461077613654,1.7442114964976208,0.5573995692319488,54.04322457856455,2.253850696625112,5.290758651399791,3.60288163857097,0.719134788675171,64.91918570999547,3.1357150540325116,5.5814739620001905,4.057449106874717,0.6404225567683096,123.41730523868945,1.293907239675808,3.8140461077613654,1.5236704350455488,0.4113470927246008,137.4634935956773,1.1870534811083084,3.6649720389702205,1.676384068239967,0.5443430829245773,88.02407817781206,2.193215643695095,4.787179865990414,2.750752443056627,0.6737613471542656,146.46127560844616,1.1870534811083084,3.2252976944187495,1.4945028123310833,0.3666244364591885,36.772584513664974,0.012644548383347498,2.851956867838492,0.4040943353149997,0.5548728227177544,432.353456255765,0.4846747345811764,12.92162962911226,4.751136881931484,1.4998630911896327,469.12604076943,1.3716001664432984,13.371755662947209,5.155231217246484,1.4517010194748092,13.502670859158746,0.05589329430664236,3.175920590653325,0.6751335429579373,0.8179043408918628,143.7123932068505,1.361616287233403,14.727651091938071,7.185619660342525,2.7330197926414574,157.21506406600923,1.7379738283026076,14.807412453016155,7.860753203300462,2.618552682358592,23.032182637579318,0.17570691974603392,3.3388037260568773,1.0469173926172417,0.6917392090924954,140.383532143602,3.667980989338048,14.543722135969176,6.381069642891,2.1797152674816833,163.4157147811813,4.3106427271668775,17.882525862026053,7.427987035508241,2.611464652414067,35.76464762169401,0.01231816819436471,2.4204476699545125,0.37254841272597927,0.4808478142398457,412.4540402865548,0.4846747345811764,12.92162962911226,4.2963962529849455,1.36842598398699,448.2186879082488,1.3601651970913897,13.359412809808461,4.668944665710925,1.3399839838474377,43.990905816209406,0.012741072298330991,2.269757628900771,0.4488867940429531,0.5373247456133313,391.68065982544465,0.4846747345811764,14.437805512191801,3.9967414267902517,1.6841042376978608,435.6715656416541,1.3716001664432984,14.526712226709213,4.445628220833205,1.6193395247604938,32.43438523092131,0.011950557051267907,6.070327944957029,0.7542880286260769,1.190522997625642,200.53223800957824,1.361616287233403,10.391378495302263,4.663540418827401,2.2435433067564428,232.96662324049956,1.7379738283026076,12.514186404744493,5.417828447453478,2.5515921391701815,40.80670668454575,0.011477557816947481,2.160859160459294,0.40402679885688864,0.5342781787528263,382.47435581921496,0.4846747345811764,14.437805512191801,3.7868748100912373,1.7491553725528202,423.28106250376067,1.3601651970913897,14.526712226709213,4.190901608948125,1.6772621409508315
c<A>r<247>R<VAL>,132.34488825061771,1.3422128617319051,4.286051855016593,1.8640125105720804,0.7128491062588749,47.325142879985584,2.5654252060043397,4.8783314346635045,3.640395606152737,0.607286431519029,71.04823593590602,2.203330476030671,4.9018799869162955,3.7393808387318956,0.682961568250179,139.10891014248386,1.293907239675808,3.8724174512760445,1.6365754134409867,0.6002338438180476,156.3050868815348,1.1870534811083084,3.8318388298342634,1.7176383173795033,0.6080874995527773,88.34255601779118,2.203330476030671,4.590903667725619,2.6770471520542785,0.49334912377417806,162.27943355854535,1.1870534811083084,3.8318388298342634,1.545518414843289,0.46590334714296794,46.0904949264677,0.010628114425472734,2.3278829947526107,0.45634153392542276,0.5906343588618161,483.89520695315053,0.4846747345811764,12.92162962911226,4.79104165300149,1.3951741862582312,529.9857018796183,1.3899523278753096,13.326057253756279,5.247383186926914,1.4246658632743254,9.388463852372636,0.11428835284153216,2.553144931054069,0.6706045608837597,0.6896320037910402,96.68595327180296,2.254512443966007,14.587497480457614,6.906139519414497,2.6183369999711843,106.07441712417558,2.5902206430866546,14.719203677912748,7.576744080298256,2.5219710424544313,24.904108002411064,0.01679441913916868,1.9397121927828724,0.8587623449107263,0.5671367536671412,184.59465662453573,4.785554652454493,12.168574147525987,6.365332987052956,1.774499767762905,209.49876462694678,5.413571773821555,14.080673980631204,7.2240953319636825,1.8235720646548819,44.79062545113923,0.010628114425472734,2.1985957116394115,0.47649601543765135,0.5677732194074022,423.4690500759515,0.4846747345811764,12.92162962911226,4.504989894425016,1.3834955502189117,468.2596755270908,1.3069490525626994,13.326057253756279,4.981485909862668,1.4042272891706047,56.19313548127863,0.010628114425472734,3.3879631661257967,0.4886359607067707,0.6532144825424571,456.9845392552356,0.4846747345811764,12.92162962911226,3.97377860221944,1.341709095984541,513.1776747365143,1.3899523278753096,13.00307414345266,4.462414562926211,1.3429359940842214,22.482520831393124,0.013733059897679922,2.5740860069416254,0.48875045285637225,0.6279920589543596,199.77287538396553,1.9484535207714657,12.168574147525987,4.342888595303599,2.289025434295137,222.25539621535867,2.5867579148496507,13.073439869840566,4.831639048159971,2.2913133955811498,52.472070047853975,0.010628114425472734,3.3879631661257967,0.49973400045575217,0.6749347799418632,390.71934266017155,0.4846747345811764,12.92162962911226,3.7211365967635386,1.429798448062884,443.19141270802544,1.3069490525626994,13.00307414345266,4.22087059721929,1.4493458238851609
c<A>r<248>R<VAL>,124.47014705378848,1.3138162132503868,4.040827834555401,1.830443339026301,0.6313138425552485,47.36211158952542,2.2951445866089393,4.931000859213537,3.3830079706803873,0.7542307515567442,73.3986192770928,2.203330476030671,5.037239162817935,3.8630852251101477,0.6062194544979349,132.1611593815704,1.304318392276685,4.040827834555401,1.5923031250791615,0.5177955498226623,151.7403645937683,1.2109744212241556,3.42063969480388,1.7243223249291852,0.5481232649344825,91.01515070098213,2.203330476030671,4.999509932459436,2.67691619708771,0.5262106973218392,158.82120686567183,1.2109744212241556,3.42063969480388,1.5419534647152604,0.4161419997034496,38.134208591868365,0.010628114425472734,2.5788062517719634,0.42847425384121757,0.601798882301999,445.37933965792917,0.5009388484879764,13.425302910633846,5.004262243347519,1.9663868062230607,483.51354824979745,0.8095221652493902,13.502512587219886,5.432736497188736,1.9813126031963537,11.724272132742364,0.21928445680661035,3.616879551809017,0.8374480094815974,1.071492485338976,106.41486076151577,1.3224283214310084,14.289348134455825,7.601061482965412,3.4269905748825256,118.13913289425813,1.7607930180143763,14.508637150295485,8.43850949244701,3.5903462485910547,23.54964788989851,0.01679441913916868,1.9120998331052164,0.841058853210661,0.5732528687431959,206.72368125505147,3.2671029292669918,14.320371355709597,7.382988616251838,2.9080396669052804,230.27332914494997,3.302280402992883,14.354990650920547,8.2240474694625,2.8222177218592766,34.29855414039447,0.010628114425472734,2.704999403326429,0.38109504600438304,0.525663754923106,425.6778915187248,0.5009388484879764,13.425302910633846,4.7297543502080535,1.9101884893325498,459.97644565911924,0.8095221652493902,13.502512587219886,5.110849396212436,1.9256333661387672,52.080895473339496,0.010628114425472734,5.905587429701548,0.5007778410898028,0.8781454666409696,417.89163236888294,0.5009388484879764,11.96940189786541,4.01818877277772,1.8091973892407212,469.97252784222246,0.8095221652493902,12.011172575677772,4.518966613867524,1.8852554772896668,22.120112475601232,0.015975001325522875,2.3939335061303284,0.4915580550133607,0.6111831634644064,275.98703241507684,1.3224283214310084,14.320371355709597,6.133045164779485,3.7029036563283895,298.10714489067806,1.7607930180143763,14.354990650920547,6.624603219792846,3.7165071120694453,48.805055997197385,0.010628114425472734,5.905587429701548,0.5137374315494462,0.9377680272849885,354.6072282411487,0.5009388484879764,11.96940189786541,3.7327076656963016,1.9070707709488832,403.41228423834605,0.8095221652493902,12.011172575677772,4.246445097245748,2.0246564400715643
c<A>r<249>R<VAL>,141.54997955014667,1.3138162132503868,5.107879988117119,1.8624997309229825,0.7027608498400185,58.82383739171432,2.6461939711545726,6.286317886529578,3.676489836982145,0.8666074034839852,88.51074532351727,2.190332483886643,4.938443106997907,3.8482932749355334,0.609759340241676,153.99519679535257,1.2229721296073786,5.107879988117119,1.6558623311328233,0.6302772552874436,167.3709266861502,1.1991161939368797,3.705263374487296,1.673709266861502,0.5281769287464401,113.56541659437235,2.190332483886643,6.258886668585375,2.839135414859309,0.7839020758945244,179.65908080522442,1.1991161939368797,3.705263374487296,1.5355476991899524,0.4332457427865377,57.77043243517067,0.010628114425472734,6.059262259848634,0.49802096926871264,0.8447923310203176,582.4721855981925,0.5009388484879764,13.425302910633846,5.0213119448120045,2.0647838172203605,640.2426180333632,0.8095221652493902,13.502512587219886,5.519332914080717,2.2069450488311415,9.272277835828957,0.02276662552994324,3.1506122692681764,0.5454281079899387,0.7689673834980643,161.8753442156012,4.8882199684486665,20.358451085319757,9.522079071505953,4.134432936272112,171.14762205143018,5.514029594922288,20.59134594835576,10.067507179495893,3.8713239684847798,37.93258469610075,0.013560021648252985,5.997662944123654,0.8621041976386533,1.1395877049660796,358.8322734230481,4.4677044263094245,23.319669136139055,8.155278941432911,4.256938735121036,396.76485811914887,5.040751769048105,23.427847523666323,9.017383139071566,4.184282459502768,55.55802739592096,0.010182870192651627,6.059262259848634,0.4629835616326747,0.8097107384497416,584.5089418796808,0.5009388484879764,13.425302910633846,4.87090784899734,2.2997593913225916,640.0669692756019,0.8095221652493902,14.117037588734789,5.333891410630016,2.420899978213048,64.24579516689751,0.010628114425472734,4.577820092484062,0.49042591730456114,0.7584953503909535,518.6565809167769,0.5009388484879764,10.18473811445076,3.959210541349442,1.58290332247796,582.9023760836744,0.8095221652493902,10.220314833158834,4.449636458654004,1.7305719589143314,40.23419055875406,0.011176835739176383,3.6741119591674654,0.6595768944058042,0.8841418748792662,383.35200131448414,2.086568445426508,18.316320142997938,6.284459037942363,4.05117725220307,423.58619187323825,2.5373982681430487,20.24698532392855,6.944035932348168,4.184836431014986,63.461034994268424,0.010628114425472734,4.577820092484062,0.4996931889312474,0.7508711211091976,479.2519765813395,0.5009388484879764,10.18473811445076,3.7736376108766887,1.731207989704759,542.713011575608,0.8095221652493902,10.220314833158834,4.273330799807937,1.865728140237536
c<A>r<250>R<PRO>,122.15725854072839,1.3138162132503868,4.0774779459295045,1.745103693438977,0.4748392191554603,46.639976896703566,2.6461939711545726,4.071497836706571,3.331426921193112,0.439671685463812,88.70001181141996,2.1725787992420957,4.694132312637023,3.548000472456798,0.7260245291269617,129.73310010499998,1.2229721296073786,4.0774779459295045,1.5262717659411762,0.3457614113354496,153.81570496441964,1.185168090160799,2.715878179748138,1.6022469267127046,0.39037618474047336,102.16553015741198,2.1725787992420957,3.705263374487296,2.5541382539352995,0.34686291355025106,161.77651833752867,1.185168090160799,2.715878179748138,1.457446111148907,0.23572889645802,40.48277705896373,0.010479562044546142,4.587771029171979,0.4877443019152256,0.8735774367301302,368.23327124440635,0.7563322746282779,17.08131286579379,4.4365454366795944,2.2126200608754782,408.71604830337003,0.8095221652493902,17.147499833588007,4.92428973859482,2.2510266606548646,10.605847504617913,0.05574155399627845,3.9152554426479824,1.1784275005131013,1.3938654316621848,63.58366635169926,4.8882199684486665,9.387993358264865,7.064851816855473,1.635319779899275,74.18951385631718,5.514029594922288,12.32933782784724,8.243279317368575,2.1260663971454132,41.560912534743615,0.013560021648252985,7.297649267751872,0.8481818884641554,1.2853260501507233,337.2789104694166,2.0319267840195607,13.153315223138069,6.88324307080442,2.4994099552814135,378.8398230041602,2.211898302007725,13.311038785205117,7.731424959268576,2.5170712470100147,35.39978934638273,0.010479562044546142,3.943896887640115,0.4370344363750955,0.7622560830731566,338.66337981387863,0.5862809818809183,17.08131286579379,4.181029380418255,2.242526499617084,374.0631691602614,0.8095221652493902,17.147499833588007,4.6180638167933505,2.247440614075015,48.749717542736484,0.010628114425472734,4.113224998681716,0.45990299568619325,0.755809592154671,339.923968341073,0.7563322746282779,6.407962521171612,3.206829890010123,1.2790498298463189,388.6736858838095,0.8095221652493902,6.951068844041828,3.6667328856963164,1.379601294323206,33.811732374471,0.011176835739176383,5.107748856914007,0.5829609030081206,0.9621307811841789,268.5603150413316,2.0319267840195607,10.613040905011037,4.630350259333303,2.140708883578811,302.37204741580257,2.211898302007725,10.681339732633585,5.213311162341424,2.23918349973438,45.871180202775626,0.010628114425472734,4.036365733692627,0.4368683828835774,0.7217207530052506,316.42242010056736,0.5862809818809183,6.26202970972264,3.0135468581006415,1.317393197725011,362.29360030334294,0.8095221652493902,6.874209579052739,3.4504152409842184,1.3731122061648109
c<A>r<251>R<SER>,103.11497172511604,1.3138162132503868,4.125527467633751,1.8413387808056434,0.6068647918141387,52.01849213090892,2.1712166300952407,5.734296114585183,3.467899475393928,0.7800381518295287,59.804774135350186,2.1725787992420957,4.673733316138589,3.517927890314717,0.7158053516360458,112.80803236850048,1.2229721296073786,4.125527467633751,1.5667782273402844,0.4803869681563964,124.60647096774089,1.185168090160799,3.673078037890254,1.6838712292937958,0.5156154564575028,86.98725431222593,2.1712166300952407,3.5850098977509948,2.6359774034007857,0.4090721210916976,134.2393858821886,1.185168090160799,3.6044457909840775,1.4915487320243177,0.3529450098951742,31.254503765384605,0.01065253663954202,4.587771029171979,0.4808385194674555,0.9334444169956683,295.1903254696803,0.7563322746282779,11.770955567045362,4.541389622610467,1.9853732323646789,326.44482923506496,0.8095221652493902,11.781608103684905,5.022228142077922,2.0194065974983304,11.618268738055967,0.05574155399627845,3.9152554426479824,0.829876338432569,1.0747846009931676,113.90843779219178,4.8882199684486665,12.18568079373242,8.136316985156556,2.3291087306591414,125.52670653024776,5.514029594922288,12.32933782784724,8.966193323589126,2.2979712112945614,20.379430786391694,0.01134770564405585,3.085703152979967,0.7278368137997033,0.7525202301447607,168.04946020380495,3.5418068858036023,10.33100876841928,6.001766435850177,1.47471980695036,188.42889099019663,4.18257689073574,10.538661210635244,6.729603249649879,1.292778415216507,28.770173512518028,0.01065253663954202,4.376424786997047,0.4426180540387389,0.8719698655081076,268.96892972959546,0.5902136593276879,11.770955567045362,4.137983534301469,2.031672567146698,297.7391032421135,0.8095221652493902,11.781608103684905,4.580601588340208,2.063085791201297,37.45419565971666,0.01206497218020397,2.991125714877799,0.4567584836550812,0.6934444721451498,279.59944339595626,0.7563322746282779,7.1341131695499485,3.4097493097067835,1.3472518741883268,317.053639055673,0.8095221652493902,7.219594339838027,3.866507793361866,1.377951490282352,25.56503586318634,0.011304196755284934,3.3753387840247537,0.5681119080708075,0.7808093229242343,205.42328561470373,2.086568445426508,10.613040905011037,4.564961902548972,2.250943391213896,230.98832147789008,2.663715946700932,10.681339732633585,5.13307381061978,2.2888388915211064,34.99647281399922,0.010925544285433908,3.5711634318786,0.4267862538292588,0.6766756336827658,256.5930802665439,0.5902136593276879,7.1341131695499485,3.1291839056895596,1.4015538433216632,291.58955308054317,0.8095221652493902,7.219594339838027,3.5559701595188193,1.4031787525065513
c<A>r<252>R<GLY>,71.69459877951286,1.4289118571010933,4.61661232162571,1.937691858905753,0.7448043473523303,31.82033297360702,2.711917224633926,6.159454219821099,3.5355925526230023,1.0041188715436415,37.383279110206956,2.190332483886643,4.673733316138589,3.7383279110206957,0.719897103097552,76.88209737415413,1.2229721296073786,3.6340695396083884,1.6357893058330666,0.5533526503670027,83.41060713128132,1.185168090160799,3.8570872704155033,1.7377209819016943,0.6097397842945973,53.169811833008445,2.190332483886643,3.643669235943602,2.6584905916504225,0.4056968555662642,88.61005121834188,1.185168090160799,3.4641845969985523,1.527759503764515,0.41055490946709544,18.516113479117422,0.01206497218020397,4.587771029171979,0.6172037826372474,1.062323919493192,130.23391945307193,1.4572655742495044,7.6560845351678495,4.3411306484357315,1.866973882434912,148.75003293218936,1.5860021058500804,7.85245645042251,4.958334431072979,1.9821111551443769,4.9832733495471295,0.07824610210093219,3.9152554426479824,0.9966546699094259,1.474091497469593,45.6934823995782,6.430603589728108,11.500516135403828,9.138696479915641,1.9890070943779257,50.676755749125334,7.8334514751858375,11.976560813092004,10.135351149825066,1.5728534801353165,11.400906300819475,0.05315822731964026,1.7423779770751846,0.7125566438012172,0.6288241985834456,99.72603307667845,4.716930360456772,9.0673874737397,6.232877067292403,1.0649191859136757,111.12693937749792,5.457055212997748,9.444792109525864,6.94543371109362,0.9701367362109133,16.684589970737832,0.01206497218020397,3.6711401617714454,0.5382125797012204,0.9302408734152202,115.86226943384438,0.6158888438876602,9.106410789705308,3.7374925623820765,2.0261121983571106,132.5468594045822,0.8255027135364224,9.12031984895048,4.2757051420832966,2.1563774375783233,20.635728819211636,0.01206497218020397,2.991125714877799,0.46899383680026446,0.7070316377681949,165.28760194145926,1.4572655742495044,9.117106315834462,3.7565364077604375,1.6601028727235576,185.92333076067092,1.5860021058500804,9.204301567430276,4.225530244560702,1.7052891151184721,9.464715803805257,0.011304196755284934,3.3753387840247537,0.3785886321522103,0.6576969338399707,123.39743218228112,2.174442192054812,12.326721463537702,4.935897287291245,2.61196206319595,132.86214798608637,2.5397577771106206,12.399412288845333,5.314485919443455,2.718502778574558,18.31981240460119,0.010925544285433908,2.991125714877799,0.4071069423244709,0.6237543553625045,144.35601791208455,0.6158888438876602,7.1341131695499485,3.2079115091574346,1.4680947503166206,162.67583031668576,0.8255027135364224,7.219594339838027,3.6150184514819057,1.5559889614912585
c<A>r<253>R<GLN>,100.1729229336362,1.3138162132503868,4.120291059114611,1.7271193609247621,0.48275884394366386,46.13332129626121,2.214975276879836,4.365279614653067,3.0755547530840803,0.5869751457461555,55.272608995327595,2.190332483886643,4.726929114915461,3.9480434996662566,0.6418779992609679,109.74014443346381,1.2229721296073786,4.120291059114611,1.482974924776538,0.32142021921747616,118.64374184176236,1.185168090160799,4.120291059114611,1.6252567375583886,0.4677002605769821,75.33561526077122,2.190332483886643,3.0218310941773416,2.5111871753590407,0.2697271102268397,128.45565100653954,1.185168090160799,4.120291059114611,1.4433219214217925,0.30693470783440063,34.40478053760988,0.010628114425472734,4.587771029171979,0.5293043159632289,0.9290194270127822,250.78815041111056,0.5009388484879764,7.6560845351678495,3.858279237094009,1.6031162221075086,285.19293094872046,0.8095221652493902,7.674324876352989,4.387583553057238,1.6624097489472092,14.831768057956669,0.01811738386768802,5.215020252891673,1.059412004139762,1.7124222573866639,113.89340577094254,1.3065576697999859,15.424666952571954,8.135243269353039,3.2485016898940673,128.7251738288992,1.685022736350077,15.9313596044319,9.194655273492799,3.272041850997485,17.568819091174873,0.035591996213682364,2.50011857168095,0.7027527636469949,0.6380020286554751,200.35419262655586,5.222038550281695,12.483244925869315,8.014167705062235,2.321878015579983,217.92301171773073,5.457055212997748,12.909509893737226,8.71692046870923,2.273846454516564,31.3575072340235,0.010628114425472734,3.901798338380864,0.48242318821574615,0.832953235629842,228.70421653651482,0.5009388484879764,7.6560845351678495,3.518526408254074,1.4700909042254495,260.0617237705383,0.8095221652493902,7.674324876352989,4.0009495964698205,1.5074031532164425,38.81288936862413,0.010628114425472734,4.4499433338340495,0.5106959127450543,0.8306076880073063,249.86098652757062,0.5009388484879764,9.117106315834462,3.2876445595732977,1.4538726461604896,288.67387589619483,0.8095221652493902,9.204301567430276,3.798340472318353,1.4818650975024878,18.139636581970592,0.011304196755284934,6.686325790374234,0.4902604481613674,1.1104716085678006,186.1959721705892,1.3065576697999859,12.453920106285295,5.032323572178086,2.8717366047161157,204.3356087525598,1.685022736350077,12.496038165198247,5.522584020339454,2.9421094908558993,36.74022133927564,0.010628114425472734,4.733340067301036,0.48342396499046897,0.8370880632508154,220.7491452934285,0.5009388484879764,5.765875611572483,2.904594017018796,1.2499789235679448,257.48936663270416,0.8095221652493902,6.1198384337530625,3.388017982009265,1.302179727447272
c<A>r<254>R<GLU>,124.81209182349215,1.3138162132503868,3.9040506878634895,1.862867042141674,0.7065891419729846,60.67388780827436,2.711917224633926,5.031835987483916,3.5690522240161386,0.7099017088026321,66.47181753085452,2.190332483886643,4.6853624189038,3.69287875171414,0.744445618832815,137.298236890125,1.2978576702325693,3.9040506878634895,1.6152733751779411,0.567844182283549,149.7936928777013,1.185168090160799,3.9040506878634895,1.7417871264848988,0.6436578977017863,97.21740593693404,2.190332483886643,4.387856984501316,2.700483498248168,0.5495704828767318,161.8663249142499,1.185168090160799,3.9040506878634895,1.556406970329326,0.5024254689345121,48.359587086435,0.010628114425472734,4.958005946138169,0.6199947062363461,0.9256396875241993,353.0330806509504,0.5009388484879764,10.020884719059268,4.526065136550646,1.4211150228157041,401.3926677373854,1.3141919989720408,10.097366840584233,5.146059842786992,1.5471944038083223,15.51441654170413,0.01811738386768802,4.120156329508363,0.8619120300946739,1.1692455407502476,195.89258951547478,5.146354412979463,21.70640305851572,10.882921639748599,3.563473776452957,211.4070060571789,5.801653412392501,21.773056401347702,11.744833669843272,3.451925148205411,19.27738912424949,0.02261485432164534,3.0177309925770857,0.6884781830089103,0.6748009844307136,249.426314027792,4.420469206543203,21.131889175766048,8.908082643849713,3.827275614674077,268.7037031520415,5.143289369818383,21.154504030087693,9.596560826858624,3.6727505859338176,46.37866666985469,0.010170349046694227,4.6398204280309,0.5797333333731836,0.8746262000558972,343.9718819950774,0.5009388484879764,10.5535813039819,4.299648524938467,1.6707739944213544,390.35054866493215,1.3141919989720408,10.700567015910508,4.8793818583116515,1.7576367364294472,56.37008982628604,0.010628114425472734,4.1247039886263845,0.5368579983455813,0.7563033345137773,429.5258700784418,0.5009388484879764,9.117106315834462,4.090722572175636,1.363245250803143,485.8959599047278,1.3141919989720408,9.204301567430276,4.627580570521217,1.381066153789075,28.28324795452567,0.011304196755284934,7.234528560506977,0.5336461878212391,1.1905406561104623,266.8621495915753,1.4906057738730851,12.453920106285295,5.035134897954251,2.604645659102935,295.14539754610104,1.9091244394833424,12.496038165198247,5.568781085775491,2.8624467492806844,56.3701224950618,0.010170349046694227,3.94379399920696,0.5171570871106587,0.7807704620497297,408.1500742843707,0.5009388484879764,7.133735876339244,3.7444960943520247,1.3680924446560345,464.52019677943247,1.3141919989720408,7.419647225088068,4.261653181462683,1.4317034639720496
c<A>r<255>R<GLN>,84.38292820411111,1.3484760209935798,4.120291059114611,1.7953814511513002,0.5873443953875057,48.753385615892604,2.2204605643079414,5.358736843542039,3.4823846868494717,0.9230283687781589,51.164310564843966,2.190332483886643,4.6853624189038,3.654593611774569,0.7806012173315738,94.07924777939253,1.2710159161141246,4.120291059114611,1.5174072222482666,0.4116417381993524,104.26307564341876,1.185168090160799,4.120291059114611,1.6816625103777219,0.5739997026566526,79.17412329839638,2.190332483886643,4.288591851148532,2.7301421827033234,0.6597570133896079,114.01148348652491,1.185168090160799,4.120291059114611,1.4806686167081158,0.41777006567109165,23.446142810607803,0.02348242834314984,4.996584105612069,0.6336795354218325,1.0358205979041173,172.89849936525542,1.409902541450947,6.647893722603385,4.672932415277174,0.921009243597911,196.3446421758632,1.8704735125735268,8.699869106195788,5.306611950699006,1.1668337849006543,12.676976724222481,0.038050186918786366,2.778032591418162,0.845131781614832,0.7895957068503394,130.5640325697509,1.3018607314606925,12.801618111077005,8.704268837983394,2.9046298721966233,143.24100929397338,1.6859891247741459,13.60487540102635,9.549400619598226,2.915835115107339,11.820263736055448,0.014021590348631818,3.0177309925770857,0.7880175824036966,0.7411490089163164,135.0694294647485,4.420469206543203,17.89533547485371,9.004628630983234,3.635361818471412,146.88969320080392,5.143289369818383,18.715180266850872,9.792646213386927,3.523319326426405,21.24511435814953,0.019796877944793678,4.6398204280309,0.5741922799499872,1.0064647725683777,159.72432216535123,1.409902541450947,6.7273743778077915,4.31687357203652,1.153538442362563,180.96943652350072,1.8704735125735268,8.343105428614619,4.891065851986506,1.3416480860230546,25.440616794709495,0.014160998161426797,2.831823696955693,0.4988356234256764,0.6649090835919931,199.23694031976618,1.409902541450947,9.117106315834462,3.906606672936592,1.2779516944758005,224.6775571144757,1.8704735125735268,9.204301567430276,4.405442296362269,1.2612434833405703,21.46157533719719,0.01009378824686813,5.342191582655449,0.48776307584539064,0.9078710358898089,210.0579153367828,1.3018607314606925,11.472709748718671,4.7740435303814275,2.0148177396882625,231.51949067398,1.6859891247741459,12.441177421057535,5.261806606226818,2.391430325485347,24.53843525429124,0.014160998161426797,3.2058603525754616,0.4629893444205894,0.7013034911394921,190.8530262584835,1.3601806236995344,6.785184143226843,3.601000495443085,1.3130732507748224,215.39146151277475,1.8704735125735268,6.799544753292252,4.063989839863675,1.3152662420464902
c<A>r<256>R<ARG>,99.9963805829861,1.3484760209935798,4.120291059114611,1.886724161943134,0.6377328772306802,62.71855053500724,2.214975276879836,5.102298326939374,3.3009763439477493,0.9138156173270574,63.696368574557496,2.0868833621945337,4.763356397366966,3.9810230359098435,0.6388288884115334,116.15385667665993,1.2710159161141246,4.120291059114611,1.5911487215980813,0.5018882025795226,121.6350509059796,1.179191626793721,4.120291059114611,1.737643584371137,0.60527501415504,95.07472909907887,2.0868833621945337,4.288591851148532,2.640964697196635,0.5176940666129014,137.559712670602,1.179191626793721,4.120291059114611,1.528441251895578,0.4542890672925719,28.663340820705674,0.01018905087235078,3.176928592495255,0.4698908331263225,0.7220847049425072,289.30257900497736,0.5009388484879764,13.251327110092461,4.742665229589793,1.6727353525575224,317.965919825683,1.5855800309461756,13.284738380204749,5.212556062716114,1.674109730457606,19.28461414798563,0.012952838158801327,6.346218261357826,0.8384614846950273,1.3387519750737016,194.3189943592273,1.3018607314606925,15.424666952571954,8.448651928662057,3.5538562728420677,213.60360850721295,1.685022736350077,15.9313596044319,9.287113413357085,3.68593075269322,23.892056998183634,0.014021590348631818,7.08573633394629,1.0387850868775492,1.4539665482650732,188.98121988119578,4.420469206543203,17.89533547485371,8.216574777443295,3.5494929908885666,212.87327687937935,5.143289369818383,18.715180266850872,9.255359864320841,3.40925030251624,32.761839142759875,0.01018905087235078,3.948157679267397,0.4748092629385489,0.8465616867264653,317.2150139008957,0.5009388484879764,11.778177593082773,4.597319042041967,1.9815551774054663,349.97685304365547,1.5855800309461756,11.90188131143168,5.072128304980514,1.928165986476589,35.93448828762772,0.01018905087235078,4.199285203776855,0.47912651050170296,0.6998759655259719,297.9334246663079,0.5009388484879764,10.069069435654455,3.972445662217439,1.453546788573326,333.8679129539356,1.5855800309461756,10.321200327454948,4.451572172719142,1.3948731728506043,27.27593588686082,0.01009378824686813,4.1142325579453605,0.5245372285934773,0.8159936767887804,260.4289086926453,1.3018607314606925,12.389900539089979,5.008248244089332,2.5313327547853954,287.70484457950613,1.685022736350077,12.572809043995134,5.53278547268281,2.5742201566208425,39.53187110613497,0.01018905087235078,4.103094231559883,0.4880477914337651,0.8083581405899344,290.4161447015636,0.5009388484879764,11.68640378148666,3.5853845024884397,1.5810785040259738,329.94801580769854,1.5855800309461756,11.733228615456248,4.073432293922204,1.526104606318423
c<A>r<257>R<TYR>,147.85751026289833,1.3422128617319051,4.164261422638671,1.8716140539607384,0.6956808515772358,60.42703019894881,2.2432280602198604,5.102298326939374,3.55453118817346,0.8502710447678068,63.145004414943585,2.0868833621945337,5.415891003198171,3.946562775933974,0.7443842994623183,159.7819710786453,1.2710159161141246,3.686427683800142,1.6472368152437662,0.5698972286238791,169.5681370181519,1.179191626793721,3.6794849765666355,1.766334760605749,0.6222660285500973,91.43596343795166,2.0868833621945337,4.297529884903267,2.6892930422926957,0.49225489813437456,180.72860629198962,1.179191626793721,3.6794849765666355,1.5853386516841195,0.4928415880044518,62.68206747470685,0.01018905087235078,4.080955811713338,0.5137874383172693,0.8105229689697366,590.4871542741128,0.4846747345811764,11.938778057098716,4.840058641591088,1.487572081784125,653.1692217488197,1.5855800309461756,11.962368373345186,5.353846079908358,1.4693417467696834,19.713748210246887,0.012952838158801327,4.799211884480819,0.8214061754269536,1.1239272543806609,207.1183074678902,4.322487028312935,15.766401488746851,8.629929477828759,2.73860558665702,226.83205567813707,4.347752925312624,15.789081866506608,9.451335653255711,2.581048295473426,22.27652854408877,0.014021590348631818,5.078860580151492,0.8250566127440285,0.9631670106402552,203.07740885814604,3.6886340064711476,12.97134868257541,7.5213855132646685,2.654218046920937,225.3539374022348,4.237356503083928,14.153781888844117,8.346442126008697,2.678704046525114,60.76608389909203,0.010170349046694227,4.080955811713338,0.4568878488653536,0.7426222811380152,607.2111578663003,0.4846747345811764,11.778177593082773,4.565497427566167,1.5841500698805182,667.9772417653923,1.5855800309461756,11.90188131143168,5.022385276431521,1.5864416439320674,67.82481076962583,0.01018905087235078,2.3644120122927026,0.5024060057009321,0.6460602847583838,553.3175403078367,0.4846747345811764,8.01316461641727,4.098648446724716,1.1710677123787467,621.1423510774624,1.5855800309461756,8.090979509523756,4.601054452425648,1.1489766901746366,29.657044533692208,0.013073201744591145,5.401094543015706,0.5931408906738441,0.9238556078647737,250.6064137898208,2.0709335844387624,12.389900539089979,5.0121282757964165,2.3696019563686503,280.263458323513,2.507703844508015,12.73406338264643,5.6052691664702605,2.591779184362553,66.99377847881685,0.010170349046694227,3.0148783541354325,0.446625189858779,0.6443219672320177,593.2108445781855,0.4846747345811764,11.68640378148666,3.9547389638545702,1.4064636063575733,660.2046230570023,1.5855800309461756,11.733228615456248,4.401364153713349,1.3729276592059576
c<A>r<258>R<THR>,131.68243095162512,1.3422128617319051,4.120291059114611,1.936506337523899,0.7223799729863809,69.03441598180886,2.1405486694811278,4.992720969651961,3.451720799090443,0.7498165245540875,59.50015854053344,3.1743811465699823,5.460448602909144,3.966677236035563,0.5268242092046086,144.325386549905,1.2710159161141246,4.120291059114611,1.6216335567405056,0.581251500272267,152.29206518601262,1.179191626793721,4.120291059114611,1.8130007760239597,0.6857881844212265,95.10104463015442,2.1405486694811278,4.765352635355388,2.6416956841709562,0.503532996193968,164.06670347179306,1.179191626793721,4.120291059114611,1.562540033064696,0.5224603960281599,48.34482103409839,0.013360424617597566,3.176928592495255,0.5035918857718582,0.7071571601829683,479.28862193339955,0.4846747345811764,11.938778057098716,4.992589811806245,1.592796265387661,527.633442967498,1.3307180710329582,11.962368373345186,5.496181697578105,1.5617503358192042,22.392014132091397,0.012952838158801327,3.655346653203587,0.6785458827906484,0.9307255006899066,249.949572503421,1.3018607314606925,13.784861310623455,7.5742294698006365,2.48019173761775,272.3415866355124,1.6859891247741459,13.839165681731995,8.252775352591284,2.4555173606442575,18.64166489095131,0.013553052120933273,2.50471094416924,0.7767360371229713,0.5953121867672476,157.45175982438582,3.6886340064711476,12.402223994644373,6.560489992682743,2.1892188732783535,176.09342471533714,4.237356503083928,13.052827197013539,7.337226029805714,2.1615193026727253,46.9214029625874,0.010170349046694227,2.853567002833822,0.4645683461642317,0.6836836952356978,476.09608411162026,0.4779277440875376,11.778177593082773,4.713822614966537,1.9207707778689227,523.0174870742076,1.2912076441049296,11.90188131143168,5.178390961130768,1.85288094887184,51.09320052154314,0.010729421640435,2.351264140525636,0.47308519001428834,0.5570493040776751,433.91278329597094,0.4846747345811764,8.908737959164,4.0177109564441755,1.275713128651511,485.00598381751405,1.3307180710329582,9.51899374155991,4.490796146458464,1.2651251960627397,30.748210302729916,0.013073201744591145,3.2226600682272215,0.5301415569436192,0.7580041849452035,293.5544120824643,1.3018607314606925,13.03691910984071,5.061282966939039,2.468955261069705,324.3026223851942,1.6859891247741459,13.789911411451335,5.591424523882658,2.4382191577241974,50.787522452696884,0.010170349046694227,2.512111421575021,0.44944710135129984,0.6319414027368656,440.7617910969725,0.4779277440875376,11.68640378148666,3.900546823867013,1.6044895377077644,491.54931354966936,1.2912076441049296,11.733228615456248,4.349993925218313,1.5215844847557216
c<A>r<259>R<CYS>,129.59904147044566,1.3422128617319051,4.021179681267543,1.8782469778325457,0.6909058035155753,51.863747753023404,2.1405486694811278,4.773517163146888,3.704553410930243,0.641992485257157,69.47401976810816,3.1743811465699823,7.69361580923287,4.086707045182833,1.0022729338252159,138.13096753260996,1.2837812200598033,3.844985478220749,1.6444162801501185,0.5896152472565735,152.12752482414933,1.179191626793721,3.6794849765666355,1.7485922393580382,0.6255235233484553,85.32152313548514,2.1405486694811278,4.765352635355388,2.6662975979839105,0.5005797572001425,159.14218349940745,1.179191626793721,3.6794849765666355,1.5602174852883084,0.4764517958403866,51.13924631115244,0.01470592102476509,5.21535643887376,0.549884368937123,0.8328287424405786,469.9720608860964,0.4846747345811764,10.321576389648726,5.053463020280606,1.5661406415305807,521.111307197249,1.3307180710329582,10.580179174691128,5.60334738921773,1.6028827336899112,13.051911772287701,0.015497327829153917,3.6255492068624626,0.6869427248572474,0.9412351801129205,128.97181493716107,4.43064178363079,9.374272520031127,6.787990259850583,1.4205771022824685,142.0237267094488,4.503374346490676,10.400777676110224,7.474932984707832,1.3710665562421103,26.34542495882013,0.011236816880497713,2.72273313299241,0.7318173599672257,0.5708254657698077,328.01743979140497,3.6886340064711476,23.803762282859907,9.11159554976125,5.282010984842753,354.3628647502251,4.237356503083928,23.81976965207356,9.843412909728476,5.1380104413400955,48.661976743512255,0.010170349046694227,5.10401711958113,0.5176806036543857,0.8170337192249069,439.38004858247973,0.4779277440875376,10.321576389648726,4.674255835983827,1.6100313929605046,488.04202532599203,1.2912076441049296,10.422360954814067,5.191936439638213,1.6192600122576948,54.06966936608774,0.010352295912388954,5.209095483547383,0.4742953453165591,0.7144695695146962,465.61140908184484,0.4846747345811764,10.321576389648726,4.084310605981095,1.4347091600429898,519.6810784479326,1.3307180710329582,10.56181958349444,4.558605951297654,1.4860294985887912,21.849207276503847,0.013443939650198189,2.905924232072591,0.4551918182604968,0.7021096267829762,291.517313909417,1.9885524534913657,19.186554732570812,6.073277373112854,4.584684710084669,313.3665211859209,2.889742155475429,19.274605412922266,6.528469191373351,4.407907286827828,52.27357141912267,0.010170349046694227,5.209095483547383,0.4931469001804025,0.7725498525439028,417.0868132808105,0.4779277440875376,10.321576389648726,3.9347812573661365,1.5825582780266483,469.3603846999332,1.2912076441049296,10.422360954814067,4.42792815754654,1.584027611363157
c<A>r<260>R<HIS>,124.4759512593977,1.3422128617319051,3.58418101402833,1.7782278751342528,0.5477517072780234,60.21953210196627,2.1405486694811278,4.615740974110773,3.542325417762722,0.5147225988738013,66.48682205061021,3.1743811465699823,4.9268635954172915,3.910989532388836,0.4589757749056189,136.3500283603602,1.2837812200598033,3.5811699900011127,1.5494321404586386,0.40328276484140746,145.6882651705254,1.184107463741127,3.5658303295363867,1.6555484678468795,0.4843182572915806,92.23157146880241,2.1405486694811278,4.5778669180039575,2.6351877562514976,0.4587369719128767,156.99622497749417,1.184107463741127,3.5658303295363867,1.4810964620518317,0.3049698672617717,43.57403851332317,0.013967271634935052,4.371317296957784,0.5313907135771118,0.7953051158483144,431.6456725509754,1.2136279408496193,11.000022563843231,5.26397161647531,1.6688950406455332,475.2197110642986,1.3307180710329582,11.055218742951979,5.795362330052423,1.636508543686598,21.82081886480686,0.07263272856669811,3.6434517580168126,0.7793149594573878,0.9893124350251294,200.94995734364034,4.43064178363079,10.935957368542631,7.176784190844297,1.676412349664984,222.77077620844722,4.503374346490676,12.507198120913749,7.956099150301687,1.639463069705864,25.722461167574338,0.011236816880497713,2.854693071696637,0.803826911486698,0.6560165598498532,225.56125794783406,5.031403754646817,12.888073818588964,7.0487893108698145,1.9243364812417343,251.28371911540842,5.854441665145502,13.157622934878294,7.852616222356513,2.016660932243479,44.4693171348165,0.013967271634935052,4.0904604324115965,0.5170850829629825,0.7669448696319751,405.99867264188896,0.4779277440875376,10.321576389648726,4.720914798161499,1.6764058345336945,450.4679897767055,1.2912076441049296,10.422360954814067,5.237999881124483,1.6525551301709291,45.702520330324,0.010352295912388954,4.676073182655788,0.4394473108685,0.6695326086891394,448.4672202189573,1.2136279408496193,10.321576389648726,4.3121848097976665,1.7888734090651537,494.1697405492813,1.3307180710329582,10.56181958349444,4.751632120666167,1.7508224568541977,32.19551052388688,0.013443939650198189,2.905924232072591,0.5749198307836944,0.7838249349131254,272.56680260207986,1.9885524534913657,10.935957368542631,4.867264332179998,2.4386482608625393,304.7623131259668,2.8163679408153337,11.218972306531354,5.4421841629636925,2.333195494955417,47.88595177851455,0.010729421640435,3.765171433161406,0.49366960596406756,0.6961847724186021,382.51425382377454,0.4779277440875376,10.321576389648726,3.943445915709016,1.764915269692009,430.40020560228913,1.2912076441049296,10.422360954814067,4.437115521673084,1.6987542256843804
c<A>r<261>R<VAL>,139.88349160124525,1.3610642556211485,3.9813388800696385,1.9162122137156885,0.7373964480109513,51.457609061196464,3.223069369628791,4.615740974110773,3.675543504371176,0.3920867746433541,74.31401768883532,2.8169490147894334,7.063570920698231,4.128556538268629,0.9795287640960241,147.53302740207647,1.2911250700704267,3.9813388800696385,1.6765116750235962,0.6283935517300742,163.2322882430973,1.184107463741127,3.782480869230342,1.7742640026423617,0.6512703922876495,91.63926261069241,2.199208014461329,6.718586547006844,2.776947351839164,0.8125113511039519,170.29077413411983,1.184107463741127,3.782480869230342,1.5915025620011198,0.5240425695379123,61.13936219133083,0.012567049391086549,4.293262393210341,0.6435722335929561,0.8113890721877647,491.3667686063602,1.2136279408496193,11.948890761451821,5.172281774803792,1.70987524691299,552.5061307976913,1.3307180710329582,12.073181786045833,5.815854008396751,1.691589220199113,16.504568071580284,0.028141738278129935,3.6434517580168126,0.7502076396172856,1.0118562344619588,166.4803020352951,4.524724109425051,10.797686663223658,7.567286456149777,1.4994538785745304,182.98487010687538,6.290288663035474,12.507198120913749,8.317494095767062,1.3965371059890757,26.55994757451093,0.04670379080022613,3.535204045518226,0.7178364209327278,0.6465265711836954,309.3985399524343,5.031403754646817,15.451541605007378,8.362122701417144,2.8198999273700833,335.9584875269452,5.854441665145502,15.498245395807604,9.07995912234987,2.90059056307519,58.65562649184794,0.011571709026352295,3.5408465900729382,0.5807487771470093,0.7471704978078647,486.22425251417565,0.574186924869764,11.948890761451821,4.814101510041343,1.5956655055445927,544.8798790060237,1.3032318475938331,12.073181786045833,5.394850287188353,1.6035215632415738,66.24230926047326,0.010352295912388954,3.5433672085653747,0.5299384740837861,0.7483784849514475,549.2614386612579,1.2136279408496193,11.948890761451821,4.394091509290063,1.7547514923427296,615.5037479217312,1.3307180710329582,12.073181786045833,4.92402998337385,1.7727914793008688,30.56931891628473,0.01302000048474028,3.701342673839104,0.6113863783256945,0.8323859837238662,288.87639877572786,2.129486853718163,14.16413225783549,5.777527975514557,3.2683398891456616,319.4457176920126,2.5361804141950284,14.189380206951768,6.388914353840252,3.251439375690634,64.02874372298746,0.010729421640435,3.038670507975432,0.5666260506459067,0.7373970496207032,472.7031197938586,0.574186924869764,11.948890761451821,4.183213449503174,1.7222569208534695,536.731863516846,1.3032318475938331,12.073181786045833,4.74983950014908,1.727172606938609
c<A>r<262>R<GLN>,130.09331246910955,1.3578113756775045,3.822882088385905,1.8323001756212614,0.5691267712343872,73.72036475542525,2.6315166307434086,5.087473234004099,3.6860182377712625,0.6148467479837226,70.9250028527345,2.8169490147894334,4.753309417678355,3.9402779362630276,0.5583483082856511,143.38076005760854,1.2911250700704267,3.566978320186718,1.5584865223653102,0.39064246831643085,154.3618593499914,1.184107463741127,3.566978320186718,1.7151317705554598,0.5419030937552003,103.23178609192031,2.199208014461329,4.195043707622526,2.6469688741518027,0.3921848354152032,167.58503603542798,1.184107463741127,3.566978320186718,1.5097750994182702,0.36131398734828524,44.763166054281434,0.010548759022753984,4.293262393210341,0.5526316796824868,0.7304556414437757,444.1176873945475,1.2184353890859398,19.0388942752419,5.482934412278364,3.0250084623155864,488.880853448829,1.315497471658984,19.304981627305757,6.035566091960852,3.0341374073969822,31.503301024818654,0.028141738278129935,5.440839547770132,1.2116654240314868,1.6179759157567604,226.93257869592796,5.054141577038138,15.730361733822292,8.728176103689536,2.61220798021135,258.4358797207466,5.761407362810051,15.782673583832699,9.939841527721022,2.6578994198545525,35.75714440342369,0.01148778795689509,5.514369949274087,1.1534562710781835,1.4859656424258505,252.57901736135364,4.853050433176179,14.241612938255457,8.14771023746302,2.4995476264166356,288.33616176477733,5.195479370588636,14.266550115181396,9.301166508541204,2.5954114200334164,46.88168616767889,0.010822563130946206,4.982862561052956,0.5095835453008576,0.7540692820054845,468.22680243321713,0.574186924869764,19.0388942752419,5.0894217655784475,3.012832569783244,515.108488600896,1.315497471658984,19.18478445405575,5.599005310879304,2.970406908531321,52.38791428672684,0.010352295912388954,5.177182319572982,0.48062306685070494,0.7647575456931506,474.6281505680696,1.08477244516871,18.263348960452177,4.3543867024593546,2.464654745116044,527.0160648547964,1.315497471658984,18.30242074937715,4.835009769310059,2.4594062772757845,41.47584630036672,0.01302000048474028,8.004129382040801,0.8640801312576399,1.4566433457624914,253.17520467562161,2.1214357820363148,11.452737374309947,5.274483430742117,2.479091413641273,294.65105097598837,2.5361804141950284,11.857866966705615,6.138563561999757,2.630565205290725,54.818283918421535,0.010822563130946206,4.172341560427405,0.5322163487225392,0.7408923365979282,399.51270954655536,0.574186924869764,14.22109050495743,3.8787641703549065,2.115726085144592,454.3309934649768,1.315497471658984,14.668613922412101,4.4109805190774445,2.0963763443937298
c<A>r<263>R<HIS>,129.85830153705305,1.3420560735089422,4.047661274477898,1.9381836050306425,0.6978872786151481,71.38849650646554,2.1525648032027007,6.249715134343157,3.757289289813976,0.8489804455522668,82.28105842101085,2.15366119055402,4.868675376972171,3.918145639095755,0.6720504635799849,142.1170593236543,1.2918401348489348,4.040067266599615,1.6335294175132677,0.5588562939512762,155.8659543429769,1.197383776301743,3.4135629311777005,1.7513028577862573,0.5974902651612524,113.37281307591476,2.1525648032027007,4.868675376972171,2.7651905628271893,0.5936770331220117,168.1286985434922,1.197383776301743,3.3696956870847687,1.542465124252222,0.4371342175483472,55.15132066125824,0.012567049391086549,4.914908870848613,0.6565633412054552,0.8905194980165597,424.0593639310933,1.2184353890859398,12.837387157264914,5.048325761084444,1.9727350624829614,479.2106845923515,1.3407954621445888,13.192395716866164,5.704889102289899,2.2138961971022053,22.96827547507599,0.028141738278129935,4.779493586546401,0.9187310190030397,1.3370931063358618,232.55134540134046,3.9788591552574104,21.18639988486143,9.302053816053618,4.098311878823717,255.51962087641644,4.412938244809834,21.483893361389292,10.220784835056657,4.245369887321362,40.14006129975455,0.02493717692593833,7.143396582117301,1.2543769156173297,1.7459142590835959,276.1001131760132,3.665687519955932,24.70302666176049,8.628128536750413,4.147334388041926,316.2401744757678,4.554550329492057,24.860628774263656,9.882505452367743,4.29171020038597,51.72951991940653,0.011571709026352295,4.326037692648889,0.5388491658271514,0.7917726246339405,472.455780990916,0.47390949384367786,12.875874883211566,4.921414385322042,2.2607504247248142,524.1853009103226,1.3084270684581978,13.192395716866164,5.460263551149193,2.3639933574987895,62.717416027379784,0.010275193955215478,4.015234466629517,0.5550213807732725,0.7985646047392649,483.1755442620946,1.2184353890859398,14.22109050495743,4.275889772230926,1.866398180911102,545.8929602894742,1.3407954621445888,14.668613922412101,4.830911153004196,2.0401563591540093,38.57058447767116,0.01087842576053788,6.078056475794611,0.6428430746278527,1.1197521099837777,349.47392065066873,2.1214357820363148,17.93680738530162,5.824565344177812,3.6036790039430713,388.0445051283399,2.589907880118896,18.87983863831697,6.467408418805665,3.6712658287743936,59.648073822218315,0.010275193955215478,3.716284451606631,0.5373700344343992,0.7524626930131041,451.2048156849069,0.47390949384367786,14.22109050495743,4.064908249413576,2.0483261626349494,510.85288950712516,1.3084270684581978,14.668613922412101,4.6022782838479745,2.17095167076923
c<A>r<264>R<GLU>,97.62631904984366,1.3578113756775045,4.706229088103027,2.033881646871743,0.7699426935311908,40.54060049424018,2.1525648032027007,6.768378646119009,3.6855091358400163,1.1641458703316896,54.246316662725384,2.15366119055402,6.230396500321225,4.172793589440414,0.9316529893858289,101.31970727327446,1.3120019294564276,4.220174041641177,1.6886617878879078,0.6445926766727859,114.16024862189325,1.197383776301743,3.920576293989714,1.8412943326111815,0.6537213589146185,71.38373727933734,2.1525648032027007,4.868675376972171,2.8553494911734933,0.7070167630375607,117.59429476316102,1.197383776301743,3.920576293989714,1.5891120913940677,0.5002277138596993,39.65953130510107,0.013905686538871365,4.914908870848613,0.8438198150021504,1.197705050004391,251.46885690080455,1.2184353890859398,12.837387157264914,5.350401210655416,2.5356272158738253,291.12838820590565,1.3407954621445888,13.192395716866164,6.194221025657567,2.9751726899644075,6.436379301266026,0.04192511061781623,2.0751154778334424,0.5363649417721689,0.5513700829173868,99.70299608723374,3.9788591552574104,17.0226070655674,8.308583007269478,3.769286592492576,106.13937538849976,4.412938244809834,19.09772254340084,8.844947949041646,4.156117288600432,25.08046020627779,0.013749928478208773,9.03600808410524,1.475321188604576,2.388698142394811,157.92730070662424,4.42972556465179,15.38448645719933,9.28984121803672,3.4380418387290597,183.00776091290203,4.899799667442952,16.09971586838992,10.765162406641295,3.7495128262089463,36.78526538153498,0.011795418487769993,4.326037692648889,0.7357053076306995,1.0736202012205576,268.9502074497256,0.47390949384367786,12.875874883211566,5.379004148994512,2.9063956717634767,305.7354728312606,1.3084270684581978,13.192395716866164,6.114709456625212,3.1595741355127136,41.00796814885972,0.010275193955215478,4.015234466629517,0.6509201293469796,0.9686942524151108,289.8637933196599,1.2184353890859398,11.713560061045328,4.601012592375555,2.2716300768537336,330.8717614685197,1.3407954621445888,13.192395716866164,5.251932721722535,2.5275566214667964,21.206248181777173,0.01087842576053788,3.203870918953964,0.6237131818169757,0.810936595548228,193.63129672508222,2.1214357820363148,11.968024197660782,5.695038138973007,2.705374651707381,214.8375449068594,2.589907880118896,12.908331056757707,6.318751320789982,2.9110127833962998,37.7550384426874,0.010275193955215478,3.716284451606631,0.6509489386670242,0.9085711852445645,258.24048554682025,0.47390949384367786,11.740884152584158,4.452422164600349,2.565577404022531,295.99552398950766,1.3084270684581978,13.192395716866164,5.103371103267373,2.7550243746072605
c<A>r<265>R<GLY>,82.50417284322,1.3578113756775045,3.6972003571469045,1.875094837345909,0.6172277051214469,43.115957701536956,2.1525648032027007,4.236833463738994,3.3166121308874583,0.5439825536322905,41.62909031397187,2.15366119055402,4.868675376972171,3.7844627558156247,0.7887009279018315,89.89087302988112,1.3120019294564276,3.566978320186718,1.5498426384462263,0.4423618330553652,96.70589883531878,1.197383776301743,3.46895372514661,1.7268910506306925,0.5643242682424588,67.21587916938796,2.1525648032027007,4.868675376972171,2.6886351667755184,0.5945630079977859,103.87770695015435,1.197383776301743,3.242883706158436,1.483967242145062,0.35522187762234386,25.3964083100837,0.016713548598277228,3.422828287547147,0.5771910979564477,0.7700507229959582,181.7557268751744,1.2184353890859398,5.870536478556293,4.130811974435781,1.2054301953617148,207.15213518525806,1.3407954621445888,7.047842802611434,4.708003072392229,1.3823805567949083,5.410354251290748,0.03114140216552741,0.9971242989701974,0.3182561324288675,0.2891022291660023,116.05125019518691,3.8899081243136573,11.320620099119598,6.826544129128642,2.0276604443171617,121.46160444647764,4.412938244809834,11.36153174868804,7.144800261557508,1.8751879428537623,10.169979394311447,0.1441333655984609,1.683129815668324,0.7264270995936748,0.4988135383308666,107.56378701770514,4.42972556465179,14.634941000905119,7.683127644121796,2.731963572159192,117.73376641201659,4.899799667442952,14.8028529928755,8.409554743715471,2.622662504351266,25.58601867560266,0.011795418487769993,2.5683671341980263,0.5443833760766523,0.6587054297003627,176.64307169606673,0.47390949384367786,6.518466695047118,3.7583632275758876,1.1739506295530213,202.22909037166946,1.3084270684581978,6.785371476514193,4.302746603652541,1.2452251480156584,27.23802188790216,0.010275193955215478,2.9648621999805727,0.48639324799825284,0.7011982544247743,202.82972019180477,1.2184353890859398,5.847219793286641,3.621959289139371,1.0624706521872938,230.06774207970693,1.3407954621445888,6.13699658280477,4.108352537137624,1.210802442153953,16.60389928035482,0.01087842576053788,3.0087688614463453,0.5031484630410552,0.7069722669996421,160.80533857249245,2.1214357820363148,10.17897507878348,4.872889047651286,2.2607869973394648,177.40923785284727,2.589907880118896,10.402096690286012,5.376037510692342,2.404180395397867,27.050296008599645,0.010275193955215478,2.9676767363972747,0.4830410001535651,0.6701495478276799,181.28308976703485,0.47390949384367786,5.601999798165474,3.2371980315541937,1.028819202443164,208.33338577563453,1.3084270684581978,5.97608672319941,3.7202390317077594,1.140948714636751
c<A>r<266>R<LEU>,94.59371240008856,1.355186083330414,3.80789417660958,1.8547786745115404,0.5708517546831705,40.109953558803795,2.1525648032027007,4.682201729274291,3.3424961299003164,0.6249809736598656,53.04582136261957,3.079354006382133,5.7565898611248025,4.080447797124583,0.7126107618216814,100.16665711888564,1.2918401348489348,3.80789417660958,1.565104017482588,0.4503303265793068,113.63889163205948,1.197383776301743,3.562097350058921,1.7482906404932228,0.5743256037455993,70.22162738705632,2.1525648032027007,4.310812292449889,2.7008318225790893,0.5931958237313123,118.64584917955665,1.197383776301743,3.46895372514661,1.5211006305071366,0.4194851726014831,26.251038547026372,0.026407405932725503,2.634894762617842,0.5468966363963828,0.6227118339853933,223.01682954692203,1.2184353890859398,10.398176666725703,4.646183948894209,1.8257400540280277,249.26786809394838,1.3407954621445888,11.706192558371736,5.193080585290591,1.9066293485408818,9.579405774927988,0.028141738278129935,6.12842879584408,0.7368773673021529,1.5688469060908778,106.66304427237323,3.9788591552574104,21.18639988486143,8.204849559413326,4.215796582732056,116.24245004730125,4.412938244809834,21.483893361389292,8.94172692671548,4.333546306343453,16.00825227029023,0.07006648306294849,5.269283476063794,0.8893473483494573,1.3698848881324757,188.693551315837,4.42972556465179,21.04553061225147,10.482975073102056,5.740739158988352,204.70180358612726,4.899799667442952,21.331574046078774,11.372322421451514,5.753516672402008,25.902904537948118,0.011795418487769993,2.3370274022621755,0.528630704856084,0.5628954886068638,222.56597083966963,0.47390949384367786,10.398176666725703,4.54216267019734,2.0299885088209484,248.46887537761774,1.3084270684581978,10.526363869516999,5.070793375053423,1.961962337664533,34.36469213767495,0.01618193525352929,3.0495104026841036,0.5129058528011187,0.6648997950804029,268.56278106296253,1.2184353890859398,9.851860667289884,4.0083997173576495,1.6814751064285192,302.9274732006375,1.3407954621445888,9.873222952016516,4.521305570158769,1.7221384293846045,18.54141462306359,0.01302000048474028,8.376509697668908,0.5618610491837452,1.4449495232015852,185.48093004950016,2.1214357820363148,17.93484371567547,5.620634243924247,4.148356294812055,204.02234467256378,2.5361804141950284,18.1683072910347,6.182495293107993,4.222627974772883,33.431685048300395,0.014565726477625995,3.4616328484844816,0.5223700788796937,0.6615826303252629,242.39807199357352,0.47390949384367786,8.7438738513722,3.7874698748995863,1.6854943557338344,275.8297570418739,1.3084270684581978,8.847743200872493,4.30983995377928,1.6960057682979353
c<A>r<267>R<PRO>,58.89323079753464,1.355186083330414,4.132741776978701,1.7846433575010499,0.5659903412499209,29.813845198764582,2.6315166307434086,4.487810754242155,3.312649466529398,0.6349342648382471,26.61940855544562,3.079354006382133,4.277951567868589,3.802772650777946,0.4234019850801955,68.31661545513735,1.2918401348489348,4.132741776978701,1.5887584989566825,0.493660291844449,68.78414911817958,1.2158729833661883,4.132741776978701,1.6776621736141362,0.5523520373795276,46.47783945871692,2.199208014461329,4.195043707622526,2.733990556395113,0.5923853543044738,78.2075337757823,1.2158729833661883,4.132741776978701,1.5334810544271038,0.4710963714768526,8.708312527835247,0.020214426419925324,2.717105083883977,0.6220223234168033,0.7232721477962794,60.11542188431281,1.4794155237659652,10.398176666725703,4.293958706022344,2.541802903920357,68.82373441214806,1.5645901077918354,12.137758918283271,4.915981029439147,2.8840173341244597,6.1359848052260055,0.03775945260851188,4.040440291703938,1.2271969610452012,1.4688013328416556,57.51363257586161,5.1536372769362515,19.013081814770032,11.502726515172322,4.9884377237020345,63.649617381087616,5.86108540735796,19.077019438100884,12.729923476217524,5.515888078993487,2.955953590372385,0.170838000656107,1.0123604045422496,0.4926589317287308,0.2736022655122002,33.6503840240772,4.42972556465179,6.602397632362454,5.6083973373462,0.6709358281210372,36.606337614449586,4.899799667442952,6.831784062416488,6.101056269074931,0.5978236526972689,10.395325880363,0.011795418487769993,2.717105083883977,0.4950155181125238,0.6385527981626834,82.51087445433978,0.574186924869764,10.398176666725703,3.929089259730466,2.3087482122483407,92.90620033470279,1.455729918949464,12.137758918283271,4.42410477784299,2.5166398518699222,11.009843424868363,0.01618193525352929,1.698392442226539,0.3796497732713229,0.47503266307528835,97.0105511293541,1.4794155237659652,6.134617585653416,3.34519141825359,1.3132769121379593,108.02039455422245,1.5645901077918354,6.305455586309523,3.724841191524912,1.3930359395848113,9.190782155981646,0.015893040305768213,2.9121733691923364,0.48372537663061294,0.698063033713402,87.02696181068882,2.1214357820363148,8.143967072300484,4.580366411088885,1.8808736497206289,96.21774396667047,2.5361804141950284,8.187530024927685,5.064091787719498,2.089928890979229,12.11723817329377,0.014565726477625995,1.698392442226539,0.3462068049512506,0.4181019051440687,113.6874837367061,0.574186924869764,6.134617585653416,3.2482138210487457,1.3953914312385862,125.80472190999988,1.455729918949464,6.305455586309523,3.5944206259999967,1.3880005538574363
c<A>r<268>R<LYS>,86.08899066390745,1.355186083330414,4.445610497776329,1.9130886814201655,0.7120702051320172,43.969424680523275,2.6315166307434086,5.600956451633613,3.9972204255021158,0.9700879315625301,55.35767230889316,3.079354006382133,4.806285882652046,3.9541194506352255,0.5018507028684144,95.82514693862213,1.2918401348489348,3.815949023619127,1.6811429287477566,0.5344111704855029,105.19095297799988,1.184107463741127,3.6013577386334514,1.7531825496333313,0.5859323396028703,76.84902837158451,2.199208014461329,4.806285882652046,2.955731860445558,0.7300664040971224,115.77128829179932,1.184107463741127,3.2492325764098435,1.6079345596083239,0.47320174790702774,18.938231873662467,0.011421229531313415,2.634894762617842,0.5260619964906241,0.6429502569989063,176.12979967019902,1.4794155237659652,10.398176666725703,4.892494435283306,1.9229238661498511,195.0680315438615,1.5645901077918354,11.706192558371736,5.418556431773931,2.0373642356799575,9.5687241548235,0.11022752582788797,2.8723128633921746,0.797393679568625,0.7669102035958606,123.38505728833451,5.1536372769362515,16.613801588104252,10.28208810736121,2.6873146621028052,132.953781443158,5.86108540735796,16.72402911393214,11.079481786929833,2.767088462600987,19.161896003137514,0.010176559974802046,3.635745340337653,1.0085208422703955,1.0450554549717133,157.0866321742334,5.483925658135377,14.241612938255457,8.267717482854389,2.631293602324523,176.2485281773709,6.05055984236469,14.266550115181396,9.276238325124785,2.9523523195620904,19.287646968920374,0.011019071095699218,2.3370274022621755,0.4383556129300085,0.5073373813178623,207.2220902984306,0.574186924869764,10.398176666725703,4.709592961327968,2.086269718415645,226.50973726735094,1.455729918949464,10.526363869516999,5.147948574257976,1.9901510866470689,26.304795203714203,0.01022161997615978,2.38488246770184,0.49631689063611706,0.6253380752089495,204.27194846869975,1.4794155237659652,9.851860667289884,3.854187706956599,1.6132528646874034,230.57674367241398,1.5645901077918354,9.873222952016516,4.350504597592717,1.6808038435280825,28.665263861046462,0.01302000048474028,5.903857330090958,0.6991527770986942,1.0981660441749375,248.58316619437738,2.370605274155423,11.106400376755175,6.0630040535214,2.3091951260920296,277.24843005542385,2.5361804141950284,11.594286412334203,6.762156830620094,2.532347437148821,28.807881859726884,0.015060117522795125,3.4616328484844816,0.4646432558020465,0.6356774254464768,228.7687660169707,0.574186924869764,8.226610308303862,3.6898188067253335,1.5476536396528566,257.57664787669756,1.455729918949464,8.334201140090034,4.15446206252738,1.5315369355187374
c<A>r<269>R<PRO>,109.32682822360636,1.355186083330414,3.8064567893134726,1.763335939090425,0.4907101816500296,62.35618969650771,2.6315166307434086,5.600956451633613,3.668011158618101,0.6980181782590744,69.1456540926597,2.8169490147894334,4.889356055353103,3.8414252273699834,0.5844190585964054,121.99689758759219,1.2911250700704267,3.109907154191489,1.5249612198449023,0.28259347965237447,136.97609280971724,1.184107463741127,3.6013577386334514,1.69106287419404,0.5080440436003667,96.28651303035326,2.199208014461329,4.580726215114488,2.6746253619542575,0.48443375401714944,149.35043942892636,1.184107463741127,3.109907154191489,1.5085902972618825,0.3295288725438402,30.608848304672243,0.011421229531313415,4.293262393210341,0.5886316981667739,0.8058197526215298,247.07995095642985,1.4794155237659652,10.398176666725703,4.751537518392881,1.7211867621122825,277.68879926110213,1.5748704677187235,11.706192558371736,5.340169216559657,1.8369209049171389,24.877320607439678,0.020737906011024876,6.227479264075406,1.1307873003381672,1.6105942648705582,209.70333558691607,5.1536372769362515,17.795499116630708,9.531969799405276,3.2226167598535387,234.58065619435573,5.86108540735796,17.960314138427883,10.662757099743443,3.0558051711685548,35.42449086727137,0.010990580635102276,6.8195132430634295,1.1427255118474637,1.5269751396344946,264.1427999683464,5.483925658135377,14.241612938255457,8.520735482849885,2.507969370842134,299.5672908356178,6.05055984236469,14.266550115181396,9.663460994697349,2.5866472677416454,29.626199413039124,0.010151352980311223,3.6616820800269423,0.47784192601676007,0.6497979661381789,278.79275593570617,0.574186924869764,10.398176666725703,4.496657353801712,1.7871634054290473,308.4189553487453,1.4955820631372756,10.526363869516999,4.974499279818473,1.7655552781552406,42.537155113510586,0.01022161997615978,5.265905453461361,0.5317144389188824,0.8405317395123112,325.1634569478721,1.4794155237659652,11.140186924927548,4.064543211848401,1.7070231510496872,367.7006120613827,1.5748704677187235,11.298222565143874,4.596257650767283,1.7206537247595541,40.01278100251064,0.010459061757877919,8.41250086007274,0.7275051091365572,1.4049710982658532,315.73849821315605,2.125519100582153,11.140186924927548,5.740699967511929,2.546978362923138,355.7512792156668,2.5361804141950284,11.594286412334203,6.468205076648487,2.699024852920776,43.41306939567845,0.010151352980311223,4.261064694315785,0.5168222547104577,0.7830134133841377,315.7140133540348,0.574186924869764,11.140186924927548,3.758500158976605,1.5709905520732224,359.1270827497133,1.4955820631372756,11.262321703088727,4.2753224136870625,1.5380198017629352
c<A>r<270>R<LEU>,98.29182544418525,1.355186083330414,3.9353690687252545,1.8545627442299104,0.6851114102560376,35.85136823507646,3.223069369628791,4.254279778963792,3.5851368235076455,0.2792264809415604,43.6286537821811,3.079354006382133,6.96281820120247,4.3628653782181095,1.008825367600265,104.9948810064213,1.2911250700704267,3.9353690687252545,1.6405450157253327,0.5990416864668523,112.30537871813024,1.184107463741127,3.918856618755568,1.754771542470785,0.6166271453795599,59.458681490178854,2.199208014461329,6.718586547006844,2.831365785246612,0.9574922750666991,118.5618367972125,1.184107463741127,3.918856618755568,1.5808244906295,0.5145002497383513,33.59375750380147,0.013967271634935052,4.371317296957784,0.7147607979532228,0.9307934334937601,222.64864711685095,1.2136279408496193,8.478433419129033,4.737205257805339,1.4039514698478617,256.2424046206524,1.3307180710329582,8.615082710882453,5.451966055758562,1.5045496859961247,7.578364705524379,0.028141738278129935,2.0271916949563042,0.6315303921270315,0.6682290036226898,91.97517763374577,6.14098417248556,9.987590921633966,7.664598136145481,1.1616149577557484,99.55354233927014,6.6105681647259775,10.605677223657674,8.296128528272511,1.0235568550811356,11.77097784056675,0.04670379080022613,2.854693071696637,0.7356861150354219,0.7127348312997478,134.79265311207928,5.466410174412204,15.451541605007378,8.424540819504955,3.3188158931408713,146.56363095264604,6.009481347341816,15.498245395807604,9.160226934540377,3.32611776167195,33.2474505039573,0.013967271634935052,4.0904604324115965,0.6519107941952412,0.8567776051080406,225.11451820547052,0.574186924869764,7.886111399429865,4.4140101608915785,1.2383737732682953,258.36196870942786,1.3032318475938331,8.100266964957806,5.0659209550868205,1.3276966825503107,35.40494120639556,0.010352295912388954,4.676073182655788,0.6322310929713494,0.9327723963556165,218.27666179111134,1.2136279408496193,6.923728136804641,3.897797531984131,1.2104787347585961,253.6816029975069,1.3307180710329582,7.249705891442151,4.53002862495548,1.3738476583812833,11.809800445344365,0.01302000048474028,2.3457147109011167,0.4217785873337273,0.6368548422158559,170.68900070001087,2.1249654832765827,14.16413225783549,6.096035739286102,3.578198593759874,182.4988011453552,2.5361804141950284,14.189380206951768,6.5178143266198285,3.429901786453241,34.96570932244512,0.013967271634935052,3.6830947414655313,0.6028570572835366,0.8017937968594526,219.04427568423432,0.574186924869764,6.923728136804641,3.776625442831626,1.1946101186354696,254.00998500667941,1.3032318475938331,7.201480301448218,4.379482500115162,1.2937362726487545
c<A>r<271>R<THR>,80.65275758248059,1.3610642556211485,3.7538828106058384,1.8756455251739672,0.6542752637300281,45.20072164018242,2.1405486694811278,4.992720969651961,3.4769785877063404,0.7019580032755572,53.35829074971813,3.079354006382133,6.96281820120247,4.104483903824471,0.9547441649947909,90.52399405265774,1.2710159161141246,3.7538828106058384,1.5881402465378551,0.4840008695050788,103.05089799451633,1.184107463741127,3.7205042641618604,1.8079104911318655,0.6716393533005659,74.92118691459602,2.1405486694811278,6.718586547006844,2.7748587746146676,0.9450003327307746,111.26187248626987,1.184107463741127,3.667756248418548,1.5670686265671812,0.47458761367236657,26.149032130798584,0.013967271634935052,4.490408057887109,0.6081170262976415,0.8956894644455268,211.11452457979567,1.2136279408496193,8.478433419129033,4.909640106506876,1.3376381798588657,237.26355671059423,1.3307180710329582,8.615082710882453,5.517757132804517,1.3702225451064856,12.142032032614347,0.015497327829153917,3.6434517580168126,0.7142371783890793,0.9158754941578066,127.62729432830906,4.43064178363079,15.866451790481733,7.507487901665239,2.540153213667102,139.7693263609234,4.503374346490676,16.54856209668515,8.221725080054318,2.5702038036154047,15.76463026072842,0.04670379080022613,1.5769458694822944,0.7165741027603828,0.4502084221063643,168.86814614629884,5.048467993728991,15.451541605007378,7.675824824831765,2.9291770436853053,184.63277640702728,6.009481347341816,15.498245395807604,8.392398927592149,2.8765746758141946,25.21701882636349,0.013967271634935052,4.0904604324115965,0.5481960614426845,0.8235537468561834,196.55848854908436,0.4779277440875376,7.189973727463439,4.273010620632268,1.2550422104520504,221.7755073754478,1.2912076441049296,7.382176333981089,4.821206682074952,1.3106299440045541,30.75134343135631,0.010352295912388954,3.5433672085653747,0.530195576402695,0.7349926977784025,225.71393618256275,1.2136279408496193,6.90988839525653,3.89161958935453,1.129002909102485,256.46527961391905,1.3307180710329582,7.249705891442151,4.421815165757225,1.20603182881187,19.182464892751288,0.01302000048474028,2.905924232072591,0.4461038347151462,0.6676110091184994,260.3048254238861,2.056852470909689,14.16413225783549,6.053600591253165,3.587119512401685,279.48729031663737,2.5361804141950284,14.189380206951768,6.499704425968311,3.4747618135778056,30.292234175713023,0.010729421640435,3.038670507975432,0.522279899581259,0.7513069703023206,212.0884365037432,0.4779277440875376,7.189973727463439,3.6566971810990205,1.3132817938477221,242.38067067945622,1.2912076441049296,7.382176333981089,4.17897708068028,1.3373057434636482
c<A>r<272>R<LEU>,105.06768977256102,1.3422128617319051,3.686427683800142,1.9103216322283822,0.654637740477187,55.00972612521275,2.1405486694811278,7.301881631168246,3.667315075014183,1.2093785714406575,46.62505734096685,3.0470916478615546,6.96281820120247,4.238641576451531,1.0235251615338488,114.56869267488818,1.2710159161141246,3.686427683800142,1.613643558801242,0.5290856688276605,119.60681804387497,1.184107463741127,3.615970919439466,1.7851763887145518,0.6167245747032712,74.74538909496405,2.1405486694811278,6.696183318257458,2.768347744257928,0.9347337019458928,128.75792267552495,1.184107463741127,3.615970919439466,1.551300273199096,0.4630631569029389,37.270256237893946,0.01470592102476509,3.0159282303097656,0.5823477537170929,0.7956268589635721,308.33751975115774,1.2136279408496193,8.825859680366875,4.81777374611184,1.2787912529890744,345.6077759890517,1.3307180710329582,9.010129018573068,5.400121499828932,1.321578458806001,12.62169779692943,0.015497327829153917,3.6434517580168126,0.6642998840489174,1.022808183393394,170.0284945010917,1.3018607314606925,24.32314767730736,8.948868131636406,5.16506089731084,182.65019229802118,1.6859891247741459,24.545172467264827,9.613168015685325,5.082482290880352,13.195213475927503,0.013553052120933273,1.8019545968673238,0.8247008422454689,0.5786670805855223,164.01336658445848,5.048467993728991,21.008963775592974,10.250835411528655,5.531172567950689,177.20858006038597,6.009481347341816,21.265969828149505,11.075536253774123,5.57924300253561,36.40406341195266,0.010170349046694227,3.0448669155818893,0.5353538737051862,0.7820226138999188,309.338580621677,0.4779277440875376,8.825859680366875,4.549096773848191,1.3096066721953707,345.74264403362963,1.2912076441049296,9.010129018573068,5.084450647553377,1.3611490138146698,39.850844234928594,0.01055378148429753,3.8133184692571405,0.5692977747846942,0.8134800505300649,295.67219588945795,1.2136279408496193,8.93989218227398,4.223888512706542,1.3645673384232693,335.52304012438657,1.3307180710329582,9.010129018573068,4.7931862874912365,1.3831780230025468,25.025744996416815,0.013443939650198189,6.699913122618774,0.7583559089823277,1.2670506982142706,236.174899689295,1.3018607314606925,18.68976149766172,7.156815142099848,4.708696038013765,261.20064468571184,1.6859891247741459,18.812620303885318,7.915171051082177,4.819961142988657,40.185756580764476,0.010170349046694227,3.8133184692571405,0.5581355080661733,0.8510904131761265,291.07171280402395,0.4779277440875376,8.825859680366875,4.042662677833666,1.409657611139155,331.25746938478835,1.2912076441049296,9.010129018573068,4.600798185899838,1.4231913453308402
c<A>r<273>R<ARG>,102.53772701318213,1.3422128617319051,4.111862888035526,1.8643223093305843,0.6790213362347668,51.08563545772993,2.2204605643079414,7.301881631168246,3.6489739612664236,1.201377189455678,44.66647492079505,2.332535636340448,4.6853624189038,3.722206243399588,0.733381142772636,112.6773138344946,1.2710159161141246,4.111862888035526,1.6096759119213513,0.5453176180540785,117.54525959128111,1.1954102514035454,4.111862888035526,1.7286067586953104,0.6145932951715815,72.63399060700172,2.1997059538048203,6.696183318257458,2.690147800259323,0.8490885580960498,127.73693468041834,1.1954102514035454,4.111862888035526,1.5389992130170884,0.47713784946455734,36.75713345476409,0.01470592102476509,3.773302918352372,0.6563773831207873,0.9158443021821459,270.64819202666746,3.4995505355950627,7.547294335724018,4.833003429047634,0.9643342057883093,307.40532548143153,3.729879837611686,7.618954340200193,5.48938081216842,1.0486350605209755,14.662821505740817,0.015497327829153917,6.1293215862630674,1.0473443932672013,1.5918780384814772,110.53207581816332,1.3018607314606925,13.800888220321667,7.895148272725952,2.9570129470749498,125.19489732390413,1.6859891247741459,14.408990004934441,8.942492665993152,2.937718796416458,13.065389062729519,0.013553052120933273,4.88713974274307,1.306538906272952,1.4638685514536558,62.129021833063916,4.420469206543203,9.441976447067645,6.212902183306392,1.508189077254462,75.19441089579342,5.143289369818383,10.44592726572338,7.519441089579343,1.6650590653573165,36.5392990047942,0.010170349046694227,3.773302918352372,0.5990049017179377,0.9307595877997785,272.81077688017905,1.8508438630753972,7.268619443100079,4.472307817707853,1.1035344195350945,309.3500758849732,1.867079754904308,7.476587918936091,5.07131271942579,1.2490585214942633,36.82260092388841,0.010729421640435,2.831823696955693,0.5336608829549044,0.6814458510717466,288.1047952610312,1.5028353848197753,7.268619443100079,4.175431815377264,1.0771052031331017,324.92739618491953,1.5980645486880491,7.2979354224570825,4.709092698332167,1.1152240414777548,16.254606541757887,0.01009378824686813,2.1787914906132544,0.46441732976451106,0.5588297197546698,155.86918090068593,1.3018607314606925,11.897193266022441,4.4534051685910265,2.0811074896991832,172.1237874424438,1.6859891247741459,12.386615542307748,4.917822498355537,2.2501561630579734,37.16906366552775,0.010170349046694227,2.918745143636907,0.4890666271779967,0.7356961475166539,304.414378599541,1.3601806236995344,7.268619443100079,4.005452349993961,1.2932898244248168,341.58344226506875,1.5980645486880491,7.382176333981089,4.494518977171957,1.3421121327785086
c<B>r<0>R<MET>,61.622047261834744,1.4137205737812637,4.838496679282268,2.28229804673462,1.0954572300442607,39.49041667598301,2.1609034584230913,6.2363235061591125,4.387824075109224,1.356657836647187,33.114566189346235,2.1961986638087625,5.499629403372899,4.139320773668279,0.9294783128115596,72.09761099372709,1.3181821410743608,4.838496679282268,1.948584080911543,0.9512268293276676,75.01186335471837,1.2128128823785402,4.838496679282268,2.083662870964399,0.9965712811104941,56.39126074842948,2.1609034584230913,5.1695461036245725,3.1328478193571936,0.9789308027675407,84.70939174424277,1.2128128823785402,4.838496679282268,1.8415085161791906,0.8563210402937834,13.757975812496134,0.010328888516134338,4.927920631091714,0.6551417053569588,1.16243411117768,124.95779829403418,2.011297836442595,12.593404802405658,5.95037134733496,2.3782940144486218,138.71577410653032,2.0216267249587294,13.053785497548008,6.60551305269192,2.647666129374487,11.29460487732801,0.18603758124518244,5.839772581998414,1.25495609748089,1.7422315307384137,107.8810448773593,9.100203352191048,18.177995905580758,11.986782764151034,2.574221374431878,119.17564975468731,9.28624093343623,18.7697935629388,13.241738861631923,3.170493012222207,2.472121384247578,0.049621880315523725,0.6926955814441076,0.4120202307079297,0.2102250780812748,81.03457139286805,6.3451852128039405,23.693992823639064,13.505761898811341,6.921092356475987,83.50669277711563,6.716403575274328,24.149808238638656,13.917782129519273,6.829981545752227,14.454956887026274,0.010328888516134338,3.7127816708087336,0.578198275481051,0.9740866794163207,147.454167157726,2.011297836442595,15.905857654720648,5.8981666863090405,2.738317340213884,161.9091240447523,2.0216267249587294,16.171681318889775,6.476364961790092,2.7781261492513822,15.918191830105332,0.010328888516134338,4.551509832975392,0.46818211265015686,0.7976684286184841,183.43378130728874,1.8311922869987463,14.900677723865783,5.395111214920257,2.842938615366047,199.3519731373941,2.0216267249587294,14.912144460156625,5.863293327570415,2.8499577835781973,14.297565599053758,0.013522414584838494,4.226608352423156,0.5499063691943753,0.8540798002226054,190.71967445078093,2.465049915237614,16.078258868392712,7.335372094260805,3.412346913547816,205.01724004983467,2.6086155797593706,18.411954599759895,7.88527846345518,3.8027679867972286,16.423068660383993,0.010328888516134338,3.7845241643315575,0.45619635167733313,0.7147041394036706,180.00176254071283,1.8311922869987463,14.900677723865783,5.000048959464245,2.480680785799548,196.42483120109688,2.0216267249587294,14.912144460156625,5.45624531114158,2.471319574259882
c<B>r<1>R<ILE>,90.47909676082215,1.3597017982052635,4.576261619709492,1.9250871651238755,0.7039177026273945,54.8574092160723,2.1583147109419825,5.349878964823687,3.65716061440482,1.0050788191169535,44.50732787892696,2.1961986638087625,5.499629403372899,4.0461207162660875,0.9815310160371448,102.5212809203236,1.3111884485923544,3.9481066528609348,1.627321919370216,0.5330274672829438,103.38562996065647,1.2128128823785402,3.97027387762476,1.7522988128924826,0.5908518451661215,78.65025475605951,2.1583147109419825,5.1695461036245725,2.9129723983725744,0.8880182375554415,114.78695135923817,1.2128128823785402,3.046480845462566,1.5304926847898424,0.37915585840419613,26.5909250678956,0.010328888516134338,5.329298609173532,0.5426719401611347,1.0240941022659007,255.92731369989065,1.2237704284364668,12.593404802405658,5.2230064020385845,2.103319141901009,282.5182387677863,1.3431216266086006,13.053785497548008,5.7656783421997195,2.1829076793637716,17.72857469483816,0.04320432571452493,4.12782945407336,0.9330828786756925,1.208235568130879,146.02277557215385,1.3064524532776431,13.055050662791714,7.685409240639676,2.523072438842811,163.75135026699203,1.7313814214513976,13.373313683357704,8.61849211931537,2.7795172140273343,14.607868800972117,0.02904920221653029,8.816321786675566,1.6230965334413463,2.596975264045749,81.05271460195382,5.818284606166032,14.852767222803696,9.00585717799487,3.0170072653133797,95.66058340292595,6.449728899048008,15.271057374637184,10.628953711436218,3.0636417737682544,28.279021788900806,0.010328888516134338,4.672275779221691,0.5544906233117806,0.9749978572848379,235.87225735078889,0.4723142501873099,11.69745866384143,4.624946222564488,1.8618155537978331,264.1512791396897,1.3026975675619172,11.713467285984578,5.1794368458762685,1.8519849131706316,27.797417111032093,0.010328888516134338,4.551509832975392,0.5147669835376314,0.8351437916714679,245.85173860639108,1.2237704284364668,12.593404802405658,4.552809974192427,2.0798755702921152,273.6491557174231,1.3431216266086006,13.053785497548008,5.067576957730058,2.108448950120597,23.75085424138382,0.010485761697227147,3.3114192714807418,0.5792891278386297,0.736350607239177,250.2551980657924,1.3064524532776431,10.55512689250213,6.103785318677863,2.1296169553435647,274.0060523071763,1.7313814214513976,11.015571785597388,6.683074446516494,2.195327242495786,28.378969012573215,0.010328888516134338,3.7845241643315575,0.5159812547740584,0.7854887863345374,221.72564449486245,0.4723142501873099,7.732911325746934,4.031375354452044,1.5341466969450432,250.10461350743572,1.3026975675619172,8.584334849371917,4.547356609226104,1.533041510756647
c<B>r<2>R<GLN>,111.7922694354233,1.3597017982052635,4.576261619709492,1.9612678848319876,0.7468943648195056,55.92831180772115,2.1563845418408865,5.239552383410711,3.495519487982572,0.9173744633736519,56.48961223943303,3.299603949343088,5.499629403372899,4.345354787648694,0.5314783894911194,123.68946168183685,1.312143831775347,3.9481066528609348,1.6714792119167141,0.6081104595801244,129.95985212098682,1.174811845991718,3.95621620539945,1.8304204524082652,0.6410169645927001,89.28551953996488,2.1563845418408865,5.153348960573094,2.976183984665496,0.8556489070337742,140.68479955258914,1.174811845991718,3.1346553082747612,1.5986909040066948,0.471813274371684,34.505112516426415,0.010328888516134338,3.532625227091655,0.515001679349648,0.7947803683995609,332.02014177979754,1.1975159012420713,13.066963882433,4.955524504176083,2.0074273916986196,366.5252542962239,1.3206932376748783,13.083598270590196,5.47052618352573,2.0511656054803544,17.725460654622264,0.02061048645681307,3.1947879430679187,0.9329189818222244,1.0911743056645455,137.77384433739883,1.3064524532776431,13.055050662791714,7.251254965126254,2.5049629077969207,155.49930499202108,1.7313814214513976,13.18895553521699,8.184173946948478,2.677691119629444,15.110255182395848,0.02904920221653029,1.9658373599382024,1.0073503454930566,0.5012775406375397,107.3850376556677,4.708696051469033,10.850115662234444,7.159002510377847,1.7805692884985747,122.49529283806356,6.187073080787083,12.58269908086908,8.166352855870905,1.7972847735935686,34.46100974370721,0.010076820705986478,4.672275779221691,0.4534343387329896,0.7707533233735826,336.9356290633449,0.4723142501873099,13.066963882433,4.43336354030717,1.875529842454861,371.39663880705206,1.3026975675619172,13.083598270590196,4.8867978790401585,1.840434074752928,39.574418850603095,0.010328888516134338,3.482407241655814,0.45487837759313904,0.6531882153433654,363.5086468787156,1.1975159012420713,8.717609546948097,4.178260308950754,1.4236947860411042,403.0830657293186,1.3206932376748783,8.828384272783898,4.633138686543892,1.510049057053579,32.22688107341336,0.010485761697227147,4.919625636376894,0.6197477129502569,0.884448212179461,283.54717897428435,1.3064524532776431,8.774588095110644,5.452830364890084,1.7662697310946243,315.7740600476977,1.7313814214513976,11.443356311147555,6.0725780778403395,1.9946461639138888,38.820072731216484,0.010076820705986478,3.5102642415268956,0.4086323445391209,0.645183956015513,376.6085127749028,0.4723142501873099,7.732911325746934,3.964300134472661,1.404776800879808,415.4285855061192,1.3026975675619172,7.800172504792577,4.372932479011781,1.3723124285161423
c<B>r<3>R<ARG>,134.06876832346816,1.3597017982052635,4.463561451389458,1.9715995341686494,0.7846854563945458,75.55854643803441,2.1563845418408865,5.239552383410711,3.5980260208587813,0.8276897143642314,76.230455238206,2.1932212703672067,5.759810748346652,3.8115227619103003,0.7668640677304881,150.12872139583132,1.312143831775347,3.8086655546824533,1.6680969043981257,0.6203000005386728,157.80050727192378,1.174811845991718,3.8629138807885477,1.7730394075497053,0.6305645818055837,114.35760734244153,2.1563845418408865,5.0104258458372986,2.722800174820036,0.5676307403106029,172.95596892593898,1.174811845991718,3.3867546937082995,1.5581618822156664,0.44416908601337146,47.7550403340698,0.010328888516134338,3.532625227091655,0.524780663011756,0.7441836021693008,425.7396708954046,1.1975159012420713,8.657517368091316,4.678457921927523,1.3889722489724416,473.49471122947426,1.3206932376748783,9.377867118549666,5.203238584939277,1.4942554072119236,28.99749739888657,0.02061048645681307,3.0710579197400403,0.9665832466295523,1.0823671623973787,240.21485806417127,1.3064524532776431,15.702595317351186,8.007161935472375,3.1004366910831322,269.21235546305786,1.7313814214513976,15.926672555532452,8.97374518210193,3.06849713161198,26.713736236705,0.030382729391019048,3.27157288649866,0.95406200845375,0.7550627952600144,202.53012267300033,2.7946332258447057,17.282719484870995,7.233218666892869,3.4213418098438324,229.24385890970532,2.8311549087639287,17.321953791130248,8.187280675346619,3.537209322420606,49.57087919592047,0.010076820705986478,4.672275779221691,0.49080078411802447,0.7738176642724541,427.3759202240298,0.4747176280927796,7.743788055763137,4.2314447546933645,1.2490659728396867,476.94679941995014,1.3050651229737462,7.923429645531585,4.7222455388113875,1.2807677743618537,55.49850912278118,0.010328888516134338,2.616533618339174,0.4911372488741697,0.6163698376344452,441.5497174997493,1.1975159012420713,8.717609546948097,3.9075196238915866,1.2753544050585506,497.0482266225305,1.3206932376748783,8.828384272783898,4.3986568727657565,1.3064821437043699,44.01109231938089,0.010485761697227147,4.919625636376894,0.6378419176721869,0.920717261749644,333.70891781435114,1.3064524532776431,11.353177892894067,4.83636112774422,1.8543082545918967,377.72001013373205,1.7313814214513976,11.443356311147555,5.474203045416407,2.051368369507524,54.862766119783984,0.010076820705986478,3.2153126690838505,0.4319902844077479,0.6509811490235192,465.1166826659103,0.4747176280927796,6.639251377359948,3.6623360839835453,1.1989689261111915,519.9794487856943,1.3050651229737462,7.103186208333737,4.094326368391294,1.1550145501566473
c<B>r<4>R<THR>,119.36206059476467,1.3604458422366508,4.009629340325247,1.9251945257220109,0.7210542025841571,54.19577676983589,2.1563845418408865,6.579685667190103,3.6130517846557257,0.9766191524671723,61.70225894097781,2.1932212703672067,4.607375410677064,3.62954464358693,0.6084975903157236,129.84169433423065,1.3014063144192813,4.009629340325247,1.664637106849111,0.6329480088011582,140.6614565403385,1.174811845991718,4.009629340325247,1.7582682067542312,0.6056776459746114,88.48149778832074,2.1563845418408865,4.227895625366496,2.681257508736992,0.4472382326594345,150.39618228702116,1.174811845991718,4.009629340325247,1.566626898823137,0.47826608891801303,41.53991771764368,0.01270598204921125,2.5604118061585375,0.5538655695685825,0.619820877580489,349.44918355805066,1.1975159012420713,9.436672708426606,4.659322447440675,1.3038609961262984,390.9891012756944,1.3206932376748783,10.63363076849312,5.213188017009259,1.4351247644470724,12.524360499628322,0.02061048645681307,2.9402029679267265,0.7367270882134307,0.9081727862352068,124.75395312355339,2.899737414371973,13.818319798330354,7.338467830797258,2.463952303157041,137.2783136231817,3.4476989288108677,14.144618387400241,8.075194919010688,2.55740455436325,14.25462076588985,0.026539420828665783,2.2325517585914625,0.750243198204729,0.642403701578219,112.64340439577654,2.7946332258447057,18.311670715317874,5.92860023135666,3.050278826588559,126.89802516166641,2.8311549087639287,18.416067013493183,6.67884342956139,2.906716902195398,38.01270362875155,0.010076820705986478,2.1936052962624695,0.4369276279166845,0.5361105908644197,372.9423202519151,0.4747176280927796,9.436672708426606,4.286693336228909,1.3120087540160452,410.9550238806665,1.3050651229737462,10.63363076849312,4.723620964145592,1.4301725809126151,46.421057324758465,0.01124080075672218,2.4026817513583794,0.44210530785484253,0.5714446124421968,416.5517440128312,1.1975159012420713,9.436672708426606,3.9671594667888685,1.2812724720062787,462.9728013375896,1.3206932376748783,10.14010283370224,4.40926477464371,1.2615156680154964,23.653767155310735,0.010562584933913932,3.217803194482814,0.5256392701180164,0.692028262256272,180.19934769595878,2.1232891091997317,7.668242344831761,4.004429948799084,1.3607573530479276,203.8531148512695,2.5374593649892034,7.711446670546286,4.530069218917101,1.4354686852165626,42.44639029520854,0.010076820705986478,3.2153126690838505,0.3789856276357905,0.5535486211319607,412.609091150875,0.4747176280927796,9.436672708426606,3.6840097424185267,1.3183257640761012,455.0554814460835,1.3050651229737462,10.14010283370224,4.062995370054317,1.2873709379819693
c<B>r<5>R<PRO>,123.34178839473019,1.328828488152599,4.284264653931243,1.9272154436676592,0.7833601715036705,42.59152589854633,2.1563845418408865,4.534806762939849,3.549293824878861,0.5755816368211044,53.799368125236875,2.1932212703672067,4.216238488449902,3.5866245416824585,0.5416075150440947,130.74173337348,1.3065414718522035,4.284264653931243,1.6979445892659741,0.7035383445600137,141.2206621710801,1.174811845991718,3.8473243765028347,1.7652582771385013,0.6359310498530373,73.37887040983846,2.1563845418408865,3.51306972471607,2.620673943208516,0.35474256193411274,147.8728061881708,1.174811845991718,3.8473243765028347,1.5900301740663527,0.5240837457711187,44.91313221866339,0.01270598204921125,2.702531518353749,0.49903480242959325,0.6264061629691929,417.5295333765083,0.4878680919533167,8.825053541506819,4.639217037516759,1.2521834250581592,462.4426655951717,1.3206932376748783,10.342310177197572,5.138251839946353,1.3456299829488574,10.276309664805506,0.02061048645681307,3.679796811777422,0.7904853588311928,1.1511187064893096,92.75681538082277,4.535303275594799,9.706861735195218,7.135139644678675,1.3326592747485642,103.0331250456283,6.529601021343918,9.921701180560644,7.925625003509869,0.9480843172729816,16.448727851139473,0.033047221232098245,2.7445118472762413,0.8224363925569736,0.7442375976862451,110.30089373281746,4.066515679348505,7.264546153888716,5.515044686640873,0.9154344079921047,126.74962158395692,4.843744317488527,7.515723964235148,6.337481079197846,0.7175078208469791,45.17660512210634,0.010076820705986478,2.465142784386055,0.47554321181164566,0.5917363837996057,420.4131561955031,0.4747176280927796,8.825053541506819,4.425401644163191,1.2073137691162061,465.58976131760943,1.3050651229737462,10.342310177197572,4.900944855974836,1.2876960586582877,51.68196193455768,0.01180796452415489,2.585945636590246,0.43430220113073675,0.568049730139123,480.41873101550726,0.4878680919533167,8.825053541506819,4.037132193407624,1.1932110372542932,532.1006929500649,1.3206932376748783,9.07268614473906,4.471434394538361,1.1724597741296021,16.226695760203977,0.011736131794402915,3.217803194482814,0.4636198788629708,0.6357033096353643,132.76548562757338,2.16622663731496,6.381180164611458,3.7932995893592394,0.9957231247966591,148.9921813877774,2.887084996986145,6.509791838932796,4.256919468222212,0.9320693149128596,48.61397599388373,0.010076820705986478,3.2153126690838505,0.4085208066712918,0.5534920194810184,453.5814196364814,0.4747176280927796,8.825053541506819,3.8116085683737935,1.236348579084477,502.19539563036517,1.3050651229737462,9.07268614473906,4.220129375045086,1.2238656528208047
c<B>r<6>R<LYS>,86.0176584095276,1.3882021767524304,3.964055310368731,1.8699490958592957,0.6882650857589517,38.29612437684835,2.809683599239685,5.340202269456963,3.8296124376848346,0.6697027881557989,42.60998304726657,3.278067094085723,4.807991443195601,3.873634822478779,0.4472796081158608,92.34803469909104,1.3065171542003557,3.837592518788866,1.6201409596331762,0.5612551553481282,101.07763999601461,1.1999849200046249,3.837592518788866,1.7427179309657692,0.5847662275972844,61.57250557640051,2.1864207320923486,5.340202269456963,2.7987502534727504,0.6743358308748306,107.45733070347914,1.1999849200046249,3.837592518788866,1.557352618891002,0.4605401046361567,23.520938206436078,0.013991139312521383,2.6995134115798463,0.5736814196691726,0.7358184796313899,203.44927497471446,1.5054369780592718,9.436672708426606,4.96217743840767,1.5453316781769864,226.97021318115057,1.5930479989367423,10.63363076849312,5.5358588580768435,1.7572829732120143,8.49907336878199,0.10782671512269282,3.903249117595543,0.9443414854202212,1.2084649773157203,72.92186932137714,6.107171227726724,14.263914709198062,8.10242992459746,2.422617019621182,81.42094269015915,6.529601021343918,18.167163826793605,9.046771410017683,3.3598069753115074,9.868248691829717,0.033047221232098245,2.2325517585914625,0.7590960532176705,0.6451813826385878,72.64973749085007,4.066515679348505,7.264546153888716,5.588441345450006,0.981007689660225,82.51798618267979,4.843744317488527,7.515723964235148,6.347537398667677,0.7292907468683816,23.897774085587216,0.013991139312521383,2.6995134115798463,0.5310616463463825,0.7228327084758867,226.57758190463989,0.5857339412013154,14.263914709198062,5.035057375658664,2.015334955767962,250.47535599022717,1.4745649233700764,14.581930058057829,5.566119022005048,2.143890238748615,25.251108951871576,0.01180796452415489,2.8600274962985166,0.3884785992595627,0.570194268909059,270.3295302314108,1.5054369780592718,9.436672708426606,4.158915849714012,1.4354164736496244,295.5806391832824,1.5930479989367423,10.14010283370224,4.547394448973575,1.4507206289782149,11.715632941363413,0.011736131794402915,2.4440902149292727,0.5578872829220674,0.7067016476314112,78.93626851782531,2.2044285559387617,10.689187283588481,3.758869929420253,1.7278892317520917,90.65190145918875,2.887084996986145,12.158125105017572,4.3167572123423215,1.9265727061299325,25.27773001220888,0.010230321126055486,2.8600274962985166,0.4012338097176013,0.5759736040952296,247.18432584078926,0.5857339412013154,9.436672708426606,3.9235607276315756,1.473487851223052,272.46205585299816,1.4745649233700764,10.14010283370224,4.324794537349177,1.5039368074677641
c<B>r<7>R<ILE>,100.40923219441973,1.3830785109935537,4.114698496187676,1.8945138149890515,0.7492411657052813,30.585328001218127,3.3836319334910616,5.340202269456963,3.823166000152266,0.6289502602875516,37.732339445532595,3.391344022718163,5.723500225777811,4.192482160614733,0.6980076005065211,105.45473232843958,1.3065171542003557,4.114698496187676,1.700882779490961,0.6904346929892248,112.16123555729982,1.2032482110855747,4.114698496187676,1.7803370723380925,0.6948828997808393,48.548652958917486,2.1864207320923486,5.2579144750296525,2.697147386606527,0.6846484289373458,116.97761465838731,1.2032482110855747,4.114698496187676,1.6246890924776016,0.619910921552234,29.877713181519347,0.013991139312521383,3.05070701204224,0.5432311487548972,0.7934271188082402,293.0829324413568,1.5054369780592718,8.787739158080146,5.32878058984285,1.3274635821339482,322.9606456228762,1.5930479989367423,8.811232358891008,5.872011738597749,1.2249670221844005,4.27634319063779,0.10782671512269282,3.4854857213777066,0.8552686381275579,1.3167149845855493,32.919278826288505,4.948614444099462,8.202710322638566,6.5838557652577006,1.0351134172755232,37.19562201692629,6.683740777189088,8.434100165477169,7.439124403385259,0.8136925617411426,7.678455882993029,0.021079384705473103,1.5761396274362927,0.6398713235827524,0.5094913828470137,86.94015252185453,4.47679059552992,17.92768739311325,7.245012710154544,3.4864563060605294,94.61860840484756,4.843744317488527,17.948766777818722,7.884884033737297,3.3337003425704794,30.489576655817608,0.013991139312521383,2.667229779280964,0.5978348363885806,0.7420990781487239,253.48590724934013,0.5857339412013154,7.622787248516261,4.9703119068498065,1.1634358878007833,283.9754839051576,1.4745649233700764,7.783546285409264,5.568146743238384,1.0564508126707843,30.98271198874423,0.012831055177752404,2.667229779280964,0.4490248114310758,0.6350282746866034,313.4421819250161,1.5054369780592718,7.622787248516261,4.542640317753857,1.3529301667002607,344.42489391376034,1.5930479989367423,7.783546285409264,4.991665129184932,1.3517865220292178,9.209971997284406,0.011736131794402915,2.513260918893505,0.6139981331522937,0.7366949421657274,61.48122439843859,2.1352578519745293,10.689187283588481,4.09874829322924,2.3286145165643393,70.69119639572301,2.940304391021891,12.158125105017572,4.712746426381534,2.481825028774016,31.091549795492693,0.010230321126055486,2.667229779280964,0.526975420262588,0.6942734745844086,258.93384936674477,0.5857339412013154,7.622787248516261,4.388709311300759,1.4690212944105916,290.0253991622375,1.4745649233700764,7.783546285409264,4.915684731563347,1.4392126372498315
c<B>r<8>R<GLN>,101.0375362042407,1.345790907123116,4.1824866958922176,1.8370461128043762,0.6908076672201334,39.7839262430419,2.296844043815185,5.340202269456963,3.6167205675492635,0.907085306843308,61.49074921959108,3.3200261450151807,5.452027443443825,4.392196372827934,0.6750099074249339,108.8768437443914,1.296841062879579,4.175409396849454,1.6250275185730059,0.6039198280663783,129.9100476105116,1.2032482110855747,3.9201026214689225,1.8558578230073088,0.764063861249686,75.85146183715416,2.1864207320923486,5.144713721704998,2.9173639168136214,0.8215198592693531,134.41420479563743,1.2032482110855747,3.7502627396449673,1.639197619458993,0.5945163110983909,27.088379499966045,0.011003070533581294,2.7844964700570474,0.40430417164128424,0.6864453694441951,349.93828413893164,0.5011710995112857,12.95779431561671,5.222959464760174,2.0203401622264883,377.02666363889773,1.8921896000833913,12.99344488984906,5.627263636401459,1.9110931525891148,8.9382043994323,0.04391503775135597,3.5901034675207946,0.7448503666193583,1.009027186463226,94.33480143355621,1.3433378299237262,17.198177192110123,7.861233452796351,3.4064539599217296,103.2730058329885,1.7727963561399978,17.318634328908182,8.606083819415709,3.47497947078435,18.455539836600217,0.021079384705473103,2.5305393025999585,0.8388881743909189,0.6689502399471646,222.4785934864552,5.668044850324634,17.92768739311325,10.112663340293418,3.9826709763480617,240.9341333230554,6.423078707172753,18.3210047663518,10.951551514684336,3.9405718324463717,29.189404713520855,0.011003070533581294,2.39224674345844,0.45608444864876335,0.6610148346218478,290.57038463281873,0.5011710995112857,7.537162772816728,4.540162259887793,1.2482550675619013,319.75978934633963,1.8921896000833913,7.783546285409264,4.996246708536557,1.2285032562368992,41.494904725315784,0.010898072245461243,3.0162007560434203,0.4824988921548347,0.6633606508476821,366.0353829467193,0.5011710995112857,7.537162772816728,4.256225383101388,1.310205883172038,407.5302876720351,1.8921896000833913,7.783546285409264,4.738724275256223,1.280075952979135,20.34519822276217,0.010580116545734874,4.792498677837543,0.6781732740920724,0.9867262454115356,171.11809148989158,1.3433378299237262,10.689187283588481,5.703936382996386,2.917909190750912,191.46328971265376,1.7727963561399978,12.158125105017572,6.382109657088459,3.054579474068426,38.18624547650469,0.010898072245461243,3.0218031025235383,0.48337019590512265,0.6457140528065033,313.6278532068183,0.5011710995112857,7.537162772816728,3.9699728254027633,1.2930083986945482,351.8140986833229,1.8921896000833913,7.783546285409264,4.4533430213078855,1.30836002303121
c<B>r<9>R<VAL>,120.33741625906094,1.337013720303619,4.05772549170529,1.8802721290478273,0.691273694704214,70.54691365648722,2.296844043815185,5.340202269456963,3.7129954556045903,0.7260157121912588,79.20560981016902,2.3540675260246466,5.452027443443825,4.16871630579837,0.7079767405011118,134.3314317404314,1.296841062879579,3.6987175640760426,1.599183711195612,0.5387796539588092,147.39783788466428,1.1833976587227883,3.6988892509771785,1.7547361652936224,0.6426688110709158,107.51148323610389,2.2206708826617665,4.435625677190918,2.756704698361638,0.5702752482684372,159.30727100906722,1.1833976587227883,3.6789774049603436,1.5318006827794926,0.44213381800053325,44.34804227656265,0.011003070533581294,3.185709970806027,0.5543505284570331,0.8071899579177533,402.6157861143895,0.5011710995112857,8.787739158080146,5.032697326429869,1.474976366096868,446.9638283909522,1.337740535369528,11.493087713117514,5.587047854886903,1.5163701566692833,21.625259727715644,0.022779356130337547,4.352445285915497,0.772330704561273,1.0615288573385702,284.2461149384485,1.3433378299237262,20.50008110453416,10.151646962087446,4.87218756950401,305.8713746661642,1.7727963561399978,20.705558710585954,10.923977666648721,4.7049910999361675,29.616254330547626,0.014505647834727853,3.0479234555862824,0.8461786951585036,0.7688453943645591,349.53859258764794,5.278136203271885,21.236330999153154,9.986816931075655,4.723694481791401,379.15484691819563,6.423078707172753,21.31702510544774,10.83299562623416,4.453076706609982,44.540199173235614,0.011003070533581294,2.8297333538582254,0.517909292712042,0.7280062436329513,392.5486566646203,0.5011710995112857,10.820472015233598,4.564519263542096,1.4611845405148296,437.08885583785593,1.337740535369528,11.01385395805907,5.082428556254139,1.5529712724585403,51.483174529362536,0.010416928735994091,2.8495085124319335,0.5097344012808172,0.663677169254391,428.96189630985845,0.5011710995112857,9.47065311167528,4.24714748821642,1.3580864820450418,480.445070839221,1.337740535369528,9.577917130620516,4.756881889497238,1.3636435295978289,37.184647906880976,0.010580116545734874,5.577678916627995,0.6886045908681662,1.028963921453413,327.14699384451643,1.3433378299237262,18.291205697359203,6.058277663787341,3.800582278464332,364.33164175139734,1.7727963561399978,18.320937355410642,6.746882254655507,3.796257267279562,50.72748618836175,0.010416928735994091,3.0218031025235383,0.5022523384986312,0.7052183685393204,404.23738978446016,0.5011710995112857,8.260708964142335,4.002350393905546,1.4343470061530104,454.9648759728219,1.337740535369528,8.276519346562614,4.5046027324041775,1.4316736060134387
c<B>r<10>R<TYR>,123.21894659281196,1.337013720303619,4.318250024754818,1.8956761014278762,0.7577341800441486,69.51151774769114,2.296844043815185,5.237117801781104,3.6585009340890076,0.7593286859444086,78.25138616354718,2.3540675260246466,5.127547016888486,3.912569308177359,0.7782157168293797,137.2479798640172,1.296841062879579,3.820599847903684,1.614682116047261,0.5787102469999699,150.25708990448118,1.1529165250102749,3.7849647402878683,1.747175464005595,0.6550754474665504,107.43415272120787,2.1975846635291183,3.8112072521581735,2.6858538180301967,0.4207325289912465,163.7024051646328,1.1529165250102749,3.637824088873638,1.5443623128738944,0.4752287244919296,40.966626098271476,0.010065394385443405,6.040941333261397,0.5462216813102864,0.889246349286307,369.88503991632206,0.5011710995112857,16.927545442235104,4.931800532217627,2.098097116496183,410.85166601459355,1.337740535369528,16.93973435046773,5.478022213527914,2.155971128469929,23.67799205953327,0.017431117929547213,5.62897136629136,0.9471196823813308,1.3469440942509114,197.4442433532932,1.3433378299237262,17.198177192110123,7.897769734131727,3.1171169776608565,221.12223541282646,1.7727963561399978,17.318634328908182,8.844889416513059,3.1641302689376714,35.39544324251972,0.030241935022033317,5.096698362590741,1.1061076013287412,1.2072964952886653,236.8325585364899,4.944191323348051,12.46221036982526,7.401017454265309,1.8477602037049015,272.2280017790096,5.687056371880459,13.802271272190847,8.50712505559405,2.161931234132268,43.6866006290595,0.010065394385443405,7.525825267030786,0.49643864351203976,0.9772490566366118,373.44786685927676,0.5011710995112857,10.820472015233598,4.243725759764509,1.322215271396753,417.1344674883362,1.337740535369528,10.94595317173194,4.740164403276548,1.4770906469054712,45.11697152898895,0.010065394385443405,3.3114494573266544,0.4380288497960092,0.6429759733147221,439.8962865248451,0.5011710995112857,9.255483618144044,4.270837733250923,1.4772517384743762,485.013258053834,1.337740535369528,9.665364905930907,4.708866583046932,1.4641501283714489,39.194777566250416,0.010580116545734874,5.04136492906054,0.5938602661553093,0.9147688156855853,333.28339574265954,1.3433378299237262,9.82116698057844,5.0497484203433265,2.085543292051106,372.47817330890996,1.7727963561399978,9.851466267545334,5.643608686498636,2.136917646839709,47.970641015495985,0.010065394385443405,4.348074394769627,0.42830929478121416,0.7291728485249463,433.3136832803025,0.5011710995112857,8.260708964142335,3.868872172145558,1.3676315688907907,481.28432429579857,1.337740535369528,8.276519346562614,4.297181466926773,1.3217394571235364
c<B>r<11>R<SER>,131.1937015435887,1.337013720303619,4.285567641802561,1.9013579933853435,0.8031926672539542,66.92717727201828,2.296844043815185,5.237117801781104,3.718176515112127,0.7880189530448322,74.3824405243917,2.693486358628925,5.405750446726951,3.914865290757458,0.6610644697401874,144.74609200968558,1.296841062879579,3.9645254450558505,1.644841954655518,0.6400609105643743,157.0907767082953,1.1529165250102749,3.8218315438106587,1.7650649068347786,0.6975376721113343,104.38144517015702,2.1919878044424452,4.192933852297435,2.7468801360567636,0.5161713241499205,169.64110894241315,1.1529165250102749,3.8218315438106587,1.5707510087260477,0.5304329592076408,53.68098225877493,0.010086610637151772,5.022729863947379,0.6882177212663453,0.9952348019456881,381.6819166959382,0.5011710995112857,12.769512942315174,4.893357906358182,1.8624075960822142,435.36289895471316,1.337740535369528,12.834381510892715,5.581575627624527,1.9289371420305244,25.1849407054101,0.017431117929547213,3.7549491197573417,0.9327755816818555,0.9128055663702315,194.51533354075298,1.3433378299237262,12.805616109235785,7.204271612620481,2.584977951803253,219.70027424616308,1.7727963561399978,13.550208110402753,8.137047194302337,2.546318046979831,33.384369951970804,0.010907693821488706,4.75653374560121,1.0432615609990876,1.1228379324300086,224.1737048238808,4.288123583223367,11.634401020275163,7.005428275746275,1.710511656443535,257.5580747758516,5.687056371880459,11.749632252840083,8.048689836745362,1.911993849056327,53.86239233619776,0.010086610637151772,4.077418276838557,0.5280626699627231,0.8346949499493282,439.36357567099776,0.5011710995112857,10.820472015233598,4.307486035990174,1.4757081883145557,493.2259680071955,1.337740535369528,11.147163100595401,4.835548705952897,1.5656327246106654,59.617864572213506,0.011156801282977469,3.148294898540044,0.5571763044132103,0.7289560627908752,447.0620653969763,0.5011710995112857,9.301445033234671,4.178150143896975,1.6058722373451837,506.67992996918986,1.337740535369528,9.90003593698427,4.735326448310186,1.6112212506675294,38.03171941181678,0.011903363416410517,3.8383866084224163,0.6134148292228513,0.8059565813119928,319.0001747270216,1.3433378299237262,9.82116698057844,5.1451641085003486,2.1984216075489993,357.03189413883837,1.7727963561399978,9.851466267545334,5.7585789377231995,2.2610707228789244,58.01464183950983,0.011198592933787666,3.0709710957370993,0.4678600148347567,0.6788116549601854,475.4261009962574,0.5011710995112857,8.260708964142335,3.834081459647237,1.4045298754924247,533.4407428357672,1.337740535369528,8.276519346562614,4.3019414744819935,1.3817147262147513
c<B>r<12>R<ARG>,115.1085339297508,1.3376830698835813,4.045572408677856,1.9184755654958467,0.7449788795280294,72.89743734940092,2.1327254129328916,5.237117801781104,3.471306540447663,0.8572436905002002,58.09993855365725,2.222582986835358,4.952101541265525,3.6312461596035783,0.7119695710886683,130.61970042792908,1.2970253022212002,3.748221658593833,1.5929231759503546,0.5616767688031188,134.10951736328988,1.1529165250102749,3.7403964882478165,1.7416820436790894,0.6398025251305527,97.72409675883691,2.1327254129328916,3.4695213464474253,2.5716867568114976,0.35193894850386326,149.2393201187248,1.1529165250102749,3.7403964882478165,1.5074678799871193,0.43468049507825907,36.82454988994789,0.011782515217920064,3.157496988264114,0.5496201476111625,0.7408102117767961,326.7755468849487,0.5011710995112857,12.385818018120773,4.87724696843207,1.8763037735105406,363.60009677489654,1.337655435318612,13.020280285856245,5.426867116043232,1.9009505117014376,27.927489141929364,0.017431117929547213,3.7549491197573417,0.8462875497554353,0.9727062205001146,237.8642317260834,1.320394494587049,12.805616109235785,7.208007022002527,2.5854218760233514,265.79172086801276,1.7201430769474246,13.018953631968584,8.054294571757962,2.4805888220584307,17.967633339841207,0.010907693821488706,4.3612437621703855,0.8167106063564185,1.0559272441904233,153.44532186952466,4.288123583223367,10.401728785523417,6.974787357705666,1.5965233351398331,171.41295520936586,5.687056371880459,11.583611855797152,7.791497964062085,1.771013754246352,38.41207787915686,0.011801856298349733,2.776690910134098,0.41752258564300937,0.6851325680224853,387.818826385673,0.48061797234495973,12.385818018120773,4.215422025931228,1.4876008700718126,426.23090426482986,1.298673149615725,13.020280285856245,4.632944611574238,1.5228203613692026,40.048578856184626,0.011198592933787666,4.106637841172299,0.48251299826728467,0.7495185731217323,327.10937607103654,0.5011710995112857,12.385818018120773,3.9410768201329702,1.5256601223918262,367.15795492722117,1.337655435318612,12.514653508273781,4.423589818400255,1.5111132154565858,30.31774962265064,0.011903363416410517,3.1545788876100467,0.5138601630957735,0.6823022367054239,306.7401761792768,1.320394494587049,11.717025405986966,5.198986036936894,2.3338042428795207,337.0579258019274,1.7201430769474246,11.740737686748785,5.712846200032668,2.285143985780431,43.42225265071423,0.011198592933787666,3.0709710957370993,0.43860861263347706,0.6692374888651135,360.3548995240715,0.48061797234495973,12.385818018120773,3.6399484800411264,1.485893806860029,403.7771521747858,1.298673149615725,12.514653508273781,4.078557092674604,1.4203828277159938
c<B>r<13>R<HIS>,82.45503354371866,1.3523157854075143,4.231908996458145,2.011098379115089,0.8227513949612228,48.927826054997226,2.1327254129328916,5.061431745489708,3.763678927307479,0.7717914181102987,40.530927891509,2.693486358628925,5.4230249703247795,3.6846298083190003,0.7871693971717274,94.64915562283831,1.2970253022212002,4.074928057612907,1.7208937385970602,0.7389416957215396,98.32464264251024,1.1529165250102749,4.043537481179176,1.8551819366511366,0.7178933323515753,68.26041161622838,2.1327254129328916,4.074928057612907,2.730416464649135,0.47977568205120896,109.29546604919739,1.1529165250102749,3.7403964882478165,1.6312756126745878,0.5857546027543338,20.203997266109255,0.014937999757770548,4.234251259016062,0.5942352137090957,0.8852913819936471,203.605432260074,1.2153420631600662,16.134517301692995,5.988395066472765,3.3557755495072135,223.80942952618327,1.337655435318612,16.23719483691159,6.582630280181861,3.360196160867614,12.631550900145829,0.057852258005048895,2.227540125465725,0.7894719312591143,0.6766362978616103,113.97890589508219,4.150888640796222,12.805616109235785,7.123681618442637,2.273824792570153,126.61045679522802,5.449043382394796,13.018953631968584,7.913153549701751,2.0711244469063717,5.3217547566713845,0.08816690992939602,1.1130298071498004,0.4837958869701259,0.3024883553343182,78.2592453081052,4.193884070525443,9.916231181132794,7.1144768461913825,1.9623721171222848,83.58100006477659,4.462241828434485,10.934178364770887,7.598272733161508,2.077861207816305,22.21974768312751,0.013236864769210044,4.223519542316987,0.4534642384311736,0.7694191328138753,238.04400722404378,0.48061797234495973,16.054523439106063,4.858040963755996,2.334266706122852,260.2637549071713,1.298673149615725,16.07145147466352,5.31150520218717,2.4471409689098658,21.99441326261843,0.011156801282977469,2.8156487926870355,0.43988826525236857,0.6777828474112338,214.12575352401063,1.2153420631600662,11.626781550645834,4.282515070480213,1.992406194019107,236.12016678662903,1.337655435318612,11.678319344410937,4.72240333573258,2.0468415078494258,16.084588519713964,0.011903363416410517,2.419676356447784,0.4467941255476101,0.583592904068245,170.73479976292714,2.054568402749542,8.685550781166114,4.742633326747976,2.061053264270714,186.81938828264114,2.6831414571967738,8.936249855987963,5.189427452295587,2.077778231930778,25.051207171724094,0.011198592933787666,2.8144132087996345,0.41067552740531305,0.6037842683733615,243.06145792219507,0.48061797234495973,8.35256415851508,3.98461406429828,1.7049790591751985,268.11266509391913,1.298673149615725,10.778926027037258,4.395289591703593,1.7024780306532141
c<B>r<14>R<PRO>,70.15222005117795,1.3523157854075143,5.772801193188774,2.063300589740528,1.09260554811537,26.73785418606387,2.1327254129328916,4.06680232313217,3.342231773257984,0.5618856760833153,35.05975882375602,2.2328100994856195,5.2888934597849,3.505975882375602,0.885690543632916,76.89149529042382,1.2970253022212002,5.772801193188774,1.7881743090796236,0.9851470843787653,83.37398666695273,1.1807312531770497,5.662599889317662,1.8527552592656162,0.9829094642758633,51.71136500798044,2.1327254129328916,5.2888934597849,2.7216507898937072,0.6980140165196963,89.87751507882278,1.1807312531770497,5.662599889317662,1.6643984273856072,0.8737193550910904,18.681874858472195,0.010086610637151772,6.898113300760869,0.7185336484027768,1.493168142509688,201.41410752849484,1.4432229644194337,16.588287734882456,7.746696443403648,4.71419548886026,220.09598238696702,1.5951312786638674,17.48803093796225,8.465230091806424,4.961650252632137,2.5300062614129217,0.11883927503519232,1.429020295671899,0.5060012522825843,0.4888772331750332,33.954891526433784,4.150888640796222,12.805616109235785,6.790978305286757,3.096131005190597,36.484897787846705,5.449043382394796,13.018953631968584,7.296979557569341,2.879125256706681,3.8187939934658006,0.08816690992939602,2.118818383407337,0.545541999066543,0.6671852825663173,50.9140149863266,4.193884070525443,12.279975411203797,7.273430712332371,2.4212168119872035,54.73280897979241,4.462241828434485,14.398793794611134,7.818972711398915,2.945668567507904,19.11654938912691,0.010086610637151772,6.545795855071788,0.6591913582457555,1.3309900472579927,198.80028818399632,0.6248621047439684,16.588287734882456,6.855182351172287,4.724687602444814,217.91683757312325,1.298673149615725,17.13571349227317,7.514373709418043,5.032883405841828,25.24397773402997,0.011156801282977469,6.338336930737196,0.6472814803597428,1.1657679422520522,224.52486060731434,1.4432229644194337,16.097612027465377,5.757047707879855,3.966909220916792,249.76883834134426,1.5951312786638674,16.149582233765635,6.404329188239596,4.243213474369574,8.072059532976349,0.011903363416410517,2.4080530507112012,0.44844775183201935,0.5618045178719672,61.88699130051149,2.054568402749542,7.75038883012391,3.4381661833617496,1.2821457163143688,69.95905083348784,2.6831414571967738,8.78741677588505,3.8866139351937687,1.3745105703261085,25.18855439466576,0.011257238970525663,6.338336930737196,0.6628566945964675,1.1568291826160888,210.798976839766,0.6248621047439684,15.496576266679,5.547341495783316,4.038532443524916,235.98753123443177,1.298673149615725,15.658573241789389,6.210198190379783,4.27296671795091
c<B>r<15>R<ALA>,98.2819909041605,1.353559628951986,3.9260756549643765,1.890038286618471,0.7366611792565984,65.17027397509325,2.2957510661351495,4.597147989833163,3.43001441974175,0.5710191552199266,49.914627601718195,2.2328100994856195,5.2888934597849,3.565330542979871,0.7709500781590694,116.58010584011694,1.2970253022212002,3.815101642816989,1.6191681366682908,0.567360284270304,115.4862940713032,1.1807312531770497,3.7071572799320465,1.7236760309149732,0.6408194023457803,90.70941504100826,2.1919878044424452,4.105533442467961,2.6679239717943606,0.44753111311365723,133.46231473932954,1.1807312531770497,3.7071572799320465,1.5340495947049373,0.4631448702873855,34.447814898280306,0.010086610637151772,4.889490537232173,0.7329322318783044,1.0912468247538398,223.15249719491845,0.5113482760431225,12.769512942315174,4.747925472232308,1.9267526329899811,257.60031209319874,1.5177094679416268,12.834381510892715,5.480857704110611,1.9968075625345025,24.050474289619817,0.020784788309295088,8.235260197628357,1.0932033768009009,1.7540862125448966,187.1611738348633,1.3619722604599014,21.543108292599577,8.507326083402877,4.4738187250071455,211.21164812448313,1.7948573353580826,21.956354195625863,9.600529460203779,4.677053133943571,9.883422605633339,0.020754868979022234,4.954552317512803,0.7059587575452385,1.2805368157889838,110.5342476206586,4.193884070525443,12.279975411203797,7.895303401475615,2.221837595366249,120.41767022629192,4.462241828434485,14.398793794611134,8.601262159020852,2.509509841882039,37.59938689507746,0.010086610637151772,4.161470866317407,0.6163833917225813,0.8649669639179107,260.2659470881247,0.5113482760431225,7.447982896868247,4.266654870297126,1.2465572463527388,297.86533398320205,1.4382866703742345,7.458069507505399,4.8830382620197055,1.2441721231614111,36.63249147974832,0.010516879790321454,3.3060260819532177,0.5908466367701342,0.7767611901165835,244.07697203830242,0.5113482760431225,10.295168155706193,3.9367253554564905,1.593766587880703,280.7094635180507,1.5177094679416268,10.395792131771916,4.527571992226624,1.6815684915192066,28.345574596096277,0.011903363416410517,6.117516487764553,0.6591994092115413,1.1508312035323953,185.61797181234573,1.3619722604599014,21.543108292599577,4.3166970188917615,3.034159822364987,213.96354640844197,1.7948573353580826,21.956354195625863,4.975896428103302,3.3369388537256075,41.8138745310648,0.010516879790321454,3.981597942033508,0.5650523585279027,0.7622041319673442,276.7213587446897,0.5113482760431225,7.75038883012391,3.7394778208741855,1.2813851626110018,318.53523327575454,1.4382866703742345,8.075150113756337,4.3045301794020885,1.2688724459906386
c<B>r<21>R<ASN>,107.66945616083201,1.3185266642583922,3.5077600922226506,1.7650730518169182,0.5267422167615683,64.12795460691349,2.1327254129328916,5.061431745489708,3.5626641448285272,0.6967066943334168,57.38793715714141,2.2693498507940237,4.5379315095886055,3.586746072321338,0.5814322242713917,119.717674367066,1.2860984287266686,3.4448344707258576,1.496470929588325,0.3406341778265852,130.67197610308904,1.1529165250102749,3.4617649047296557,1.675281744911398,0.520070939182593,94.6824560573474,2.1327254129328916,5.061431745489708,2.7052130302099258,0.5636753832421098,141.56402979450155,1.1529165250102749,2.906623594158799,1.459422987572181,0.28326651544936826,35.374839904591596,0.011801856298349733,3.401916151712392,0.5615053953109778,0.7292421259672115,294.5016786665466,0.5096347217050017,9.740275086911279,4.674629820103914,1.6656311295180695,329.87651857113826,1.337655435318612,11.510322080660984,5.236135215414893,1.7487750988065565,22.194259390234073,0.01775779941707789,4.607481599319459,0.8877703756093629,0.9982521291070827,183.5780708411555,4.150888640796222,17.11236314940868,7.34312283364622,2.569351814472839,205.7723302313896,5.449043382394796,17.162775104907176,8.230893209255584,2.5921591565082087,16.50383650037731,0.11336824611680463,2.7540659416080047,0.9168798055765173,0.7265102857117985,112.20392088602576,4.311852986333921,10.295168155706193,6.233551160334764,1.6956221794337878,128.70775738640307,5.089661410526261,10.849881924601856,7.150430965911282,1.8294539205855094,35.67233466238553,0.011578018276664714,2.774294143777526,0.43502847149250645,0.625004644767906,345.9595141840715,0.48061797234495973,6.957252044854176,4.219018465659409,1.3086911105629984,381.63184884645705,1.298673149615725,8.942194627039937,4.654046937151915,1.326739302414382,43.26019804991643,0.011156801282977469,5.082508773051681,0.486069641010297,0.7452717227426967,342.81072744631336,0.5096347217050017,10.295168155706193,3.8518059263630717,1.5034588377125513,386.07092549622985,1.337655435318612,10.395792131771916,4.337875567373369,1.497163135287748,29.39455457190841,0.01188742936859466,5.605977867253986,0.6123865535814252,0.9402434934554298,230.1764951907768,2.1142598813028854,13.918384128045407,4.79534364980785,2.3515973382750834,259.5710497626852,2.6831414571967738,14.83584479910634,5.407730203389275,2.4198345668408328,43.176709982524464,0.011459936024778017,5.048689765603808,0.4544916840265733,0.7160594333244535,328.09208296113593,0.48061797234495973,7.437354112651931,3.453600873275115,1.1243232908744791,371.26879294366046,1.298673149615725,7.471252722953976,3.908092557301689,1.0549358767972377
c<B>r<22>R<PHE>,119.70294112248546,1.3185266642583922,4.221121957798809,1.7866110615296336,0.5869640042948915,59.47687822267107,2.1327254129328916,5.061431745489708,3.498639895451239,0.756364791082105,71.9808061272366,2.2693498507940237,4.463067485295701,3.59904030636183,0.5374456595032476,130.28458802228957,1.3087526957954285,3.6796864875233557,1.5327598590857596,0.4211582673994673,146.21637927698714,1.1529165250102749,3.347043459519833,1.6615497645112176,0.5122680002086027,99.81879174055568,2.1327254129328916,3.662376535518021,2.6268103089619914,0.4095501665678586,156.25136254788364,1.1529165250102749,3.0086106390165592,1.4740694579989022,0.3263853551816095,41.20678986785153,0.011801856298349733,2.5068536401318866,0.535153115166903,0.6668735557944332,394.3055657688186,0.5096347217050017,11.49730800028425,5.120851503491151,1.7013160679989443,435.51235563667024,1.337655435318612,11.517316008606986,5.656004618658055,1.6226192285276055,20.76550147616186,0.017431117929547213,2.5709459978201146,0.798673133698533,0.7582098205352417,184.02129714086743,1.320394494587049,13.514913851238362,7.07774219772567,2.558759268151341,204.78679861702932,1.7201430769474246,14.13351696473286,7.876415331424204,2.4848272924562536,24.675327178897795,0.010907693821488706,3.5818784075793673,0.8812616849606355,0.805458013288938,167.0119478367309,3.5702917492219512,9.821148557621086,5.96471242274039,1.2591347232198329,191.68727501562873,4.076005902497204,10.934178364770887,6.845974107701026,1.4183385884196373,40.22777584774314,0.011578018276664714,2.774294143777526,0.4279550622100334,0.5744745174203453,411.4896264928274,0.48061797234495973,7.834502406011609,4.377549218008802,1.2594125519946753,451.71740234057063,1.298673149615725,8.28853460062883,4.805504280218837,1.2689284620171641,47.31387972902459,0.011198592933787666,3.148294898540044,0.45494115124062107,0.6301947707809334,406.16663514392656,0.5096347217050017,9.823693527888409,3.9054484148454476,1.3416354750041741,453.4805148729511,1.337655435318612,9.858127521719338,4.360389566086068,1.2694021216016453,30.129989708220673,0.011903363416410517,3.088916708393615,0.5478179946949213,0.7084028384537808,281.3679775278805,1.320394494587049,13.918384128045407,5.115781409597827,2.75443477047208,311.49796723610115,1.7201430769474246,14.83584479910634,5.663599404292748,2.6988689251261375,47.324072968387824,0.011198592933787666,3.0709710957370993,0.422536365789177,0.6103002686233805,409.0736204480358,0.48061797234495973,7.834502406011609,3.6524430397146053,1.3081016742469371,456.39769341642364,1.298673149615725,7.931874438442949,4.0749794055037825,1.2350539232911393
c<B>r<23>R<LEU>,149.45576339864724,1.3315898406130924,3.9495920204108965,1.7792352785553243,0.6669626530267149,60.3080673789249,2.800837828542882,5.174083668875384,3.7692542111828065,0.5011751082265989,61.23556614954542,3.0526681680594363,4.817800384318598,3.8272228843465887,0.49167964704735445,162.01800069897047,1.296841062879579,3.9495920204108965,1.6041386207818857,0.5724625617261977,172.0744436128411,1.1529165250102749,3.9495920204108965,1.7037073625033772,0.6393508554372284,86.65785077545904,2.1975846635291183,3.6987175640760426,2.625995478044213,0.36631959502168604,183.78330769867193,1.1529165250102749,3.9495920204108965,1.5574856584633214,0.5293018153645678,63.43201843875946,0.011003070533581294,3.3681703154556715,0.6041144613215186,0.7216702311465698,509.15339387977315,0.5011710995112857,8.254509717027052,4.849079941712125,1.3744137588243388,572.5854123185326,1.337740535369528,8.604712452730988,5.453194403033644,1.2869638306896276,18.41530239712592,0.017431117929547213,2.5709459978201146,0.920765119856296,0.8552367472773881,127.20399842161625,4.999883989420429,8.336297411777537,6.360199921080812,1.1058041524123496,145.61930081874215,5.36189769700516,9.149357904278908,7.280965040937107,0.9142531554895472,19.030273645040307,0.010907693821488706,2.3407290341782243,0.7929280685433461,0.5592645423205548,143.3282642924533,3.5702917492219512,9.821148557621086,5.972011012185554,1.1846018906222784,162.35853793749362,4.076005902497204,10.934178364770887,6.764939080728901,1.2689999754432801,64.38326082923591,0.011003070533581294,3.3681703154556715,0.5365271735769659,0.6593727717094203,525.2618632954069,0.5011710995112857,8.254509717027052,4.377182194128391,1.2408801406430958,589.6451241246428,1.337740535369528,8.604712452730988,4.913709367705357,1.241126523068265,69.72556983150974,0.011198592933787666,3.148294898540044,0.557804558652078,0.6819078065677991,506.3002530787729,0.5011710995112857,8.254509717027052,4.050402024630183,1.289563619478931,576.0258229102827,1.337740535369528,8.604712452730988,4.608206583282262,1.2752378940336802,23.734270938763256,0.011903363416410517,3.1454734001537084,0.551959789273564,0.7579017256619228,178.87117260049052,2.057703189542792,9.598660395506059,4.159794711639314,1.7467706051777552,202.6054435392538,2.8472448060176063,9.619436815714955,4.711754500912879,1.5921764913314247,68.23344938104415,0.011198592933787666,3.0709710957370993,0.4908881250434831,0.6507724654768478,525.0989384396064,0.5011710995112857,8.254509717027052,3.777690204601485,1.2525504718861384,593.3323878206505,1.337740535369528,8.604712452730988,4.268578329644968,1.2319370126393276
c<B>r<24>R<ASN>,144.01740337063757,1.3376830698835813,3.915344666099682,1.8703558879303581,0.6920886628483257,52.298583324232254,3.2662628841410912,4.538722539259681,3.735613094588018,0.36793036641298477,65.31213098695771,2.6381981903790517,4.744879595842846,3.841890058056336,0.48384265694806555,151.60047332598415,1.296841062879579,3.6987175640760426,1.6478312318041757,0.593636797330968,165.97228214379572,1.1529165250102749,3.7849647402878683,1.747076654145218,0.6263106599941645,84.64599558713053,2.1975846635291183,3.6987175640760426,2.645187362097829,0.39726705163551224,173.00770027529262,1.1529165250102749,3.6987175640760426,1.5727972752299328,0.5097783713003003,61.856139307318855,0.010341882465022323,3.162417219504704,0.5286849513446056,0.7459564569478174,610.6060587086017,0.5011710995112857,11.71574586093908,5.218855202637622,1.2855214722578485,672.4621980159205,1.8921896000833913,11.83946996941907,5.747540153982227,1.2233286385704552,12.938824508088995,0.017431117929547213,3.5197971275123336,0.8625883005392664,1.0456025340678021,96.90361024840523,5.021537392565616,8.336297411777537,6.460240683227015,1.0710051976372863,109.84243475649423,5.36189769700516,8.569428198746152,7.322828983766282,0.8725711816666903,23.395942127370475,0.010907693821488706,2.3771937320599505,0.7798647375790159,0.5823876022680721,208.5927142893077,4.421977967867008,11.893768485468684,6.953090476310257,1.8713029527446021,231.98865641667817,5.142004351781852,12.038083846561433,7.732955213889272,1.7666596255731957,57.96353047729565,0.010341882465022323,3.2985056652437885,0.4751109055516037,0.6619291771971368,582.8711603803727,0.5011710995112857,11.71574586093908,4.777632462134202,1.3157411472915685,640.8346908576682,1.8921896000833913,11.83946996941907,5.252743367685805,1.307852069815022,64.61079442810964,0.010341882465022323,3.8132325434984438,0.48579544682789205,0.6511446758391577,559.8279535056472,0.5011710995112857,8.958694490236326,4.209232733125167,1.1997682766436875,624.438747933757,1.8921896000833913,9.036960032078634,4.69502817995306,1.1571433421931385,23.930561750183404,0.010580116545734874,3.2957194177422195,0.6297516250048264,0.8682826487645479,158.23511715075665,2.0862535793629036,9.82116698057844,4.16408203028307,1.7072123543242004,182.16567890094004,2.7902442430970247,9.851466267545334,4.793833655287895,1.6372080049650635,59.258906410960556,0.010341882465022323,2.7913321498686283,0.43254676212379967,0.5969682048147541,548.0840977568087,0.5011710995112857,8.958694490236326,4.000613852239479,1.2288874541715427,607.3430041677693,1.8921896000833913,9.036960032078634,4.433160614363279,1.1854585526905137
c<B>r<25>R<CYS>,143.45768639820164,1.345790907123116,4.043985937756281,1.8392011076692518,0.6851225897316185,56.22191849634733,3.2662628841410912,7.103741842170246,4.015851321167666,0.9813401099334806,65.57296530391805,3.3200261450151807,7.224181001844195,4.371531020261203,0.9461288173489779,151.10203991568906,1.296841062879579,3.9703185544465516,1.6247531173730008,0.5919668073760709,161.88772431695756,1.1833976587227883,4.043985937756281,1.722209833159123,0.624553076779541,82.6731843276276,2.1978967882047824,6.9710493750528935,2.7557728109209196,0.8942744901838978,168.41225033728333,1.1833976587227883,3.9703185544465516,1.5450665168558104,0.49235440291514115,60.602473577212855,0.010341882465022323,2.9161189353490284,0.5008468890678749,0.7018823832898851,617.7012500509143,0.5011710995112857,8.690720788673506,5.1049690086852415,1.0865183556163671,678.3037236281272,1.8921896000833913,8.716814162803622,5.605815897753117,1.0497667501012824,14.583262658190078,0.031039100635423367,3.0881763557088284,0.857838979893534,1.0214674858112236,152.486157558371,5.202139213363651,16.30546046461683,8.969773974021823,3.427794456190081,167.06942021656104,6.56031707305887,17.05114545185276,9.827612953915356,3.713192328974234,23.713871956727775,0.015227654659973666,2.592931374772757,0.9120719983356836,0.652325326134782,235.90777823598893,4.421977967867008,21.236330999153154,9.073376085999573,4.8965456929875515,259.6216501927167,5.142004351781852,21.251558653813127,9.985448084335257,4.946164683027939,58.47149731060301,0.010341882465022323,2.847504662295356,0.48726247758835844,0.6286613576709122,577.6519630803365,0.5011710995112857,7.537162772816728,4.813766359002804,1.072658876882439,636.1234603909395,1.8921896000833913,8.078705390115534,5.301028836591162,1.0741695480685307,62.815738064007554,0.010341882465022323,2.9570832843410235,0.461880426941232,0.5891500260078941,593.6492480596921,0.5011710995112857,7.730625619489249,4.365068000438913,1.2042622798802707,656.4649861236996,1.8921896000833913,7.783546285409264,4.826948427380144,1.1683266954184408,23.893977277868107,0.010580116545734874,3.2957194177422195,0.5689042209016216,0.7843231590049143,316.9324697507355,2.0862535793629036,18.650327639016183,7.546011184541321,5.5467663734367045,340.8264470286035,2.7902442430970247,18.814891408712636,8.114915405442941,5.386189382527297,60.69943200011515,0.010341882465022323,2.7515524366786845,0.4705382325590322,0.6230621449490522,546.4513065867931,0.5011710995112857,7.730625619489249,4.236056640207698,1.2844387483495259,607.1507385869082,1.8921896000833913,7.783546285409264,4.706594872766731,1.243946750580279
c<B>r<26>R<TYR>,142.0274361713034,1.3394454911644451,3.8683904400138336,1.8445121580688755,0.6656716685750743,59.5222101662335,3.2662628841410912,6.591019153889562,3.968147344415567,0.8896398264052986,65.73818520148257,2.6381981903790517,5.723500225777811,4.10863657509266,0.759485437923413,151.60526150538257,1.296841062879579,3.8683904400138336,1.6301641022084148,0.567367393703167,163.6540922302752,1.2032482110855747,3.5778875003101747,1.7410009811731406,0.6078466480899529,89.6221171869113,2.1864207320923486,5.2579144750296525,2.800691162090978,0.689051470469792,172.1003021999676,1.2032482110855747,3.5778875003101747,1.5645482018178871,0.4723104795433406,57.88723806204678,0.010584237276567876,3.148435476240434,0.48644737867266197,0.7461665664685759,557.485391163533,0.49520228301054203,8.690720788673506,4.684751186248176,1.2968220690834298,615.3726292255798,1.6174839089934778,8.716814162803622,5.1711985649208385,1.271546482078152,20.304467482061703,0.031039100635423367,5.593941349768087,1.1280259712256502,1.4827645808782244,147.85766386861587,5.202139213363651,16.76775255247327,8.214314659367549,3.058102333854058,168.16213135067753,6.56031707305887,18.171878975955003,9.342340630593196,3.7927138977006316,23.51851781931064,0.01993371772004693,2.6606915171830785,0.8710562155300238,0.6962276517552367,223.82116654338037,5.136493718792053,21.47062391235787,8.289672834940014,3.8200696600292856,247.33968436269106,6.423078707172753,21.591127225916587,9.160729050470039,3.7133058049376504,56.275451932303724,0.010584237276567876,3.136742060388543,0.4769106095957943,0.6402263276697001,516.7789295004973,0.49520228301054203,7.537162772816728,4.379482453394044,1.0867998828504477,573.0543814328009,1.5402557608700667,7.783546285409264,4.856393062989839,1.0756847891934644,57.24749344502817,0.010584237276567876,2.929650396746908,0.3868073881420822,0.5338658736900072,598.2767941576569,0.49520228301054203,7.537162772816728,4.04241077133552,1.126885944786626,655.5242876026851,1.6174839089934778,7.783546285409264,4.429218159477602,1.0734606944464837,32.17344314940632,0.010369871903215255,7.39723646639721,0.784718125595276,1.310754130727206,232.21468340362964,2.1352578519745293,13.731572976551206,5.663772765942186,3.362556563784454,264.38812655303593,2.7902442430970247,15.290546731122227,6.448490891537462,3.582338992934603,56.39664315684729,0.010584237276567876,2.989936788488918,0.41165432961202403,0.5659645462625466,527.2626879629637,0.49520228301054203,7.537162772816728,3.8486327588537494,1.1335268772306908,583.659331119811,1.5402557608700667,7.783546285409264,4.260287088465773,1.0864376300620533
c<B>r<27>R<VAL>,142.21357187439907,1.328828488152599,3.762379589898171,1.800171795878469,0.6404038139417172,46.586963656697925,2.809683599239685,4.494276836704129,3.5836125889767634,0.40074240602427325,48.39908063051051,3.228290512921493,4.786970957275817,4.033256719209209,0.525957610090562,148.88804690246232,1.3065171542003557,3.762379589898171,1.6009467408866915,0.527143369213241,157.45709565682444,1.2032482110855747,3.762379589898171,1.7114901701828742,0.5855082320858407,69.67129484731318,2.1864207320923486,4.786970957275817,2.6796651864351224,0.5092301563299777,163.59054939391513,1.2032482110855747,3.762379589898171,1.5433070697539162,0.4463074744300112,60.33440376800423,0.010584237276567876,2.7973694153281183,0.5435531870991372,0.7231252327106004,515.9483463124936,0.4878680919533167,8.690720788673506,4.648183300112556,1.1964781292003648,576.2827500804977,1.5930479989367423,8.716814162803622,5.191736487211691,1.1902461082566844,12.495216872648363,0.031039100635423367,3.4854857213777066,0.8330144581765576,1.0935327900826726,102.17037424657107,4.948614444099462,8.678418443965938,6.811358283104738,1.0364220071587904,114.66559111921946,6.529601021343918,8.709457544601362,7.644372741281297,0.7954154924733344,12.943084136794152,0.01993371772004693,1.7461017435073138,0.6812149545681132,0.5432942023857326,125.57222061035704,4.47679059552992,11.859362297580901,6.60906424265037,1.9108503491573974,138.5153047471512,4.843744317488527,11.879296015300948,7.290279197218484,1.674548126532878,57.40668036653956,0.010584237276567876,2.685620091396565,0.4824090787104165,0.6055809198219366,528.0105412017579,0.4878680919533167,7.537162772816728,4.437063371443343,1.0655521756366704,585.4172215682976,1.4745649233700764,8.485112144645733,4.919472450153761,1.0571446195028975,58.920984226443004,0.010584237276567876,2.685620091396565,0.4208641730460215,0.5585714088215915,574.6084801734592,0.4878680919533167,7.537162772816728,4.104346286953279,1.1061418540973391,633.5294643999023,1.5930479989367423,7.836922871359599,4.525210459999302,1.072404862245855,16.308119582016325,0.010580116545734874,2.823823986456567,0.5436039860672108,0.7367335327224304,121.97499220510025,2.1352578519745293,10.141008778881314,4.065833073503342,2.120862250055786,138.28311178711655,2.7902442430970247,10.404387260676645,4.609437059570552,2.0125584918727957,56.88136268387214,0.010230321126055486,2.685620091396565,0.4213434272879418,0.5747204656404865,533.69710536445,0.4878680919533167,7.537162772816728,3.9533118915885184,1.18387965466329,590.5784680483221,1.4745649233700764,7.836922871359599,4.37465531887646,1.140071445165228
c<B>r<28>R<SER>,114.30319937238205,1.328828488152599,4.741612107052728,1.7859874901934696,0.676309848255723,51.31428582368757,2.809683599239685,4.534806762939849,3.665306130263398,0.3949439859741459,61.22387578017927,3.1695061679388377,4.786970957275817,3.8264922362612044,0.4278546281152225,124.54153721936574,1.3056894436751987,4.741612107052728,1.5764751546755156,0.5721931481287553,135.99252835969673,1.1999849200046249,3.9665216975694833,1.6789201032061325,0.5700852109676513,84.90366409790629,2.1864207320923486,4.786970957275817,2.738827874126009,0.5473006462834233,145.38069043098776,1.1999849200046249,3.9665216975694833,1.5143821919894558,0.4334117653599594,41.06054601396915,0.010584237276567876,2.9812221190171737,0.5783175494925232,0.803699237632136,308.4890422268111,0.4878680919533167,6.959470447597653,4.344916087701565,1.2454967386911522,349.5495882407804,1.5930479989367423,8.498098447341757,4.92323363719409,1.3084708185926957,10.916805357318237,0.04896065834032015,3.4854857213777066,0.6421650210187199,0.9435981511137875,117.77371506082227,4.948614444099462,9.706861735195218,6.927865591813075,1.2426459653113646,128.69052041814052,5.537723323124203,9.921701180560644,7.570030612831795,1.0430111070507686,23.766173165258564,0.01993371772004693,3.2696480910302483,0.8487918987592344,0.8538669826665453,183.55245094500225,4.066515679348505,11.860589252884438,6.555444676607223,2.1044385757080417,207.31862411026083,4.843744317488527,12.445168224094559,7.4042365753664585,2.063616347471484,39.05154506209204,0.010584237276567876,2.692305043639802,0.47623835441575657,0.617454293523865,364.8240013367956,0.4878680919533167,12.908260558964002,4.4490731870340925,1.60580500375547,403.87554639888765,1.4745649233700764,13.440684705508108,4.925311541449849,1.5858566932020788,46.35360149709948,0.010584237276567876,2.290103492352154,0.4414628714009475,0.5585832199538752,396.4822838980426,0.4878680919533167,9.259508903789992,3.77602175140993,1.103501588367439,442.83588539514216,1.5930479989367423,9.32220138551471,4.217484622810877,1.053005269147617,22.448316748484054,0.011736131794402915,3.0159993571234196,0.5612079187121013,0.7862116725318472,185.41004404685808,2.1133457123794983,10.866517511219627,4.635251101171452,2.3187219010138067,207.85836079534215,2.887084996986145,12.19151949018773,5.196459019883553,2.3730731507242155,43.00563337173935,0.010230321126055486,2.1457338096528114,0.4216238565856799,0.5559063826303237,376.840566120518,0.4878680919533167,10.866517511219627,3.694515354122726,1.3452337389107185,419.8461994922574,1.4745649233700764,11.380610947386533,4.116139210708406,1.2891826175655332
c<B>r<29>R<GLY>,114.06249240814911,1.328828488152599,4.741612107052728,1.8698769247237559,0.7081840249786264,63.5399962103798,2.272006589184954,6.579685667190103,3.737646835904694,0.9257649641429475,64.39725527454883,2.1932212703672067,5.2776552038111815,3.5776252930304904,0.7270527341430985,126.55305576532871,1.3056894436751987,4.0127723308596845,1.6019374147509964,0.5424988647491646,138.34138880170815,1.174811845991718,5.2776552038111815,1.729267360021352,0.656906530950016,97.94281337159443,2.1864207320923486,5.2776552038111815,2.7206337047665117,0.612806369736649,150.63846709282558,1.174811845991718,5.2776552038111815,1.537127215232914,0.5098863117725416,36.487121983185894,0.010584237276567876,2.9812221190171737,0.5287988693215346,0.7277660360825858,317.4020912222136,0.4878680919533167,8.825053541506819,4.600030307568312,1.3344816347437503,353.88921320539947,1.5930479989367423,10.342310177197572,5.128829176889847,1.4648487645489179,20.243085222624728,0.018561105319829352,5.807192238763381,0.8801341401141186,1.4134933622407817,178.4946764064776,1.3064524532776431,20.05034272757389,7.760638104629461,3.709815361650033,198.73776162910227,1.7313814214513976,22.515155931157153,8.640772244743577,4.028989770152971,18.460003012250137,0.033047221232098245,2.7445118472762413,0.7384001204900055,0.7171708070322206,177.36939939083086,4.066515679348505,23.768542189597106,7.094775975633235,4.5817948300753875,195.829402403081,4.843744317488527,23.934830312031032,7.83317609612324,4.521258467342799,37.68571146501072,0.010584237276567876,3.1866459078217204,0.471071393312634,0.6635120123640642,366.09391044775714,0.4878680919533167,13.793680627701406,4.576173880596964,1.9598902680355443,403.7796219127679,1.4745649233700764,13.879881655274533,5.047245273909598,1.975817474039506,45.80690016695194,0.010584237276567876,3.313345487371265,0.47715521007241607,0.6736921556061327,399.2924526248602,0.4878680919533167,15.519331693933694,4.15929638150896,1.8993640953118998,445.0993527918121,1.5930479989367423,15.56306798520152,4.636451591581376,1.933480521159438,30.23809195792851,0.010921098800173556,4.44551220764418,0.521346413067733,0.8384097539510881,310.11109244703874,1.3064524532776431,20.05034272757389,5.3467429732248055,3.322138094664417,340.3491844049673,1.7313814214513976,20.092496443934415,5.86808938629254,3.3906172738610447,47.85485241162783,0.010230321126055486,4.44551220764418,0.48831482052681463,0.7449318029310878,398.77516205249566,0.4878680919533167,15.519331693933694,4.069134306658119,2.3086425096331125,446.6300144641235,1.4745649233700764,15.56306798520152,4.557449127184934,2.3479289835281665
c<B>r<30>R<PHE>,148.18558698119264,1.328828488152599,3.9665216975694833,1.8294516911258352,0.6299606829336724,63.48786881656015,2.1563845418408865,4.0454050140377715,3.3414667798189552,0.6318442579054421,79.08128733694197,2.1932212703672067,4.216238488449902,3.5946039698609984,0.5423618225812732,158.8771837523603,1.3056894436751987,3.9665216975694833,1.5730414232906962,0.5095790620229481,177.40844756728012,1.174811845991718,3.330490654362501,1.7058504573776934,0.5321911036018756,110.74379175331185,2.1563845418408865,3.838820704918481,2.636756946507425,0.4247558309554277,187.40670239945695,1.174811845991718,3.2690527630272297,1.511344374189169,0.3819012672768866,58.53798107141599,0.010584237276567876,3.2183700295778532,0.5134910620299649,0.6943255243661772,495.78364619856376,0.4878680919533167,8.825053541506819,4.34897935261898,1.2328031522598377,554.3216272699797,1.3206932376748783,10.342310177197572,4.862470414648945,1.3164377757584864,23.1566478300623,0.02061048645681307,5.925635309796618,0.8270231367879394,1.3823188441741494,177.98377650996918,1.3064524532776431,11.67590239816883,6.356563446784613,1.8532244378709426,201.14042434003147,1.7313814214513976,11.893958078870472,7.183586583572553,1.944110497654061,25.05762911291381,0.02807830125827593,2.7445118472762413,0.8352543037637936,0.715909555099775,183.73772386838002,3.9932479748598695,15.429941427772974,6.124590795612667,2.6048445479039217,208.79535298129383,4.843744317488527,15.89316145390967,6.959845099376461,2.43080994201861,56.96994983957357,0.010076820705986478,2.674123424629151,0.44507773312166854,0.5949205341644495,517.8370760194076,0.4723142501873099,8.825053541506819,4.045602156401622,1.1273932908692859,574.8070258589812,1.3026975675619172,10.342310177197572,4.490679889523291,1.1531686619281802,67.87472588341456,0.010584237276567876,2.621518648751316,0.46173282913887453,0.6142373230317515,550.1992006273912,0.4878680919533167,8.825053541506819,3.7428517049482393,1.101615641692285,618.0739265108058,1.3206932376748783,9.07268614473906,4.204584534087115,1.0634313252402794,37.06756918260004,0.012548880669561946,4.146732204495706,0.5532473012328364,0.801192416689173,304.31227714730727,1.3064524532776431,15.429941427772974,4.5419742857807055,2.3617924014428326,341.37984632990725,1.7313814214513976,15.567456635195603,5.095221587013541,2.3372725382372157,66.57961333504346,0.010076820705986478,3.2153126690838505,0.4438640889002897,0.6062655621044998,523.0154811311222,0.4723142501873099,8.825053541506819,3.4867698742074813,1.0870899477213738,589.5950944661658,1.3026975675619172,9.07268614473906,3.9306339631077725,1.0107244689195678
c<B>r<31>R<HIS>,137.46197370736104,1.328828488152599,4.20464780155631,1.936084136723395,0.7409383978071316,75.4124969225243,2.1563845418408865,5.239552383410711,3.42784076920565,0.736801587545363,79.46955983605211,3.1695061679388377,5.302175422083267,3.9734779918026057,0.47744937052868414,152.0613388203974,1.2964786910747987,4.20464780155631,1.61767381723827,0.6110495319118515,164.92066585094906,1.153002059517828,4.007780508103709,1.7926159331624898,0.6669250627971394,118.29020113555121,2.1563845418408865,5.151539272886759,2.750934910129098,0.6386922288170792,177.5755916789595,1.153002059517828,4.007780508103709,1.5441355798170393,0.48259612267192775,59.023995842627194,0.010328888516134338,3.532625227091655,0.5962019782083555,0.8173176510077056,452.20677448260636,0.4878680919533167,8.78114823672513,4.567745196794004,1.4683485290596088,511.2307703252335,1.3206932376748783,8.93906043779209,5.163947175002359,1.4361275174057206,27.19249767925007,0.02061048645681307,5.925635309796618,0.7769285051214306,1.2543135560228587,250.8785462852863,1.3064524532776431,13.055050662791714,7.167958465293894,2.3197172704305684,278.0710439645364,1.7313814214513976,13.18895553521699,7.944886970415325,2.342441581795901,38.10408944798901,0.013233938724411587,10.8760406877186,1.360860337428179,2.527539870065022,225.19633778353517,3.9932479748598695,19.025394196136094,8.04272634941197,3.9040414574260085,263.30042723152417,4.9074416538395695,19.055061020585086,9.403586686840148,4.4317850934131755,58.80217433120009,0.010076820705986478,4.672275779221691,0.5495530311327111,0.7812205162084708,428.70413035230996,0.4723142501873099,8.78114823672513,4.006580657498224,1.2424155991089505,487.50630468350994,1.3026975675619172,8.93906043779209,4.556133688630934,1.2217329869799525,66.85493595934705,0.010328888516134338,2.621518648751316,0.5305947298360877,0.6592071198245635,495.8712515789419,0.4878680919533167,7.803854694851921,3.935486123642396,1.3001988537120766,562.726187538289,1.3206932376748783,7.96873675903721,4.466080853478484,1.274942143322528,40.660575386745506,0.010485761697227147,4.706849189637495,0.5569941833800754,0.8052986718069857,381.7310698689142,1.3064524532776431,15.429941427772974,5.229192737930331,2.4852545879865695,422.3916452556597,1.7313814214513976,15.45801972903125,5.7861869213104065,2.43668304557556,65.01724756054685,0.010076820705986478,2.9998372355162912,0.5119468311854083,0.658912826407783,457.43227296930263,0.4723142501873099,7.702231652784633,3.601828921018131,1.2243463945929078,522.4495205298496,1.3026975675619172,7.801997812778975,4.11377575220354,1.146707747414615
c<B>r<32>R<PRO>,127.66478228166046,1.3490250829600583,4.394387816524645,2.026425115581912,0.8864256582591509,65.55599220281913,2.1563845418408865,6.228440744827562,3.641999566823285,0.978031937339484,69.45026399793643,2.123241104699141,5.78583717433025,4.0853096469374375,0.779717836571197,145.1049274071081,1.2964786910747987,4.394387816524645,1.769572285452538,0.752741422138873,157.2309622404662,1.153002059517828,4.394387816524645,1.9411229906230394,0.8300840917962305,106.51918760220221,2.123241104699141,5.0104258458372986,2.9588663222833946,0.7600446035880201,172.74177473839865,1.153002059517828,4.394387816524645,1.7274177473839865,0.6747450126996668,52.09911290217093,0.01150458473822269,3.780204444828632,0.6679373448996273,0.8527342081459055,390.59572002990575,0.5121323620605835,13.066963882433,5.007637436280843,2.1487645288756094,442.6948329320768,1.3206932376748783,13.083598270590196,5.6755747811804715,2.224183302183438,15.307879342143874,0.030597130426896157,3.1947879430679187,0.5887645900824567,0.8332836038239977,218.6302777927216,4.133492821283372,16.50622158554694,8.4088568381816,2.804654480782403,233.9381571348655,4.869631822554359,16.691424057641363,8.997621428264058,2.7820180502296257,37.698205868686095,0.013233938724411587,10.698651863579858,2.094344770482561,3.3404741546492036,166.59247882169922,3.9932479748598695,23.693992823639064,9.255137712316623,5.051991363762964,204.29068469038532,4.926564038616502,24.149808238638656,11.349482482799184,5.532058311120981,55.83416173002348,0.010076820705986478,4.156762735539514,0.6003673304303601,0.800139394908644,421.4876137006227,0.4723142501873099,13.066963882433,4.532124878501319,2.1351207639082443,477.32177543064614,1.3026975675619172,13.083598270590196,5.132492208931679,2.1680709031031618,62.439531542175516,0.011365208796430437,3.626948144868426,0.5625183021817614,0.7270304815853611,485.8072167194595,0.5121323620605835,10.369039063019557,4.376641592067203,1.7728030553915188,548.2467482616352,1.3206932376748783,10.829274984962925,4.939159894248966,1.8210114020494264,42.026523393490244,0.010485761697227147,6.012137694618682,0.7004420565581707,1.1411671737721254,379.3046392670768,2.3019459569076197,22.35443331880447,6.321743987784614,3.230457796179225,421.3311626605671,2.990836322917003,22.38370586847755,7.022186044342785,3.4728766948969545,65.74977651924878,0.010076820705986478,3.3859373000398616,0.5177147757421164,0.6997042398746969,535.3731147160413,0.4723142501873099,14.185346247336739,4.215536336346782,1.9107070120511864,601.1228912352902,1.3026975675619172,14.573164567245836,4.733251112088899,1.9254151820507497
c<B>r<33>R<SER>,109.0202346250497,1.328828488152599,4.03787286785025,1.8796592176732707,0.7723829783102879,40.84283013124919,2.1563845418408865,4.24473143856958,3.403569177604099,0.6493527139398806,55.836356154468795,2.123241104699141,5.936784716078598,4.295104319574523,0.9143262737436694,121.01965128069325,1.2964786910747987,4.03787286785025,1.7045021307139894,0.7322629996442963,129.435964813891,1.153002059517828,4.03787286785025,1.7977217335262639,0.7233076934514674,73.99204472661036,2.123241104699141,5.000835988166225,2.8458478741003983,0.717875129923054,139.88643830218695,1.153002059517828,4.03787286785025,1.6457228035551406,0.6440052469234341,40.89424310221246,0.017315179549394877,3.780204444828632,0.6103618373464545,0.7906936329981019,291.9992167771886,0.4878680919533167,9.948680860550269,4.358197265331174,1.5896551326823603,332.89345987940106,1.3206932376748783,11.520453005505988,4.968559102677628,1.801070764494526,5.634169145960838,0.030597130426896157,3.0032347277348634,0.5634169145960838,0.8493109068603323,71.78060165861636,4.133492821283372,11.67590239816883,7.178060165861636,1.9846283197699324,77.4147708045772,4.869631822554359,11.893958078870472,7.74147708045772,2.2239103148638946,18.512956725968827,0.013233938724411587,7.745733497040497,1.0889974544687546,1.8117460928471112,188.0417441754559,3.9932479748598695,18.539367606188364,11.061279069144465,4.897186004209784,206.55470090142475,4.926564038616502,19.976967122632992,12.15027652361322,5.24034124935152,42.30860088569345,0.011396115616201463,3.5101264988295995,0.5424179600729929,0.6953313723011345,326.933587400935,0.4723142501873099,9.948680860550269,4.191456248729936,1.5535495310507406,369.2421882866284,1.3026975675619172,10.522474764284404,4.733874208802928,1.6487720685454523,45.71968323142795,0.011365208796430437,2.621518648751316,0.5024141014442632,0.6668224708010958,361.4231359551808,0.4878680919533167,7.481121636776496,3.9716828126942945,1.2288786290408371,407.1428191866087,1.3206932376748783,7.867104802872063,4.474096914138557,1.2458612404588747,20.27380020796187,0.013531298678925552,4.674567033786115,0.6757933402653956,1.1054848822824364,204.11510810424187,2.5737749459615316,16.910650666303866,6.803836936808063,4.362345410273409,224.38890831220374,2.99129234365901,17.186031393171433,7.479630277073458,4.5450126572831335,49.591057492047824,0.011365208796430437,2.4250094558697572,0.4861868381573316,0.6471556588580163,397.675010125173,0.4723142501873099,7.1579297363778664,3.8987746090703235,1.2859759854905364,447.26606761722087,1.3026975675619172,7.233113361688977,4.3849614472276555,1.2397371805537662
c<B>r<34>R<ASP>,88.37495426907975,1.3587704428221985,4.874536052277004,2.0552314946297616,0.9035186123487329,26.600409914579092,2.1563845418408865,3.8576541318190114,3.3250512393223866,0.528305479255951,26.8528578627522,2.123241104699141,4.844810286740963,3.8361225518217426,0.8438237634952455,99.48469802041834,1.2964786910747987,7.162640238877949,1.8770697739701572,1.0935197228837215,95.72332975109687,1.153002059517828,3.762379589898171,1.8769280343352328,0.7624653484832582,47.84024654807832,2.123241104699141,6.214842923604641,2.81413214988696,0.9308082477679918,105.68854344814433,1.153002059517828,6.214842923604641,1.7325990729203988,0.8661598551690476,29.311498627437423,0.01150458473822269,3.780204444828632,0.6106562214049464,0.7981095102928086,232.41607926208735,1.1975159012420713,12.28226588228631,4.8420016512934865,1.846589052686354,261.7275778895248,1.3206932376748783,12.342916999380584,5.452657872698434,2.073700761488689,6.389844477994853,0.030178034652739605,5.211736138578525,0.9128349254278361,1.7580029202175491,62.47229340118375,5.689471572456373,17.86918864472824,8.92461334302625,4.046030531887008,68.8621378791786,5.719649607109113,18.097103328784318,9.837448268454086,4.009090185680453,4.216826720410937,0.06641211405973735,1.7818730298447747,0.6024038172015624,0.5459177544159556,41.40778318990613,3.9932479748598695,6.9999028974056365,5.915397598558018,0.9608822750939037,45.624609910317076,4.926564038616502,7.801780623738452,6.517801415759583,0.9059776870209684,32.79003940603768,0.01150458473822269,3.745897219014168,0.6186799887931638,0.8418398219692668,279.639797257152,0.4747176280927796,20.078346059402804,5.276222589757585,3.5050841517973383,312.4298366631896,1.3050651229737462,20.34526240509021,5.894902578550747,3.751763482609406,25.169557705703504,0.011365208796430437,2.3333448249972495,0.46610292047599083,0.5936508374956043,223.6351388929239,1.1975159012420713,9.948680860550269,4.141391460980072,1.4086867070131104,248.80469659862737,1.3206932376748783,10.434439300077674,4.607494381456062,1.5095402518057237,8.461520466183957,0.013531298678925552,4.93214273186463,0.6043943190131398,1.2223431500803397,69.76961487022567,2.5737749459615316,17.738030524565275,4.983543919301833,3.7105535945494115,78.23113533640962,2.99129234365901,18.25419757627803,5.587938238314973,3.8135413819783084,27.004956930768614,0.011365208796430437,3.0246816956670406,0.44270421197981336,0.6317708074342022,300.1576123379364,0.4747176280927796,20.078346059402804,4.920616595703875,3.635036426862303,327.16256926870494,1.3050651229737462,20.257331496048394,5.363320807683688,3.650900571377275
c<B>r<35>R<ILE>,105.32379029876452,1.328828488152599,3.9026462431033724,1.880781969620795,0.7451356880129584,34.668053497715775,2.1563845418408865,4.347390519188014,3.4668053497715774,0.6099398110698843,52.00281364195043,2.123241104699141,5.107859315246655,4.000216433996187,0.7298955154059457,111.21688676021535,1.2964786910747987,3.8683904400138336,1.6599535337345575,0.6681410448131163,121.57152612624687,1.153002059517828,3.8683904400138336,1.7367360875178124,0.6657764352963128,64.09231396872262,2.123241104699141,4.296072250097919,2.670513082030109,0.5638365753950024,127.29624162360706,1.153002059517828,3.8683904400138336,1.5715585385630502,0.5727182583363184,34.93814849300557,0.014351190857883722,2.6888164024386167,0.49911640704293675,0.6234304431871522,337.11762139410587,0.4878680919533167,14.211681450801962,4.815966019915798,1.6042844657682236,372.05576988711147,1.3206932376748783,14.24209391569704,5.315082426958735,1.5939693891615874,6.938913455820849,0.030178034652739605,5.287583765462271,0.8673641819776061,1.6739099041661933,56.971668156457476,5.689471572456373,11.321785552717358,7.1214585195571845,1.7224320197079779,63.91058161227832,5.719649607109113,11.63570495963805,7.98882270153479,2.188747056538041,9.476382700086878,0.027970658531899062,1.9337339451106885,0.5922739187554299,0.5416606981235658,112.23939505755193,3.9932479748598695,11.084317933746433,7.014962191096996,2.0028787223611455,121.7157777576388,4.926564038616502,11.161609795821747,7.607236109852425,1.8027171760017884,35.83938489429546,0.018229507564474723,2.6888164024386167,0.5349161924521711,0.6475569008045587,295.6229768055069,0.4747176280927796,7.428691307648709,4.412283235903088,1.215097517482937,331.46236169980233,1.3050651229737462,7.653809020741315,4.947199428355258,1.2662631684008614,39.01004891280713,0.01631484020090035,2.5673196976645816,0.4937980875038877,0.5751273682879653,331.0661249273634,0.4878680919533167,7.428691307648709,4.190710442118524,1.120775544637811,370.07617384017044,1.3206932376748783,7.653809020741315,4.684508529622411,1.1501479971559472,13.269367367407389,0.013531298678925552,5.267061779685218,0.5769290159742343,1.070223020463148,102.38077131318165,2.1360721427599243,8.346475033599972,4.451337883181811,1.6710649916677962,115.65013868058904,2.966655983048877,8.372425633882346,5.028266899156045,1.8052358530320955,38.25690767204539,0.015195561579846029,3.070782973316886,0.47821134590056735,0.616798986222085,320.21134420813644,0.4747176280927796,7.428691307648709,4.002641802601706,1.20243333676222,358.4682518801819,1.3050651229737462,7.653809020741315,4.480853148502274,1.2363035799487352
c<B>r<49>R<VAL>,101.03715938988796,1.3343212630061791,4.135698773787977,1.7725817436822449,0.6167351957699687,42.61229003650509,2.2730754375174205,5.167947677352542,3.5510241697087572,0.8550854563702516,57.963627606394056,2.212636422592941,5.696846146760985,3.86424184042627,0.8649464868760984,109.15262007703228,1.2873144258523832,3.650442419424876,1.559323143957604,0.44549753196873515,126.82908847393665,1.1973975429180652,3.605745973701366,1.7373847736155705,0.5970015531839132,75.94140320273087,2.2085653866249286,4.536107122532225,2.7121929715261026,0.5237196129152978,133.57682549712914,1.1973975429180652,3.053843250738724,1.5532189011294086,0.41382862186455444,28.36172284266651,0.010966364553567587,2.6541564163780897,0.5064593364761877,0.6616213195334413,291.5120093351844,0.5224575825197917,17.764630133416805,5.2055715952711505,2.2855996702869685,319.87373217785097,1.8411838131534597,17.823510415745183,5.712030931747338,2.236828320425243,8.890756104060989,0.010576468781458459,3.179736659205062,0.8082505549146354,0.912550339022281,100.74765233627303,1.350996758648652,16.30546046461683,9.158877485115731,4.015858962794817,109.63840844033402,1.757294970955785,17.23840299842705,9.967128040030365,4.423720500905167,16.708920290307624,0.021937520585588288,2.4081031722740533,0.7594963768321648,0.6544349468748959,219.0343076598426,3.5702917492219512,22.209679802932442,9.95610489362921,5.466061011742028,235.74322795015019,4.076005902497204,22.40142577385936,10.715601270461372,5.316542433627394,27.242383804008846,0.010966364553567587,1.9891969182047262,0.46173531871201434,0.5361736907422952,295.944698447073,0.5224575825197917,16.777586192112583,5.016011838085983,2.357437375422658,323.18708225108185,1.8411838131534597,16.818520754070903,5.477747156797998,2.3282194987626608,43.00074527788731,0.010275710696150853,4.936408657977736,0.5584512373751599,0.8651644121988367,334.4169001131479,0.5224575825197917,10.360296858834879,4.343076624846077,1.5762053944487808,377.41764539103525,1.8411838131534597,10.430974986847705,4.901527862221237,1.5285262012934053,19.622686646145723,0.014226566470893154,3.710587346077876,0.5450746290596035,0.8012986156110771,248.32626495770873,1.350996758648652,17.043054520103624,6.897951804380798,4.830562526185204,267.9489516038545,1.757294970955785,17.069015984086015,7.443026433440402,4.83911177906357,39.67242015795534,0.010966364553567587,4.936408657977736,0.4838100019262846,0.8449463311205816,338.22563265675785,0.5224575825197917,10.255755987414801,4.1247028372775345,1.4953288414758086,377.8980528147132,1.8411838131534597,10.400849975530395,4.6085128392038195,1.5115578165367967
c<B>r<50>R<GLU>,78.72852575264903,1.3343212630061791,3.650442419424876,1.7495227945033118,0.548738490070953,31.021238178119134,2.16766739664476,4.421523428674046,3.446804242013237,0.5761412289159114,47.08666871191744,2.212636422592941,4.678466198641707,3.9238890593264535,0.7490113531809364,83.4007731072855,1.2873144258523832,3.650442419424876,1.5163776928597363,0.41602803403402444,94.58339700524893,1.2219661966321735,3.650442419424876,1.6307482242284297,0.4848473342866404,59.24120394427924,2.16766739664476,4.536107122532225,2.6927819974672382,0.6098061231069178,99.23712113322713,1.2219661966321735,3.650442419424876,1.4593694284298109,0.33531181197497767,18.201948411694865,0.010966364553567587,2.6541564163780897,0.41368064572033786,0.6122762055970419,188.7421538614559,0.5079549157219958,6.31820752373892,4.2895944059421796,1.2754099542809898,206.9441022731508,1.321960830445939,6.47026340562217,4.703275051662518,1.1854329827852754,3.418544786434466,0.010576468781458459,1.7244138565572555,0.5697574644057443,0.5678940129974016,40.29107406178389,3.9047874808732104,9.307501241352497,6.715179010297315,1.6342383733723769,43.709618848218355,4.703835967742601,9.318077710133956,7.284936474703059,1.4486449214723307,14.161427162567064,0.03640617383216416,2.7217427200450963,0.8330251272098272,0.7337280072500546,115.89039954356917,4.643457401798344,9.67857622113047,6.817082326092304,1.6558761580546222,130.05182670613624,4.94742778216128,9.782531383809294,7.650107453302132,1.4978902603884023,17.334193834204818,0.010966364553567587,1.7084036080832323,0.38520430742677375,0.46512223745281583,175.22643061892188,0.4715363799289207,6.07156480975533,3.8939206804204862,1.134079233222832,192.5606244531267,1.3172176552723565,6.091643188402082,4.27912498784726,1.0236882809698198,23.21413879581735,0.010966364553567587,2.2965188667275935,0.4072655929090763,0.5102214600088718,221.8045579506009,0.5079549157219958,7.467278486194687,3.891308034221068,1.2460694716523937,245.0186967464183,1.321960830445939,7.544740429249287,4.298573627130145,1.1038389819210535,13.450663760109363,0.024635375171893514,3.1943303341360014,0.6113938072776983,0.8583273705278822,95.88654928355788,2.103167942470691,8.97237858341606,4.358479512888994,1.9101995906786604,109.33721304366726,2.597691525207442,9.032835263972448,4.969873320166694,1.9547445713734988,22.786205834596093,0.010966364553567587,2.655437059299244,0.39975799709817705,0.5436576492736114,203.94133524920693,0.4715363799289207,7.467278486194687,3.5779181622667884,1.2820527760160194,226.72754108380303,1.3172176552723565,7.544740429249287,3.9776761593649654,1.1387695843095287
c<B>r<51>R<HIS>,84.95057379516393,1.3343212630061791,3.580046291906645,1.6656975253953712,0.4340600216961668,35.26806309981646,2.16766739664476,4.421523428674046,3.526806309981646,0.522494717712658,59.845397612587554,2.212636422592941,6.511064017882761,3.9896931741725035,0.8940251873984619,91.78257846953237,1.2906393173200525,3.580046291906645,1.4803641688634253,0.28179675915838787,107.11727742061319,1.2219661966321735,3.4912895845796847,1.5987653346360178,0.44738464243763243,72.22141125722143,2.16766739664476,4.603462355129308,2.777746586816209,0.6866440654889369,113.13671386230409,1.2219661966321735,2.937293714792424,1.45047069054236,0.2568380338964271,22.80835806264573,0.010341882465022323,2.819025143396188,0.43862227043549484,0.688551637275044,239.8415162435769,0.5079549157219958,7.4802989776308095,4.612336850838018,1.440751742525225,262.64987430622267,1.321960830445939,7.692190378821167,5.050959121273513,1.3699736210580458,5.221837716065253,0.023672590331200283,3.1666448626567743,0.6527297145081566,0.9750940542932853,50.57570154519385,3.9047874808732104,8.627690889343285,6.321962693149231,1.3860260815724188,55.797539261259104,4.703835967742601,8.651363479674485,6.974692407657388,1.1907114153452352,16.545391400874692,0.03640617383216416,2.7217427200450963,0.7193648435162909,0.6423665833941122,180.18730518511035,4.213013674393096,15.822466992227703,7.834230660222189,2.9331875911252516,196.73269658598505,4.926710352178858,15.93289099591846,8.55359550373848,2.842808299079222,22.279415080749054,0.010341882465022323,3.512433796648124,0.45468194042345006,0.6461202898079673,198.8581572466971,0.4715363799289207,7.4802989776308095,4.058329739728512,1.2657333239672128,221.13757232744615,1.3172176552723565,7.491671776578057,4.513011680151962,1.1869867491917585,27.410107807385717,0.010341882465022323,1.8954418152954986,0.3806959417692461,0.45389003875255307,279.02632199842134,0.5079549157219958,7.4802989776308095,3.8753655833114076,1.1483376862881645,306.43642980580705,1.321960830445939,7.544740429249287,4.2560615250806535,1.020293606769498,14.466141471322324,0.010890780434941405,3.1943303341360014,0.4520669209788226,0.7284384502284024,164.77618961437395,2.103167942470691,13.411354355030255,5.149255925449186,3.098124912155203,179.24233108569626,2.8744301836529287,13.497792051314512,5.601322846428008,3.0123472122574344,26.192121557591797,0.010341882465022323,1.979805485998181,0.39092718742674326,0.4862628506273699,245.96527003156274,0.4715363799289207,7.4802989776308095,3.6711234333069065,1.302113563655818,272.1573915891545,1.3172176552723565,7.544740429249287,4.062050620733649,1.155626766192522
c<B>r<52>R<SER>,91.98375287392867,1.3343212630061791,4.528047443695748,1.8772194464067073,0.7880286025598935,51.367213652818975,2.16766739664476,6.199359618552981,3.9513241271399213,0.9579408880211459,57.13972724089221,2.163511923097528,6.511064017882761,4.081409088635158,0.9864217126609676,105.28706196529288,1.2906393173200525,4.519126367153328,1.6712232057982996,0.6946504697806323,112.69074025747082,1.2285540684752743,4.954986969422097,1.7607928165229816,0.7430336292580363,81.0699581016454,2.163511923097528,4.954986969422097,2.8953556464873356,0.8177656472508893,124.91515670622329,1.2285540684752743,4.954986969422097,1.6014763680285036,0.6305139503919225,21.233991635107024,0.010966364553567587,3.561596145842045,0.4517870560661069,0.7118679739334581,236.8145240384352,0.5079549157219958,23.08700391523007,5.038606894434792,3.179688238659876,258.0485156735422,1.321960830445939,23.161780224619278,5.4903939505008985,3.0975958539991297,12.898152719021363,0.023672590331200283,5.1892614221369335,1.0748460599184468,1.437371842630999,116.30422212342296,3.9047874808732104,20.188064909523064,9.692018510285246,4.217235374766421,129.20237484244433,4.703835967742601,20.330864325860126,10.766864570203694,4.276618990453376,14.440449850825491,0.01839493962884653,1.9937047874194462,0.7600236763592364,0.6185734324097028,170.1585654260807,4.213013674393096,18.00935787182658,8.955713969793722,3.971751702105881,184.5990152769062,4.926710352178858,18.105449122317232,9.715737646152958,3.7571337583983246,26.927497994905444,0.010966364553567587,3.5733180615561784,0.5178364999020277,0.6911512829678385,263.21713042771745,0.4715363799289207,20.175710168472335,5.06186789284072,3.7068370159996027,290.1446284226229,1.3172176552723565,20.43420241163821,5.579704392742747,3.7164420582679996,27.358069276763853,0.010966364553567587,2.126099524337043,0.42089337348867467,0.517491817363452,282.4492513321525,0.5079549157219958,17.45674582701895,4.345373097417731,2.2612026746180525,309.80732060891637,1.321960830445939,18.154895691607265,4.766266470906405,2.2841199853593777,16.23026752828177,0.010890780434941405,3.6125131572648845,0.4057566882070443,0.6572936915821653,246.8849748989229,2.1430875721284792,17.591278072921796,6.172124372473073,3.9489302443981766,263.11524242720463,2.8744301836529287,17.80782843060897,6.577881060680116,3.912726535898767,30.319258561154427,0.010966364553567587,1.979805485998181,0.4593827054720368,0.5734335524534045,279.2214327951576,0.4715363799289207,13.328024332965924,4.2306277696236005,2.2962086713763736,309.54069135631204,1.3172176552723565,14.269406319318374,4.690010475095637,2.2690329441565877
c<B>r<53>R<ASP>,104.33667129317394,1.3634690523851796,4.013320772972223,1.968616439493848,0.7883347322381898,61.43982372102476,2.16766739664476,6.389135827492392,4.095988248068317,1.2159740393274814,61.65830993392692,2.163511923097528,5.367259306524632,3.8536443708704327,0.748753967132199,119.67386657700577,1.2645943569520166,3.830169024012315,1.7344038634348662,0.699876269806105,129.73621519418316,1.2139673802429432,3.7686553191208207,1.8533745027740451,0.7288417719136799,92.29450371876416,2.163511923097528,4.269248008770954,2.88420324121138,0.6157243546256256,142.99884106484424,1.2139673802429432,3.7686553191208207,1.6627772216842354,0.6002705712883294,31.518210837920172,0.011096032734528194,6.405466735958342,0.6303642167584035,1.03281052938057,300.4392355495971,1.196000994545102,15.792578942424825,6.008784710991941,2.8678910719255826,331.9574463875173,1.321960830445939,16.059351122490114,6.6391489277503455,2.960643189629417,23.957577826150764,0.02272091446387492,5.1892614221369335,1.4092692838912215,1.454882513192463,211.0842674236235,3.9047874808732104,20.188064909523064,12.416721613154323,4.212974792645684,235.04184524977427,4.703835967742601,20.62625666620936,13.825990897045545,4.243698849164639,22.63661452975269,0.01839493962884653,4.531177458935371,1.1914007647238258,1.3067149604233093,148.68721452571708,4.213013674393096,17.145684695080718,7.825642869774583,2.946960770090808,171.3238290554698,4.926710352178858,17.359886017523177,9.01704363449841,3.0297550188685034,39.7442720253874,0.011096032734528194,6.740210007202975,0.811107592354845,1.2419910743639728,257.11783854223114,0.4715363799289207,16.318651715019314,5.247302827392472,2.7070614768504573,296.8621105676186,1.3172176552723565,16.39268330113827,6.058410419747318,2.9388517144746813,44.48333405206498,0.010632310614857587,3.2205069708792697,0.5630801778742403,0.735623732601119,355.7845970598526,1.196000994545102,12.820720294128478,4.503602494428514,1.7643476770720035,400.2679311119176,1.321960830445939,12.870842176593868,5.066682672302755,1.8192484127969508,27.460666537568436,0.010266849506875175,4.611113540803238,0.5969710116862703,1.1055039482214997,292.19594973767016,2.1430875721284792,15.10111320484998,6.352085863862395,3.5016474222382032,319.6566162752386,2.8744301836529287,15.116340914524528,6.949056875548665,3.673966370983428,44.67034726944892,0.011096032734528194,3.555250242123903,0.5654474337904927,0.7407203171897597,334.4614067607975,0.4715363799289207,12.105252448948022,4.233688693174652,1.8464516726347178,379.13175403024644,1.3172176552723565,12.196844770240402,4.799136126965145,1.8887434586919303
c<B>r<54>R<LEU>,118.14398307254818,1.32462880271472,3.7595170765413917,1.8753013186118759,0.7167243173334606,54.12630493373199,3.457549123273828,6.894390977577878,4.163561917979384,1.0308642264974472,69.91058590098032,2.163511923097528,6.492751697183233,4.112387405940019,0.9532312716573543,131.51446648140342,1.2906393173200525,3.7595170765413917,1.7079800841740704,0.6888690715328569,149.09259445280756,1.2139673802429432,4.017350312752281,1.840649314232192,0.7380866106862318,95.97106968453602,2.163511923097528,6.492751697183233,3.0958409575656782,0.9994528702506263,159.2485855964166,1.2139673802429432,3.7048388072669636,1.6763009010149117,0.6320797869795073,38.41166329126338,0.011517508935501297,3.6936563256782726,0.5733084073322893,0.8125307343327904,335.2508061804153,0.5205426454735971,12.820720294128478,5.003743375827094,1.959681723219327,373.66246947167866,1.8860314358327783,13.973850725443686,5.577051783159383,1.96020504893215,19.741397175907693,0.023672590331200283,7.968079008673367,1.794672470537063,2.5323604893087333,115.7174219137155,5.732345903656096,15.365932726738038,10.519765628519592,3.4267911192811575,135.45881908962318,6.1128147085317135,18.021722689619324,12.314438099056652,3.8234505742902036,24.84309706089443,0.03616834480377129,4.719602120034278,0.920114705959053,0.9736042837232023,304.050511882807,3.303481392669937,29.37657126876644,11.261130069733591,6.865338422198698,328.89360894370145,4.189608689747658,29.422157394567368,12.181244775692646,6.789826970076327,44.910589593176034,0.011396115616201463,4.657739130445101,0.6325435153968455,0.9279004563940769,338.4180036767061,0.5205426454735971,11.46238385422157,4.766450756009945,1.709308604057872,383.3285932698821,1.8860314358327783,13.299733701329991,5.3989942714067904,1.8690006498238394,56.368335464750565,0.014213093323817816,3.357044026744174,0.5751870965790874,0.7464027215043094,416.11522282285904,0.5205426454735971,12.820720294128478,4.246073702274072,1.518783536578312,472.4835582876096,1.8860314358327783,12.870842176593868,4.821260798853159,1.639841034659093,37.830694530151646,0.01573564135960126,5.502881402252839,0.7720549904112581,1.240807626612199,428.08093314422797,2.576924791664169,22.408234900499394,8.736345574371999,5.6646441762804605,465.91162767437953,2.914107115744394,23.158482903044213,9.508400564783257,5.917642915067068,57.272125714659296,0.011396115616201463,3.357044026744174,0.590434285718137,0.7692663875815969,403.05254056523495,0.5205426454735971,9.511039663479323,4.155180830569432,1.4440288461131892,460.32466627989425,1.8860314358327783,11.334583387498327,4.74561511628757,1.6093339724777562
c<B>r<55>R<SER>,129.75788920648301,1.32462880271472,3.6285501812309326,1.7775053315956577,0.6158017595104422,54.00047621541431,3.470801840433776,5.7111161124070575,4.153882785801101,0.8053487411295526,62.5871062170082,3.2941551358739254,5.097643558085811,3.9116941385630124,0.46798601183820293,141.48264692815903,1.2906393173200525,3.6285501812309326,1.626237321013322,0.5797568569385911,151.86004223577785,1.2139673802429432,3.4715359351919814,1.687333802619754,0.5583089997464754,88.37269865208555,2.2077455932487315,5.097643558085811,2.945756621736185,0.7658440909333444,162.2639093899408,1.2139673802429432,3.4883775128669217,1.5602298979802,0.4798874144944787,47.09869791039592,0.011517508935501297,4.080137778803562,0.588733723879949,0.8789943820385921,393.82314845877363,0.4858237473144982,15.792578942424825,4.92278935573467,2.17471910915288,440.92184636916954,1.8511594635708073,16.059351122490114,5.511523079614619,2.0535423109288717,17.018051884990005,0.010633190753036814,5.116872990322868,0.8956869413152634,1.2326736716542779,224.17152560879435,5.981559280678084,17.98841887647268,11.798501347831282,3.8634083397194403,241.18957749378433,6.82665315773828,18.000347097304434,12.694188289146544,3.9289482385218575,18.389350662618128,0.03616834480377129,2.619187724215619,0.8358795755735513,0.6511474097086692,151.78332662343803,3.303481392669937,11.947938450733318,6.899242119247183,2.129445463500166,170.17267728605617,4.189608689747658,12.126728130920421,7.735121694820735,1.924432633954789,50.6090195315056,0.011396115616201463,3.4742617758281797,0.6024883277560191,0.8187273934467291,391.5452359137166,0.4858237473144982,15.792578942424825,4.661252808496626,2.1396734485293245,442.15425544522225,1.8511594635708073,16.059351122490114,5.263741136252646,2.0319435624106754,56.371883833380295,0.018042447366192427,2.609342946575107,0.5472998430425271,0.6295050968037211,388.4119093131378,0.4858237473144982,6.496492461323442,3.770989410807163,1.0817443143811714,444.78379314651806,1.8511594635708073,7.12345235489844,4.31828925384969,0.998125646333295,28.525727862953776,0.014463383040681066,3.8449866471298932,0.6069303800628463,0.8349326157641099,287.6236511021857,2.163693713295288,14.220938845222918,6.119652151110334,2.9412574497722686,316.1493789651394,2.914107115744394,14.255294997043372,6.726582531173179,3.058869199036686,56.25858906708305,0.011396115616201463,2.2855529197929734,0.5307414062932363,0.6134327666103941,396.66642892490927,0.4858237473144982,8.509302545311584,3.742136121933106,1.2913916295256433,452.9250179919923,1.8511594635708073,8.614963775651374,4.272877528226343,1.1996684392731933
c<B>r<56>R<PHE>,121.13630179694533,1.32462880271472,4.273105699062221,1.7814162028962548,0.6902176541298927,39.73425250342164,2.684587964446143,4.934974652399396,3.6122047730383304,0.6731761978044121,67.86983028195961,2.5639711370768015,5.097643558085811,3.7705461267755336,0.5352961688796999,130.63142289151625,1.2986329988005554,4.273105699062221,1.632892786143953,0.657528212572947,149.23537184771226,1.212367255382942,3.6394155796731265,1.7153491016978422,0.6305013666153885,82.09588536834497,2.2077455932487315,4.735666096419021,2.7365295122781657,0.5145323255761476,156.66375215305413,1.212367255382942,3.6394155796731265,1.5824621429601429,0.536716125018211,43.80715250165563,0.01395842762478594,3.647608549151416,0.6000979794747346,0.8021706036922509,331.5097175528438,0.4858237473144982,8.3536099243629,4.541229007573203,1.5182605636953894,375.3168700544995,1.8511594635708073,8.369032942535512,5.141326987047938,1.4118998149736879,7.85131463470435,0.04761510701777638,2.3769619550437326,0.6039472795926423,0.663228857832404,91.42056225409016,4.697184530540653,9.05781638708163,7.03235094262232,1.3162088497898918,99.2718768887945,5.681071918777535,9.699130270294713,7.636298222214961,1.156814065481066,27.508525648542452,0.03616834480377129,5.597400888676766,0.9824473445908019,1.1152957413555913,167.92324716790694,3.303481392669937,9.113080797661041,5.997258827425248,1.3243030659809318,195.4317728164494,4.189608689747658,14.213829381036767,6.9797061720160505,1.7896448845566977,42.00807320414689,0.010296643670679728,2.9652079145125834,0.5186181877055172,0.6544952855679884,351.08739694844485,0.4858237473144982,10.72261807130468,4.334412308005492,1.5291981302570643,393.0954701525917,1.8188429021227548,10.778415606445254,4.853030495711009,1.424138618343002,57.66395125545142,0.018042447366192427,2.4529266133126377,0.554461069763956,0.6372755613121839,380.670548927024,0.4858237473144982,6.496492461323442,3.660293739682923,1.0114697974014026,438.3345001824755,1.8511594635708073,7.12345235489844,4.214754809446879,0.9520211234825857,22.755561422330246,0.012548880669561946,3.9616513574822783,0.5988305637455328,0.8905311726129749,176.37055698334518,1.9762127985536608,9.3944233409959,4.641330446930136,2.2052480135647294,199.1261184056754,2.6252267709721853,10.45814381880572,5.240161010675669,2.272692526131294,55.06263263384395,0.011396115616201463,2.808647248493049,0.5294483907100379,0.6143217517927473,358.45155777517414,0.4858237473144982,6.496492461323442,3.446649593992059,1.0835099505605885,413.51419040901806,1.8188429021227548,7.12345235489844,3.9760979847020965,1.0593734247100448
c<B>r<57>R<SER>,90.4915580460471,1.32462880271472,3.6285501812309326,1.707387887661266,0.5282105440719536,41.7551243615414,2.684587964446143,5.362601979900001,3.7959203965037633,0.8388249904179186,45.95969979001611,2.201732020460976,4.224902372778681,3.5353615223089316,0.5747833372654089,103.13686775945692,1.2986329988005554,3.6285501812309326,1.5867210424531835,0.5182244652467197,108.01702005372236,1.212367255382942,3.3987816045058246,1.6121943291600354,0.4760865913700039,68.2586756773354,2.201732020460976,5.362601979900001,2.730347027093416,0.6329038337493332,119.04238494922748,1.212367255382942,3.3987816045058246,1.5068656322687024,0.38272177874673124,23.036091158879966,0.01395842762478594,3.647608549151416,0.5759022789719992,0.8086568939155697,186.1934063586267,0.48776915215353256,13.982853157814134,4.654835158965668,2.133385932938089,209.22949751750667,1.8511594635708073,14.230129920097692,5.230737437937667,2.0426821762774745,6.979325068923535,0.020719418297156622,2.3769619550437326,0.5816104224102946,0.6882861009066662,82.30606692933321,4.697184530540653,9.05781638708163,6.858838910777767,1.3417983064762213,89.28539199825676,5.398946864410826,9.699130270294713,7.440449333188063,1.3049843116815931,13.64837876957349,0.08591932662403146,2.329274226797436,0.758243264976305,0.7002020074750179,101.30317213362935,4.676480449493511,8.30553778448143,5.6279540074238525,0.8790902061637254,114.95155090320284,5.006863551049104,8.44968629800669,6.386197272400158,0.7185940119021714,26.218618229868355,0.010296643670679728,2.4115364971779005,0.47670214963397006,0.5548473608523623,260.4084397568242,0.48776915215353256,14.375870256440066,4.73469890466953,2.619710790870576,286.62705798669253,1.8188429021227548,15.201348443454844,5.211401054303501,2.6187908598979166,30.418812247718932,0.01021056505595297,2.485622529378869,0.563311337920721,0.6850994127069342,193.9569153756284,0.48776915215353256,13.982853157814134,3.5917947291783037,1.7421935679728773,224.3757276233473,1.8511594635708073,14.230129920097692,4.155106067099024,1.6966277123756308,15.67768675376482,0.012548880669561946,3.1338872649661242,0.46110843393425943,0.7273231139268344,144.54681821443063,1.9762127985536608,9.3944233409959,4.251377006306783,1.8803941691179156,160.22450496819548,2.6252267709721853,9.412008143315372,4.712485440241044,1.8275981087216118,34.51380909528403,0.01021056505595297,2.808647248493049,0.539278267113813,0.6571360087027229,232.05630927755908,0.48776915215353256,14.375870256440066,3.6258798324618606,2.4083701801275477,266.57011837284307,1.8188429021227548,14.727873270742322,4.165158099575673,2.429373655077528
c<B>r<58>R<LYS>,65.70886650059263,1.3296912812318002,5.260319360319584,1.877396185731218,0.8973952943623208,31.35550173983735,2.684587964446143,5.608902354753685,3.919437717479669,1.0742405267305306,40.147187693029856,2.201732020460976,5.647528322714345,3.649744335729987,0.8675184391028592,73.38116487033201,1.2986329988005554,4.213626236039259,1.6677537470530004,0.6955994502583046,82.14513370232358,1.212367255382942,5.260319360319584,1.7477688021770974,0.8002795462729738,56.39076935274925,2.201732020460976,5.362601979900001,2.8195384676374626,0.7605953255812745,87.92004691098519,1.212367255382942,3.7032052083179696,1.570000837696164,0.5296908862695033,21.030154143919038,0.01395842762478594,6.504384436012128,0.9559160974508654,1.4960890440202628,119.1451079251973,0.5043978459209484,13.982853157814134,5.4156867238726045,3.048346011291053,140.17526206911634,1.4102236076026453,14.230129920097692,6.37160282132347,3.410341247339034,4.421919320322726,0.020719418297156622,2.1160832680930355,0.8843838640645452,0.7699306446866339,40.21496549662112,4.697184530540653,15.823977788475531,8.042993099324224,4.15238813850783,44.63688481694384,5.398946864410826,16.516167180222396,8.927376963388769,4.312434859603616,10.61075063645401,0.08591932662403146,2.0067111874144086,0.7579107597467151,0.6450190225830349,86.73402785305825,4.676480449493511,11.132439939240612,6.195287703789875,1.8333257394084348,97.34477848951227,5.006863551049104,11.353747129614828,6.95319846353659,1.7100452646636335,19.21427087555349,0.010296643670679728,5.519408482822563,0.640475695851783,1.0799542672750484,152.25246606927908,0.5043978459209484,13.12841732579841,5.075082202309303,3.0776309221253935,171.46673694483252,1.3897059527935678,13.245153966908127,5.715557898161084,3.296750881996057,23.748388001953188,0.01021056505595297,6.504384436012128,0.5792289756573948,1.1451418368406288,192.19014214286028,0.5043978459209484,14.181644015892743,4.687564442508787,3.1223639176024958,215.93853014481346,1.4102236076026453,14.230129920097692,5.2667934181661815,3.335654446763283,10.183840208706716,0.013512737210066295,3.1338872649661242,0.42432667536277985,0.6262247246383085,92.59809144877505,1.9762127985536608,7.210785002072271,3.858253810365627,1.5218603531767145,102.78193165748176,2.6252267709721853,8.130516011954715,4.282580485728407,1.4985233254493702,23.565843277957356,0.01021056505595297,5.474902571275344,0.5480428669292409,0.9779065408178776,176.3208558914693,0.5043978459209484,13.12841732579841,4.100485020731845,2.9504507342809645,199.88669916942666,1.3897059527935678,13.200648055360908,4.648527887661086,3.166785924882011
c<B>r<59>R<ASP>,95.07263186619707,1.353990382962225,4.788798211091204,1.9402577931876954,0.8632001473821158,54.5795685653227,2.272006589184954,5.362601979900001,3.6386379043548467,0.9926602253488374,61.8453884008844,1.8825449623784223,5.647528322714345,3.4358549111602446,0.9281023363727171,108.76281318525476,1.2986329988005554,3.9504004403865154,1.6732740490039193,0.6479530166343623,115.09551932098283,1.212367255382942,3.768416308426924,1.6925811664850416,0.611459586403293,92.06380176030689,1.8825449623784223,5.362601979900001,2.707758875303144,0.6546859587120544,129.08273415790555,1.212367255382942,3.334029280064298,1.5366992161655422,0.4354051667280125,29.276068617993445,0.010589856937423647,3.1475928221615295,0.6505793026220765,0.7921507942269945,255.4278583652387,0.5043978459209484,17.921901566956876,5.676174630338638,2.6846310803350035,284.7039269832321,1.4102236076026453,17.933931291662613,6.326753932960714,2.6478382889164247,9.016662080485352,0.020719418297156622,2.1160832680930355,0.5303918870873736,0.5546049791535916,141.90926523136724,1.3064524532776431,21.275840091886607,8.34760383713925,4.590177495744513,150.92592731185258,1.7313814214513976,21.914166085700117,8.877995724226622,4.655182619458927,26.50385769477333,0.057495806948110406,6.449684545984429,1.0601543077909332,1.3649388709296453,179.50474975534172,4.102792771129145,13.272542467136418,7.180189990213669,2.4046143583725046,206.00860745011505,4.8059738959721,15.218472161746877,8.240344298004603,2.772773074848438,27.606461968496934,0.010296643670679728,2.180158641457556,0.49297253515173095,0.561310916794277,261.6833733073022,0.5043978459209484,13.12841732579841,4.672917380487539,2.4301324626683565,289.2898352757991,1.3897059527935678,13.413243840666981,5.165889915639269,2.476298117137556,36.62135533549656,0.01021056505595297,5.861002501291894,0.6207009378897722,1.0062915447760978,244.0523883282694,0.5043978459209484,9.648524975807277,4.13648115810626,1.7435478680612846,280.67374366376595,1.4102236076026453,10.380448508440766,4.757182095996033,1.8769842964514531,27.524139004919295,0.012548880669561946,6.449684545984429,0.5396890000964568,1.1621159918788515,241.11284042132354,1.3064524532776431,13.272542467136418,4.727702753359285,2.6768861013982588,268.6369794262429,1.7313814214513976,15.218472161746877,5.267391753455743,2.927819058567915,35.54492450048158,0.01021056505595297,5.861002501291894,0.49367950695113305,0.8492275065816417,267.3823661160927,0.5043978459209484,13.12841732579841,3.713643973834621,2.1977697418751507,302.9272906165743,1.3897059527935678,13.189158752891089,4.207323480785754,2.2717704314082914
c<B>r<60>R<TRP>,121.81972495173311,1.3296912812318002,3.6900246066386293,1.8741496146420478,0.7068518459555202,52.333597126293135,2.1583147109419825,4.377654019953573,3.270849820393321,0.6986087246498319,62.47878413805847,2.1980271475993676,4.9407393333916865,3.675222596356381,0.8066373574914261,131.77516442017313,1.2986329988005554,3.4148077767646634,1.6070142002460137,0.5523586852037834,145.00587544588703,1.212367255382942,3.768416308426924,1.747058740311892,0.6548785843993911,87.14920228664492,2.1583147109419825,3.2635472443422326,2.5632118319601447,0.3192048897938933,153.03471937966142,1.212367255382942,3.150799944351643,1.5303471937966142,0.44102517263505214,43.56030941557561,0.010108834399715771,3.647608549151416,0.5377815977231557,0.732052298812291,365.7345439131214,0.48776915215353256,8.3536099243629,4.515241282878042,1.4185163861171903,409.294853328697,1.3431216266086006,8.369032942535512,5.053022880601198,1.3800740340402138,14.987198757157211,0.020719418297156622,6.88179824324617,0.7493599378578606,1.5059098257407055,132.60946523623812,1.3064524532776431,11.433444704332032,6.630473261811906,2.0928454571620967,147.59666399339534,1.7313814214513976,11.952900294959012,7.379833199669767,2.3187834935343434,18.70837835527776,0.036584520860191816,3.6673753347568496,0.7795157648032399,0.840126834054933,166.95206797371821,4.102792771129145,15.842952157502168,6.956336165571592,2.654687774773795,185.66044632899596,4.8059738959721,15.87953667836236,7.735851930374832,2.545599372818605,39.94876397661831,0.010108834399715771,2.6976640749046314,0.4591811951335438,0.5952885239492158,342.9291817288851,0.4723142501873099,6.959470447597653,3.941714732515921,1.2409180688005577,382.87794570550346,1.3026975675619172,6.986753263464449,4.400895927649465,1.1358845038572893,52.62538249231039,0.010108834399715771,2.5581641536186446,0.5210433910129741,0.6636288830444915,382.5668971607921,0.48776915215353256,7.215920012203469,3.7877910609979417,1.1948833562680956,435.1922796531025,1.3431216266086006,7.276431051502295,4.308834452010916,1.145803069937369,23.74346411670346,0.012548880669561946,3.3482905841822745,0.4479898889944049,0.6928790144132358,254.04704379811358,1.3064524532776431,15.842952157502168,4.793340449021011,2.6274997051805817,277.79050791481706,1.7313814214513976,15.87953667836236,5.241330338015416,2.6268590501924822,49.539701510059096,0.010108834399715771,2.808647248493049,0.47180668104818185,0.6493493809720435,354.32026344318825,0.4723142501873099,5.693223557001886,3.3744786994589355,1.1134522199207748,403.8599649532473,1.3026975675619172,5.70381341393931,3.8462853805071173,1.0355463079692593
c<B>r<61>R<SER>,139.13290905985988,1.328828488152599,3.6900246066386293,1.8306961718402617,0.6539163355540581,55.2807717155888,2.1583147109419825,4.24473143856958,3.251810100916988,0.6366007148981203,73.53702794743216,2.201732020460976,4.392296384778538,3.676851397371608,0.5440924617831346,147.49793820749971,1.2986329988005554,3.4148077767646634,1.5691270022074437,0.48465491418610473,163.71985614051607,1.174811845991718,3.6334542744539515,1.6878335684589285,0.5780133742183138,97.24979574155167,2.1583147109419825,3.2635472443422326,2.559205151093465,0.3047133131023185,171.35971884836763,1.174811845991718,3.1849737189020115,1.490084511724936,0.37502971076567376,55.67275726651987,0.010584237276567876,3.580933203386964,0.5458113457501947,0.7834825884680938,473.99272616780854,0.4878680919533167,8.3536099243629,4.646987511449104,1.2580564418170581,529.6654834343284,1.3431216266086006,8.369032942535512,5.192798857199298,1.2014556037328314,18.74551561441929,0.020719418297156622,5.925635309796618,0.8150224180182299,1.3162720007752777,144.39672980974154,1.3064524532776431,9.05781638708163,6.278118687380067,1.7263592665717113,163.1422454241608,1.7313814214513976,10.716598989400538,7.093141105398296,1.9553499028510029,25.091446558826416,0.01843078474615112,2.6216029183194376,0.8094015018976263,0.7070452618494205,216.44195947947378,4.102792771129145,20.346994580856745,6.981998692886251,3.8723898076728553,241.5334060383002,4.8059738959721,20.8732931551709,7.791400194783877,3.7341067819350444,47.857256508117715,0.010296643670679728,2.6976640749046314,0.4390573991570432,0.5943757136530047,450.4706156061007,0.4723142501873099,10.72261807130468,4.132757941340373,1.287146247819919,498.32787211421845,1.3026975675619172,10.778415606445254,4.571815340497417,1.204661146860713,67.0837165025261,0.010584237276567876,2.877516152246285,0.5324104484327469,0.6870915830807289,487.2873880848453,0.4878680919533167,9.259508903789992,3.8673602228955977,1.1966641007418548,554.3711045873712,1.3431216266086006,9.32220138551471,4.399770671328342,1.1205001645723869,30.419578472325934,0.012548880669561946,4.706849189637495,0.5069929745387656,0.8547526134576328,254.55100105664275,1.3064524532776431,9.3944233409959,4.242516684277379,1.752874954344611,284.97057952896864,1.7313814214513976,9.412008143315372,4.749509658816144,1.7721886400052382,59.57491268917817,0.010558132083611671,2.808647248493049,0.46542900538420445,0.6365582960748501,442.5824898378767,0.4723142501873099,9.259508903789992,3.457675701858412,1.1801205169534565,502.15740252705496,1.3026975675619172,9.32220138551471,3.923104707242617,1.1071201340138972
c<B>r<62>R<PHE>,143.97128488554654,1.32462880271472,4.074727040591055,1.7996410610693316,0.6166527086306862,61.32145309212342,2.1583147109419825,4.963423955184066,3.607144299536672,0.7196921331908398,85.57731132577341,2.5639711370768015,5.097643558085811,3.889877787535155,0.49205913213893154,153.11272476089226,1.3056894436751987,3.5398869300414764,1.5623747424580843,0.46852009212140994,174.5718565276639,1.1984455392100644,4.074727040591055,1.694872393472465,0.582071159272383,109.15953822068305,2.1583147109419825,4.735666096419021,2.7289884555170763,0.5317398766277361,182.75312869236905,1.1984455392100644,3.5398869300414764,1.5103564354741243,0.4096538952401155,60.649744610940914,0.010584237276567876,3.2183700295778532,0.6188749450096012,0.8365666537185579,431.44825686520807,0.4878680919533167,8.3536099243629,4.40253323331845,1.3232541417965709,492.098001476149,1.3431216266086006,8.369032942535512,5.021408178328051,1.2674583530685606,19.08135475650952,0.020719418297156622,5.380898516293001,0.7067168428336859,1.1191454263788363,194.13188971965621,4.147512738853493,11.67590239816883,7.190069989616897,1.7405536088393574,213.2132444761657,4.3222623294314495,11.893958078870472,7.896786832450581,1.78123098921242,40.22047142502781,0.02807830125827593,7.546386875834713,1.087039768243995,1.4876902911882341,284.41496100184986,4.598108385429896,17.45527862856676,7.686890837887834,3.743424786618518,324.63543242687774,5.006863551049104,18.08534302615365,8.773930606131831,4.0054332944377835,58.858221972097226,0.010296643670679728,3.074638008181548,0.530254252000876,0.6922196153098711,453.43075422443053,0.4723142501873099,10.72261807130468,4.084961749769644,1.3004513956308856,512.2889761965279,1.3026975675619172,10.778415606445254,4.615216001770522,1.222416101831707,71.3794175699341,0.010584237276567876,2.621518648751316,0.5407531634085917,0.6632835504734442,502.2594136792375,0.4878680919533167,9.259508903789992,3.8049955581760417,1.152665812733821,573.6388312491717,1.3431216266086006,9.32220138551471,4.345748721584634,1.1006924591008636,38.33686908575058,0.012548880669561946,4.674567033786115,0.6085217315198505,0.9887885183956775,382.03416329200064,1.9762127985536608,17.034163317274135,6.064034337968264,3.7931204440734736,420.37103237775125,2.713641326465291,17.186031393171433,6.672556069488115,3.8012823792195336,69.9006490117401,0.010558132083611671,2.808647248493049,0.5376973000903085,0.6459278561884824,454.71467408304574,0.4723142501873099,9.259508903789992,3.497805185254198,1.1545147130956468,524.6153230947858,1.3026975675619172,9.32220138551471,4.035502485344506,1.0942121534183993
c<B>r<63>R<TYR>,133.72509428583143,1.32462880271472,4.3422615316988065,1.8070958687274519,0.6688869829597291,43.508676332418275,2.809683599239685,4.334597803967816,3.625723027701523,0.3428828344486151,73.6025345274679,3.1695061679388377,4.786970957275817,3.873817606708837,0.4314131203507745,138.80929119647385,1.2906393173200525,3.9729967959986974,1.595509094212343,0.5600448780157526,159.4869129413498,1.2139673802429432,3.762379589898171,1.6966692866101043,0.5762525088484667,86.93011420384849,2.2077455932487315,4.786970957275817,2.7165660688702653,0.4967880528450083,163.40067890930175,1.2139673802429432,3.762379589898171,1.527109148685063,0.42899505483239253,48.43954607317854,0.010584237276567876,3.0715863005129016,0.5504493871952106,0.796873946284728,404.3928132274458,0.4878680919533167,11.46238385422157,4.595372877584611,1.5743881722939095,452.8323593006244,1.8260142589298805,11.48836694726403,5.145822264779823,1.4714135823242018,8.386844631287326,0.04761510701777638,2.490967162532524,0.6451418947144097,0.7966774418452877,93.93118824284909,5.478831004434653,13.626484223369744,7.225476018680699,2.0849789153166722,102.31803287413642,5.537723323124203,13.700424912329463,7.870617913395109,1.8728032645543053,29.732687328203994,0.01993371772004693,3.368484923908099,0.8495053522343998,0.8393766475640434,238.19246538175216,4.47679059552992,11.860589252884438,6.805499010907204,1.9826830289939463,267.9251527099562,4.843744317488527,12.445168224094559,7.655004363141606,2.041564810342148,44.807573725392245,0.010584237276567876,3.0715863005129016,0.45722014005502293,0.6246411837718031,438.27495539256273,0.4878680919533167,11.46238385422157,4.472193422373089,1.5757355094866783,483.08252911795506,1.8260142589298805,11.48836694726403,4.929413562428113,1.4808896604949924,53.975425827413375,0.010584237276567876,2.290103492352154,0.44607789940011056,0.5633951280376781,460.6596199242427,0.4878680919533167,9.259508903789992,3.807104296894568,1.0400061665600628,514.635045751656,1.8260142589298805,9.32220138551471,4.253182196294677,0.9622727104410301,27.766120044839237,0.011736131794402915,3.11483619000127,0.6310481828372554,0.896565624140282,204.77329597416187,2.1133457123794983,10.141008778881314,4.653938544867315,2.2419527724410377,232.53941601900107,2.887084996986145,12.19151949018773,5.2849867277045695,2.423175665416084,47.80913846816104,0.010558132083611671,2.1457338096528114,0.4086251151124875,0.5358925584565326,425.38168272950276,0.4878680919533167,9.259508903789992,3.6357408780299383,1.0999899957548558,473.1908211976638,1.8260142589298805,9.32220138551471,4.044365993142426,1.0325133473592423
c<B>r<64>R<LEU>,140.81723991247213,1.32462880271472,3.7864789231250264,1.8053492296470786,0.665333199975218,40.96215361752431,3.3836319334910616,4.699184881521585,3.7238321470476645,0.41358376473809966,67.61836866282695,3.228290512921493,6.511064017882761,4.2261480414266845,0.8736765734155693,144.95006225129268,1.2906393173200525,3.7864789231250264,1.6105562472365853,0.5863662749481937,161.37279299030772,1.2139673802429432,3.7864789231250264,1.6986609788453444,0.5951456602093944,79.55026649644675,2.2212349825292703,5.624251197356101,2.8410809463016697,0.8202822218064371,164.9351427081978,1.2139673802429432,3.7864789231250264,1.5414499318523158,0.4902479965184296,55.884435077555146,0.010584237276567876,3.88400296942602,0.5425673308500499,0.7999387216079386,484.9443873998412,0.4878680919533167,11.46238385422157,4.708197935920788,1.5835081539465976,540.8288224773964,1.8260142589298805,11.48836694726403,5.2507652667708395,1.4862162180536513,11.888980837087905,0.023672590331200283,7.718865631651379,1.080816439735264,2.1929814900022317,79.71233965684632,5.981559280678084,8.678418443965938,7.246576332440575,1.100217080097882,91.60132049393424,6.1128147085317135,13.700424912329463,8.32739277217584,1.9311325636225014,23.83981271267935,0.01993371772004693,3.773987636680573,0.953592508507174,0.86127702616114,208.78900466574225,4.213013674393096,18.00935787182658,8.35156018662969,3.486977602926581,232.62881737842162,4.926710352178858,18.105449122317232,9.305152695136865,3.2830524536375836,52.871997132888,0.010584237276567876,3.7099972486932478,0.5183529130675294,0.7140728131974403,450.7447920582534,0.4878680919533167,11.46238385422157,4.419066588806405,1.4894639214140184,503.6167891911414,1.8260142589298805,11.48836694726403,4.9374195018739355,1.4183684527926048,55.96018161126165,0.010584237276567876,2.431304185479763,0.4476814528900932,0.5425029813482449,495.14905641040144,0.4878680919533167,7.4802989776308095,3.9611924512832117,1.0789180324331376,551.1092380216631,1.8260142589298805,7.491671776578057,4.408873904173305,0.9948582502499326,20.935174644817437,0.010890780434941405,4.457833922317632,0.5106140157272545,0.9408507886373488,221.40877657580774,2.1430875721284792,14.429451383594653,5.4002140628245785,3.4953278682733746,242.34395122062514,2.8744301836529287,14.536451026474063,5.910828078551833,3.512042527181063,53.56721262575625,0.010584237276567876,2.7218830034339696,0.4539594290318326,0.5660638780401195,447.5202878177313,0.4878680919533167,7.4802989776308095,3.792544812014672,1.1293795797317425,501.0875004434875,1.8260142589298805,7.491671776578057,4.246504241046504,1.0542651971275254
c<B>r<65>R<LEU>,132.4508459796205,1.3343212630061791,3.915344666099682,1.7660112797282734,0.6526078461402801,52.79072833410725,3.2662628841410912,6.591019153889562,4.060825256469789,0.9568697689920408,74.09673970305809,2.6381981903790517,6.511064017882761,4.1164855390587825,0.9032275860529178,142.20005720934222,1.3056824019143909,3.915344666099682,1.597753451790362,0.5707816784621128,158.9139983147143,1.2263630086732618,3.915344666099682,1.690574450156535,0.60706685490151,90.14813150293753,2.221947302257827,5.439874253537032,2.817129109466798,0.7331569798660231,166.79740586744146,1.2263630086732618,3.915344666099682,1.544420424698532,0.4752541442190895,48.401465735155455,0.010341882465022323,2.932449454882331,0.45235014705752763,0.7035280444359728,517.4556754701641,0.49520228301054203,11.46238385422157,4.8360343501884495,1.6337338849369194,565.8571412053196,1.6174839089934778,11.48836694726403,5.2883844972459775,1.6039506612175332,11.963652143821648,0.031039100635423367,3.1497612499392,0.7975768095881098,0.9267210045088521,122.5349181747722,3.9047874808732104,16.76775255247327,8.168994544984814,3.49505527281465,134.49857031859386,4.703835967742601,18.171878975955003,8.966571354572924,3.7746050587616238,26.79152413577069,0.03944818259370564,2.6606915171830785,0.8930508045256896,0.6794091137610762,248.15762564796347,4.213013674393096,18.00935787182658,8.271920854932116,3.450269122732631,274.94914978373413,4.926710352178858,18.105449122317232,9.164971659457803,3.323960137034312,46.495722835782026,0.010341882465022323,2.5896188063377528,0.426566264548459,0.5855016921559947,492.63837954560836,0.49520228301054203,11.46238385422157,4.519618160968884,1.5628443308606825,539.1341023813906,1.5402557608700667,11.48836694726403,4.946184425517345,1.5349085532887756,53.03890851202671,0.010341882465022323,1.9406423390148007,0.39288080379279045,0.5108491000165845,541.8333134961595,0.49520228301054203,8.958694490236326,4.013580099971551,1.2445254608973477,594.872222008186,1.6174839089934778,9.036960032078634,4.406460903764341,1.1764608053826724,27.997141719686397,0.010314713862975111,7.582204005220046,0.6086335156453565,1.2782359417477513,248.55729454733898,2.103167942470691,14.429451383594653,5.403419446681283,3.4132478367062093,276.5544362670254,2.7902442430970247,15.475514269945062,6.0120529623266385,3.5639174259365443,52.79686918669209,0.010341882465022323,2.081002223163347,0.396968941253324,0.5286676359953711,517.6673026957129,0.49520228301054203,8.958694490236326,3.892235358614383,1.3546131983255303,570.464171882405,1.5402557608700667,9.036960032078634,4.289204299867707,1.2740528948555978
c<B>r<66>R<TYR>,136.1676489806006,1.3343212630061791,3.6789774049603436,1.7684110257220857,0.5588467013535575,57.464258415784826,2.16766739664476,7.4989776207752445,3.8309505610523216,1.099265898437725,66.82132515230954,3.2941551358739254,6.511064017882761,4.176332822019346,0.7957939997318376,143.803492443834,1.3056824019143909,3.6789774049603436,1.5462741122992902,0.41264826623554424,156.54587389683502,1.1861749248253985,3.5444403324171865,1.6653816372003725,0.5045033806556491,88.85053286143753,2.16766739664476,4.989859282547226,2.7765791519199228,0.7020078778328285,163.68109119055697,1.1861749248253985,3.5444403324171865,1.4880099199141543,0.3239939801303036,53.36638300869734,0.010165701703436003,4.313421666562878,0.48514893644270307,0.7780643012948759,522.8795172192148,0.5079549157219958,8.24133641879655,4.7534501565383165,1.2909120735180808,576.2459002279122,1.321960830445939,8.378612722751129,5.23859909298102,1.2774927474286097,15.430198133612974,0.031039100635423367,3.1666448626567743,0.7715099066806487,0.9262846938185058,209.8074259471025,3.9047874808732104,25.452518476197397,10.490371297355125,6.391724175456225,225.23762408071545,4.703835967742601,26.54801619371655,11.261881204035772,6.356157933380129,22.780318764899125,0.06045668055638842,2.1008810072421973,0.8135828130321116,0.5355681591567176,280.74894549115464,4.421977967867008,17.752303703479868,10.026748053255522,4.656664707246376,303.5292642560537,5.142004351781852,18.508820353598168,10.840330866287632,4.639278828571099,49.88723629225998,0.010341882465022323,4.313421666562878,0.4619188545579628,0.6870012537975577,474.26586237385237,0.4715363799289207,7.537162772816728,4.39135057753567,1.137441746538509,524.1530986661123,1.3172176552723565,7.644854130947014,4.853269432093633,1.1361776880390004,55.834071919131674,0.010165701703436003,4.1676888650530834,0.4328222629390052,0.6167793707952955,526.1785742089575,0.5079549157219958,8.24133641879655,4.07890367603843,1.2271578569725385,582.0126461280893,1.321960830445939,8.378612722751129,4.5117259389774365,1.1725601018078102,25.061046449729037,0.010890780434941405,2.766843021968471,0.5221051343693549,0.7308805033969297,383.9475182978109,2.103167942470691,17.351636041833913,7.998906631204394,5.556885623311159,409.00856474753994,2.7902442430970247,17.40405796224777,8.521011765573748,5.464771198122941,52.606978806592146,0.010341882465022323,4.1676888650530834,0.43120474431632905,0.6317227074367339,475.7585744824008,0.4715363799289207,7.537162772816728,3.8996604465770557,1.285573367893754,528.3655532889929,1.3172176552723565,7.588328730250668,4.330865190893385,1.2078306857179937
c<B>r<67>R<TYR>,116.69975571992343,1.3343212630061791,3.915344666099682,1.7681781169685369,0.5982390161093976,61.313511765936994,3.2662628841410912,7.431339203143239,4.087567451062466,1.095044240053392,65.62667035844433,2.8703481381181275,5.163001828069471,3.860392374026137,0.554218669041953,130.63810566541127,1.3056824019143909,3.8070056020787364,1.5931476300659912,0.5401225704291703,141.70285805197256,1.1529165250102749,3.915344666099682,1.6869387863330065,0.5671986433472855,95.74534597284355,2.1975846635291183,7.431339203143239,2.9013741203891987,0.9879863559320691,153.88309195914644,1.1529165250102749,3.731061821520778,1.5388309195914645,0.44861353171368223,38.60347575009425,0.010341882465022323,3.162417219504704,0.46510211747101504,0.6845553483623241,422.42813602066917,0.5224575825197917,11.71574586093908,5.089495614706857,1.3728490035932677,461.0316117707634,1.8411838131534597,12.004764398637743,5.554597732177872,1.2984779545757288,16.180627731962957,0.010576468781458459,3.5197971275123336,0.8516119858927872,1.1064652581306706,173.5415116426604,4.933064894119525,16.30546046461683,9.133763770666336,3.5955667322410494,189.72213937462337,6.56031707305887,17.23840299842705,9.985375756559124,3.756006724288147,20.7703533925537,0.010907693821488706,2.646810383150079,0.7692723478723593,0.6211528548502684,182.86161043366775,3.5702917492219512,16.9367524496422,6.772652238283991,2.5225381531476456,203.63196382622147,4.076005902497204,17.127560915121215,7.541924586156351,2.359908158988711,42.858870403982074,0.010341882465022323,5.411622138205701,0.4815603416177761,0.7609579731723846,424.77876144386073,0.5224575825197917,10.115210101772448,4.772795072402929,1.3197549590313287,467.6376318478428,1.8411838131534597,10.128594786893988,5.254355414020705,1.358111671229705,47.96852885706445,0.010341882465022323,2.9968629975309673,0.4525332911043816,0.5878697314461874,443.2724275109575,0.5224575825197917,8.958694490236326,4.181815353876958,1.235057726287319,491.24095636802195,1.8411838131534597,9.036960032078634,4.63434864498134,1.1591367576349474,30.410563758004454,0.016120923945940113,4.475075929049531,0.6470332714469033,0.9578168413919934,315.0272294707664,2.1142598813028854,17.30701455602555,6.702707010016306,4.669771104071235,345.43779322877083,2.7902442430970247,17.53033700739831,7.349740281463209,4.718134676757276,48.73324078474684,0.010341882465022323,4.044656961455026,0.4351182212923825,0.673507604555534,465.6346700718259,0.5224575825197917,10.115210101772448,4.157452411355588,1.467757484178064,514.3679108565727,1.8411838131534597,10.128594786893988,4.592570632647971,1.4265048995260077
c<B>r<68>R<THR>,121.85217562155964,1.3185266642583922,3.9495920204108965,1.7407453660222805,0.5798886059174848,39.30719414807775,2.9416005693766096,6.399952585155587,3.9307194148077746,0.929231472335159,59.60058529350038,2.8703481381181275,5.537618146547805,3.9733723529000256,0.7220277206705376,129.0528202224719,1.2873144258523832,3.9495920204108965,1.5932446941045912,0.5403968304988599,140.98319702882455,1.1529165250102749,3.9495920204108965,1.6393395003351692,0.5229793249161924,76.65293651427096,2.1975846635291183,5.384175315168257,2.9481898659334984,0.8923211985789368,147.91862063292524,1.1529165250102749,3.9495920204108965,1.5249342333291263,0.46613515663168864,38.35007459211321,0.011801856298349733,2.6122818704298165,0.4916676229758104,0.5795628838900378,397.1621930141719,0.5224575825197917,14.249438454050999,5.091822987361178,1.6910918028122284,435.51226760628515,1.8411838131534597,14.431169629934226,5.583490610336989,1.6035830764130092,5.335597427682258,0.010576468781458459,1.8499921800745458,0.48505431160747803,0.5397008603168371,95.76965337753649,5.251261281483886,13.514913851238362,8.70633212523059,2.8343987768179297,101.10525080521876,6.629707620616744,14.13351696473286,9.19138643683807,2.8452973917059854,18.73376636300705,0.03640617383216416,2.646810383150079,0.8515348346821386,0.6187945971350397,161.81953984974984,3.5702917492219512,19.398237231232784,7.355433629534084,3.710682571354427,180.55330621275692,4.076005902497204,20.416144113204858,8.206968464216224,3.6847514050873307,36.63638872268361,0.011578018276664714,1.872557493817185,0.4414022737672724,0.4964106847690078,385.26195936273615,0.5224575825197917,9.40626790131336,4.641710353767905,1.4032190783481473,421.89834808541974,1.8411838131534597,9.465608840356094,5.0831126275351775,1.413399653052805,45.323386830337185,0.011459936024778017,2.0860723662621705,0.45323386830337187,0.5373138649573526,435.19858924111924,0.5224575825197917,14.425763489789063,4.351985892411192,1.721955062964286,480.52197607145644,1.8411838131534597,14.472934952659504,4.805219760714564,1.6184412329649769,23.251832182165273,0.024635375171893514,4.475075929049531,0.7046009752171295,0.987941515532505,190.44359017368572,2.188929600616575,12.952289869205515,5.771017884051083,3.4309670889378125,213.69542235585098,2.777735102109163,17.25723069950414,6.475618859268211,3.6461493461445125,42.77455314015546,0.011459936024778017,2.6119937253281034,0.40737669657290915,0.5306294125474486,426.5352221830395,0.5224575825197917,9.40626790131336,4.062240211267043,1.458803025924266,469.30977532319497,1.8411838131534597,9.439648188249155,4.469616907839952,1.4398762598804256
c<B>r<69>R<GLU>,89.52298302327235,1.3185266642583922,4.429434570482947,1.8269996535361703,0.7247118854174616,28.738578825620632,3.482321221196871,6.399952585155587,4.105511260802947,0.9845017517005659,55.57243666314003,2.2693498507940237,5.163001828069471,3.7048291108760023,0.6891286067700833,93.18452283765163,1.3087526957954285,4.429434570482947,1.634816190134239,0.6488962774080548,110.50771433874534,1.1529165250102749,4.006616963785949,1.7001186821345438,0.6372500243628871,67.0486989885434,2.1975846635291183,6.399952585155587,2.9151608255888437,0.9741831525994412,113.78131904464145,1.1529165250102749,4.006616963785949,1.5586482060909788,0.5447384234317288,20.555731061450615,0.011801856298349733,2.224284684577757,0.5409402910908057,0.6545546808060688,196.36294068871592,0.5096347217050017,14.249438454050999,5.167445807597788,2.37734531670911,216.91867175016662,1.8712636765018371,14.431169629934226,5.708386098688595,2.3047404209912186,6.184617491208481,0.01775779941707789,1.96785601435991,0.6871797212453868,0.5680347857220611,75.79409822789533,5.133397447198522,13.514913851238362,8.421566469766148,3.3310349265480323,81.97871571910382,6.151817741834463,14.13351696473286,9.108746191011535,3.2465308031609412,16.216128541273676,0.29952685478130014,2.2513428462611564,0.9008960300707598,0.5071372837601518,113.92946294769442,3.5702917492219512,19.398237231232784,6.329414608205245,3.300613903688337,130.1455914889681,4.076005902497204,20.416144113204858,7.230310638276006,3.4259076798826724,18.42965047926876,0.011578018276664714,1.4982888795196612,0.40064457563627737,0.45693086495411533,198.30390138361548,0.5096347217050017,7.834502406011609,4.310954377904684,1.4295661956551085,216.73355186288427,1.8712636765018371,8.28853460062883,4.711598953540962,1.4811189291424818,25.797234165519594,0.011459936024778017,1.9381178877481906,0.4525830555354315,0.519777798573715,232.5376786685406,0.5096347217050017,14.425763489789063,4.079608397693694,2.1380151371218172,258.3349128340602,1.8712636765018371,14.472934952659504,4.532191453229126,2.068729426359374,14.414794956484208,0.01188742936859466,3.088916708393615,0.5148141055887218,0.6223560981388955,190.5012856845616,2.1142598813028854,18.33746869327183,6.8036173458772,4.546480392363102,204.91608064104577,2.8472448060176063,19.1864337927153,7.31843145146592,4.470828909041817,23.71847358773488,0.011459936024778017,2.4283823717468564,0.3953078931289147,0.5135254592471702,214.6659748589773,0.5096347217050017,7.834502406011609,3.5777662476496217,1.3857237001217844,238.38444844671224,1.8712636765018371,8.261510130897138,3.9730741407785373,1.424496038824772
c<B>r<70>R<PHE>,104.47369088269075,1.3185266642583922,4.185629502046926,1.7707405234354363,0.6512001001823507,40.37499693380417,3.261381988403871,6.710051331106007,4.037499693380417,0.9678515478634527,57.56180151437861,2.2693498507940237,4.463067485295701,3.597612594648663,0.5191956061219717,112.3987058818926,1.2860984287266686,4.185629502046926,1.6056957983127513,0.5702687030043964,125.82844559607703,1.1529165250102749,4.006616963785949,1.655637442053645,0.5922487520705709,73.44332315777133,2.1975846635291183,4.057814779474202,2.7201230799174567,0.481334309757173,133.31113766546227,1.1529165250102749,4.006616963785949,1.5323119271892214,0.4945346098109095,30.653171612298415,0.011801856298349733,2.3741757302267104,0.502511010037679,0.6465531152994364,280.54203409801426,0.5014552343139735,8.254509717027052,4.599049739311709,1.5721571227683069,311.1952057103127,1.5177094679416268,8.604712452730988,5.101560749349388,1.4983782504282428,6.187954875528229,0.012892175437336562,1.96785601435991,0.5625413523207481,0.5230750321942089,83.55956612207426,5.133397447198522,13.578349441832106,7.596324192915842,2.5960299150674944,89.7475209976025,6.106297876068483,13.591241617269443,8.158865545236592,2.3354692768342824,16.402349789627205,0.15920446308849012,2.2513428462611564,0.8632815678751161,0.614946847578679,114.3043723207534,3.5702917492219512,14.070457475143861,6.0160195958291265,2.1618868080525657,130.7067221103806,4.076005902497204,14.441675834916712,6.879301163704243,2.1575883461007144,30.015450143193974,0.011578018276664714,2.3741757302267104,0.44140367857638196,0.5429242782103002,308.1831662743466,0.5014552343139735,11.256197216519372,4.53210538638745,1.8393680147643479,338.19861641754056,1.4382866703742345,11.341649397751025,4.973509064963832,1.7620276102715133,38.5952315530726,0.011459936024778017,2.397886845451552,0.44362335118474255,0.5650814584130175,327.9702850620161,0.5014552343139735,8.254509717027052,3.7697733915174263,1.2366839906448182,366.56551661508877,1.5177094679416268,8.604712452730988,4.2133967427021695,1.2126690001906193,15.246561614604783,0.01188742936859466,3.088916708393615,0.49182456821305753,0.6364260059669362,131.12079322998719,2.1142598813028854,8.248764530102793,4.229703007418942,1.7283128897717084,146.36735484459194,2.714998195057502,8.533377575324666,4.721527575631998,1.7190930105090338,37.30461305142504,0.011459936024778017,2.4283823717468564,0.42878865576350617,0.5817932588806459,318.51437240658316,0.5014552343139735,8.254509717027052,3.6610847403055535,1.322541021470049,355.8189854580083,1.4382866703742345,8.604712452730988,4.089873396069061,1.288592983750237
c<B>r<85>R<VAL>,72.15145132657072,1.3604458422366508,4.177045819510005,2.004206981293631,0.7838267767408608,31.69575623524039,2.1563845418408865,5.2564975017186155,3.5217506928044875,0.8708747732858622,46.10379619130144,2.7810444607967244,4.970292551934835,3.841983015941787,0.5800469901568549,78.35676502816897,1.3000683097029586,4.177045819510005,1.7034079353949776,0.6915790241620869,91.71271813454672,1.153002059517828,3.7899700869436708,1.871688125194831,0.6940485975559542,60.365034853989265,2.1563845418408865,4.970292551934835,2.743865220635876,0.6317593933650879,97.11732249404584,1.153002059517828,3.5369083342858807,1.646056313458404,0.5738732094448311,17.843658169276214,0.01150458473822269,2.659373129952522,0.686294544972162,0.7548495047666769,133.22730405294186,1.1975159012420713,12.28226588228631,5.124127078959303,1.8922104904930124,151.07096222221807,1.3206932376748783,12.342916999380584,5.8104216239314646,1.901293163852136,4.501579802151544,0.030178034652739605,2.9682001207773556,0.9003159604303088,1.0506268104217429,37.433655914120514,2.899737414371973,13.791949002090632,7.486731182824103,3.711525067530934,41.935235716272054,3.4476989288108677,14.315944005895464,8.38704714325441,4.099670457163395,18.929027220033817,0.030557189047092592,10.025114775281907,1.456079016925678,2.698715569339771,94.07319800539207,3.7652798524705418,15.251275870997134,7.236399846568621,3.1311321203335343,113.00222522542587,4.384923357380643,15.89316145390967,8.692478863494298,3.797618922030163,14.46964771543036,0.010076820705986478,2.8546228493882264,0.361741192885759,0.5882155362451766,176.29913953838536,0.4747176280927796,12.28226588228631,4.407478488459634,1.8543860219893877,190.76878725381573,1.3050651229737462,12.342916999380584,4.769219681345393,1.9225489484626233,29.40889559558337,0.011249580249245383,3.001104630569486,0.5159455367646205,0.6352642214419616,234.38793374845278,1.1975159012420713,7.481121636776496,4.112069013130751,1.1143273632981092,263.7968293440362,1.3206932376748783,7.867104802872063,4.628014549895372,1.114580491128089,13.314711386214992,0.019455626190223008,4.535664814754044,0.5325884554485997,0.9349347546367496,105.63697442241912,2.1232891091997317,6.989380395838012,4.225478976896764,1.4800183125971969,118.9516858086341,2.5374593649892034,11.443356311147555,4.758067432345364,2.034006507755796,24.616009031931583,0.010076820705986478,3.001104630569486,0.384625141123931,0.5698274392505408,246.65925449017905,0.4747176280927796,7.481121636776496,3.8540508514090477,1.2741486280051477,271.27526352211066,1.3050651229737462,7.867104802872063,4.238675992532979,1.2670638565155696
c<B>r<86>R<THR>,78.81130246653987,1.3604458422366508,4.6938765606909545,1.9222268894278018,0.7367567649518422,39.24822380051081,2.1563845418408865,5.2564975017186155,3.5680203455009827,0.8425095773934211,46.49015499503919,2.7810444607967244,4.970292551934835,3.8741795829199326,0.6399372394342859,84.72732580825226,1.3000683097029586,4.6938765606909545,1.5986287888349484,0.6064312019452096,95.96320789067204,1.174811845991718,4.6938765606909545,1.7770964424198525,0.6630953769530306,64.20254218974954,2.1563845418408865,4.970292551934835,2.675105924572897,0.5730747148756403,101.42219855518891,1.174811845991718,4.6938765606909545,1.536699978108923,0.5087005071728536,21.77263644155742,0.01150458473822269,2.659373129952522,0.6597768618653763,0.7291873278704161,154.48700541946337,1.1975159012420713,7.941690064188394,4.681424406650406,1.1211660960789882,176.25964186102078,1.3206932376748783,8.774157341488955,5.341201268515781,1.1802983823369926,7.824034835090221,0.030178034652739605,2.9682001207773556,0.8693372038989134,1.0089148292726728,64.01023261024025,2.899737414371973,10.458093146518909,7.112248067804472,2.1170863558557067,71.83426744533048,3.4476989288108677,12.051295677850677,7.981585271703387,2.481295351874037,13.019096600279795,0.038084638073943466,4.288844116676675,1.001468969252292,1.095283684125097,82.86888816363013,3.7652798524705418,10.850115662234444,6.37452985874078,1.8897460850179217,95.88798476390991,4.384923357380643,12.58269908086908,7.375998827993071,2.3410051321154444,19.012733718266354,0.010076820705986478,2.7614244000849464,0.4225051937392523,0.6237592433027729,186.68352457808905,0.4747176280927796,6.253975686496283,4.148522768401979,1.0131997131561028,205.6962582963554,1.3050651229737462,7.299649483364755,4.5710279621412315,1.1040564944960065,27.698638836234217,0.011249580249245383,2.4026817513583794,0.5036116152042585,0.6002050583841595,223.87721635332503,1.1975159012420713,7.941690064188394,4.070494842787728,1.15931810937402,251.5758551895592,1.3206932376748783,8.774157341488955,4.574106457991985,1.2176031705645218,13.773377135373856,0.030178034652739605,4.535664814754044,0.491906326263352,0.8385647046692436,120.77876582968025,2.1232891091997317,9.052878210454285,4.313527351060009,1.783029703263801,134.55214296505414,2.5374593649892034,11.443356311147555,4.805433677323363,2.151384829223686,22.38424832919625,0.010076820705986478,2.068275064373502,0.34437305121840384,0.4778093026687504,246.38980121834604,0.4747176280927796,6.626833145766626,3.7906123264360927,1.1643327570565865,268.7740495475423,1.3050651229737462,7.929163380790916,4.1349853776544965,1.1793847507870094
c<B>r<87>R<LEU>,80.25303267938995,1.3604458422366508,3.889808711156325,1.8239325608952262,0.5395379090242408,42.24200921253476,2.734495067849576,4.814049210913973,3.5201674343778966,0.5883194156764657,49.46934923193627,2.7810444607967244,4.481192353258969,3.80533455630279,0.5153711152452936,86.39405472280646,1.3000683097029586,3.780151034331607,1.5156851705755519,0.3382680116188053,97.11005322325859,1.1896554527230911,3.012332203983019,1.6743112624699756,0.4618692976174446,67.5270685321108,2.200821166096349,3.3429685536879257,2.597194943542723,0.3354749800600918,103.3607329434998,1.1896554527230911,2.7810444607967244,1.4557849710352084,0.22577344349341377,21.46747858113408,0.015626447572089752,4.043399885520072,0.6505296539737601,0.8759223616918743,156.6458042095403,1.1975159012420713,7.2597887579727285,4.746842551804251,1.2725470721245966,178.1132827906744,1.3206932376748783,7.882591403565611,5.397372205778012,1.3617926325901684,12.083772356854958,0.023390531123990144,7.337745949030637,1.2083772356854958,2.2290698365401633,80.39366336801146,2.899737414371973,15.423824539001544,8.039366336801146,3.6492725912400776,92.47743572486644,3.4476989288108677,15.51731408919052,9.247743572486645,3.708918828510234,13.538754925616164,0.015402268413577502,1.3799885091653055,0.7521530514231203,0.377835563920606,115.66801863003374,3.7652798524705418,17.12596130757953,6.426001035001875,2.9078432227585354,129.2067735556499,4.384923357380643,17.74020547079502,7.178154086424994,2.8220617020762027,16.224936520553197,0.010076820705986478,3.9558940833695413,0.4160240133475179,0.7660821138854902,164.77370475492387,1.1975159012420713,6.8913441937411335,4.224966788587792,1.1471121449369697,180.9986412754771,1.3206932376748783,7.770296169917485,4.6409908019353106,1.3535341465813238,25.277106735818606,0.011249580249245383,2.40776199206962,0.45958375883306557,0.5913560423639722,210.8074255337031,1.1975159012420713,6.023935471448757,3.8328622824309657,1.059774859694525,236.08453226952167,1.3206932376748783,6.08650683249827,4.29244604126403,1.0827015947201117,12.053301709252583,0.010713870479585275,4.411289302933235,0.40177672364175276,0.8167953885278839,139.1915442415119,2.087921883781746,18.429420924965598,4.63971814138373,3.669784127397889,151.2448459507645,2.5374593649892034,18.460107617788267,5.041494865025483,3.5974201407306508,19.66309838655041,0.010076820705986478,3.373523301235675,0.3449666383605335,0.5704840042566567,197.2872592050776,1.1975159012420713,6.023935471448757,3.4611799860539927,1.0549741852791157,216.950357591628,1.3206932376748783,6.08650683249827,3.8061466244145263,1.0944468962393155
c<B>r<88>R<SER>,43.98178388585574,1.3896033756338095,4.354865668745074,1.9122514732980758,0.6716669128464251,29.042190064560806,2.734495067849576,4.886472088584243,3.6302737580701008,0.679890722379705,34.402557996605154,3.159732312277199,4.481192353258969,3.822506444067239,0.4035784224360028,50.19557878833167,1.3042453754997145,3.2719424116656466,1.5686118371353648,0.3903709804337349,55.821861355165794,1.2070019996521113,3.5353707833472177,1.6915715562171452,0.5407848857520746,46.67747729699579,2.226837128732443,3.3429685536879257,2.5931931831664325,0.3322661549497503,62.64514632974706,1.2070019996521113,3.061937598373121,1.4915511030892157,0.34185650349529917,7.227754876460605,0.019755818592708252,2.494112315438789,0.5559811443431235,0.6475896516683899,65.78492184799455,1.4892146854916177,7.737797954021971,5.0603786036918885,1.9545448403814296,73.01267672445518,1.6004598162598747,8.108917843228957,5.616359748035014,2.172705874705277,8.275442822083395,0.023390531123990144,7.027472920914295,1.3792404703472325,2.542324409058827,62.99859312675346,6.441438816005984,15.423824539001544,10.499765521125576,3.272557193648603,71.27403594883685,6.899758264500406,15.51731408919052,11.879005991472809,2.791850275044041,7.698335127149147,0.015402268413577502,1.185238623075402,0.6998486479226498,0.34594855181535655,64.83680773264507,3.7652798524705418,10.093666343521363,5.894255248422279,1.6602507851849015,72.53514285979422,4.384923357380643,10.10906861193494,6.594103896344929,1.5042289634526382,8.841771910818409,0.03580039991658701,3.3677040950253367,0.6801363008321852,1.0776820088691623,54.095003546919486,1.3847138407459738,6.8913441937411335,4.161154118993807,1.4389134096628664,62.9367754577379,1.5190104677983198,8.108917843228957,4.8412904198259925,1.9518110087370466,8.685806669149773,0.015382419800155311,1.4957070448857195,0.37764376822390316,0.4023838346069744,80.84949644753027,1.4892146854916177,5.367517040985433,3.5151954977187074,1.0016283667186336,89.53530311668005,1.6004598162598747,5.406770595656541,3.892839265942611,1.0674548713686498,5.282573365375911,0.010713870479585275,1.7121065236727446,0.2934762980764395,0.4008645524442027,67.06905568744764,2.3504945678578792,5.841711648704631,3.726058649302647,0.9355635864655855,72.35162905282355,2.7010312634362004,5.931730864170859,4.0195349473790865,1.047967044065146,8.581549668184666,0.014721022754580204,1.1428127107351056,0.30648391672088093,0.3562472994427245,92.5175281240123,1.3847138407459738,4.96937894485859,3.3041974330004393,0.9923774746820959,101.09907779219697,1.5190104677983198,5.891693187018799,3.6106813497213204,1.1474670273776528
c<B>r<96>R<ASP>,73.08234190469778,1.337013720303619,4.034663341192663,1.782496144017019,0.6136737229687855,36.86960809116906,2.926769352691297,6.86465214254509,4.096623121241007,1.2023039449552297,49.00465539468456,2.099658844610759,4.901332303931642,3.769588876514197,0.9666493915672953,80.79795511250582,1.296841062879579,3.88787992742146,1.5842736296569768,0.4991014723613075,91.38162069889789,1.2102207420939168,3.7849647402878683,1.6614840127072343,0.5570815931588358,68.1225288978777,2.099658844610759,5.193357332761167,2.9618490825164216,0.8565982323059325,98.6388753475722,1.2102207420939168,3.7849647402878683,1.5175211591934183,0.4213941242153103,15.661640952887534,0.019389354831852224,5.849796829090984,0.6023708058802898,1.2020571681995598,118.51308003831289,0.5113482760431225,6.988038750123067,4.558195386088958,1.5326537680191303,134.17472099120042,1.337740535369528,11.493087713117514,5.160566191969247,1.8921266276416917,1.4289663805546304,0.08186842528923322,0.6055378307332298,0.2857932761109261,0.1828806095534758,66.51391043582497,4.688217953628806,23.917899166328198,13.302782087164994,6.198677075484453,67.9428768163796,5.293755784362036,23.99976759161743,13.588575363275918,6.034282538596815,14.68826514741647,0.05034881645643097,3.0479234555862824,1.0491617962440336,0.9486011009440248,92.30635614119096,4.604153675939585,11.25275439338456,6.593311152942212,1.660761484812981,106.99462128860743,5.960721326147545,11.50659373317524,7.642472949186245,1.4466991643835783,13.747902644495754,0.01755681652367791,5.3026622877054095,0.4740656084308881,1.0361998523981455,123.0146298517317,0.5083444786720293,10.820472015233598,4.241883787990748,1.764670613811357,136.76253249622746,1.337740535369528,10.94595317173194,4.715949396421637,2.006159675469234,18.170717144366023,0.013309539507944557,3.8540392392948544,0.42257481731083774,0.690111370710013,179.19780808515335,0.5113482760431225,7.500843026323083,4.1673908857012405,1.4794590161079708,197.3685252295194,1.337740535369528,7.768202299470781,4.589965703012079,1.4797555438845915,8.258371044563381,0.01226270884620817,1.3133533982633079,0.3058655942430882,0.30626489980099236,152.29638489488627,2.4574952305241737,15.6884260757854,5.640606847958751,3.5805770597860316,160.55475593944965,2.671588819390699,15.830274776456948,5.946472442201839,3.6200254787837065,17.277392487255593,0.01113371157294285,3.8540392392948544,0.36760409547352324,0.6570749848643274,195.46049564089344,0.5083444786720293,14.524522207763434,4.158733949806243,2.185657114976254,212.73788812814908,1.337740535369528,14.944375566791946,4.5263380452797675,2.1907024716176307
c<B>r<97>R<ARG>,78.1157609347475,1.337013720303619,3.8285220956606913,1.8598990698749405,0.6736988171939418,39.74233393128072,2.2957510661351495,5.863457898861165,3.6129394482982473,1.054749722468599,53.99205955534184,2.099658844610759,6.1170103012393,3.8565756825244173,1.1842791995870843,86.2169417216908,1.296841062879579,3.8035029694852063,1.596610031883163,0.5581922909948771,98.5701608016643,1.2102207420939168,3.76235953183333,1.729301066695865,0.6008154157681912,72.40918962740528,2.099658844610759,4.143701333075717,2.78496883182328,0.5741048754697823,106.24115602362725,1.2102207420939168,3.6987175640760426,1.5397268988931487,0.4755361580633925,20.394120587163716,0.010086610637151772,5.849796829090984,0.703245537488404,1.2104320658329208,154.75466043210932,0.5113482760431225,15.481571145944628,5.336367601107218,2.9467738593826116,175.14878101927306,1.337740535369528,17.48803093796225,6.039613138595623,3.2190029803189373,6.300972943272045,0.2341247936237636,2.5339423894979767,0.7876216179090056,0.7043791394993062,75.95812440209717,1.3619722604599014,14.69064651828674,9.494765550262146,4.714611039518103,82.25909734536923,1.7948573353580826,14.978000294064401,10.282387168171153,4.982254585433545,16.2256004605882,0.05034881645643097,3.0479234555862824,1.0141000287867625,0.9732548280389188,129.78269981587457,4.604153675939585,15.441119198927634,8.11141873849216,3.2116136227000074,146.00830027646276,5.960721326147545,15.584611064859171,9.125518767278923,2.9880834913936365,17.976670935494184,0.010086610637151772,5.3026622877054095,0.5136191695855481,0.9781340754195313,163.17717160937724,0.5083444786720293,15.481571145944628,4.662204903125064,2.5462249067648597,181.15384254487145,1.337740535369528,17.48803093796225,5.175824072710613,2.870130537094199,24.821980534683725,0.011156801282977469,3.8540392392948544,0.5281272454188026,0.7994197896270755,216.81338975281687,0.5113482760431225,15.481571145944628,4.613050845804614,2.410651048187027,241.63537028750068,1.337740535369528,15.658573241789389,5.141178091223419,2.4191087964524876,17.37406313094644,0.01226270884620817,6.117516487764553,0.560453649385369,1.0864292653632976,156.89378676806695,1.3619722604599014,15.441119198927634,5.061089895744095,2.6510767370817097,174.2678498990134,1.7948573353580826,15.584611064859171,5.621543545129465,3.049197946202288,22.923090227479367,0.01113371157294285,3.8540392392948544,0.43251113636753524,0.7087594633467553,221.5388269624625,0.5083444786720293,15.481571145944628,4.179977867216274,2.225664344179942,244.46191718994191,1.337740535369528,15.658573241789389,4.61248900358381,2.2279089523863345
c<B>r<98>R<ASP>,71.74568897281637,1.3521220672484375,4.460068837847526,2.110167322729893,0.8877931564804122,53.0935833610587,2.253850696625112,6.4034389556829545,4.084121797004515,1.2099007401139674,38.075354051525096,2.099658844610759,6.474807024287482,3.8075354051525094,1.3511824488600235,86.10311093262368,1.306236769575883,3.8486978299848884,1.7938148110963266,0.7855473710158697,91.60237461266554,1.2148590919836282,4.824694156319832,2.035608324725901,0.9847523231751493,75.88144284516488,2.099658844610759,5.193357332761167,3.1617267852152033,0.9061056300447664,104.23367689342994,1.2148590919836282,4.1442560904458885,1.7666724897191517,0.8139877534135143,15.229319111164633,0.019021569237539282,2.347922173883733,0.4759162222238948,0.6130003098136455,165.99771430705576,0.4947412549821024,11.448589604530355,5.1874285720954925,2.0949731733443895,181.2270334182204,1.8625209891098453,11.493087713117514,5.6633447943193875,1.9484490812348372,10.154255181805148,0.05070717025291582,2.5339423894979767,0.7810965524465499,0.6997537394167221,155.93267282543712,1.361616287233403,27.667794939687866,11.994820986572087,7.066040252574123,166.08692800724225,1.7379738283026076,27.824250701212225,12.775917539018634,6.962006792918,9.20679163519529,0.11043616046188909,2.961142192651339,1.022976848355032,0.855909445637779,61.95837382593393,4.604153675939585,13.50053909251028,6.884263758437104,2.7005955387813305,71.16516546112923,5.960721326147545,13.818660150485837,7.907240606792137,2.3531354418534294,15.236663631371279,0.01563222621443927,1.9849431163593563,0.39068368285567384,0.5521641689716263,180.3817493018695,0.4947412549821024,10.928333275602384,4.625173059022295,1.8270402439107938,195.61841293324076,1.8625209891098453,10.94595317173194,5.015856741877968,1.7393053965534306,22.406021415677966,0.01748380708001518,1.9473482923901102,0.521070265480883,0.5181636946385306,197.98803686515555,0.4947412549821024,13.50053909251028,4.604372950352455,2.2412213142275923,220.39405828083352,1.8625209891098453,13.718098513039997,5.125443215833338,2.269936061729305,16.224002138819834,0.0112815060890199,2.609248969411098,0.5070000668381198,0.6408024931371508,196.10763865205467,1.361616287233403,15.134078223142257,6.128363707876709,3.459858532066661,212.33164079087453,1.7379738283026076,15.145359729231277,6.635363774714829,3.626422675817623,24.286095363346753,0.01113371157294285,2.278341565296026,0.44156537024266823,0.5684876062260421,244.21769723245689,0.4947412549821024,13.50053909251028,4.440321767862852,2.1752659266617673,268.50379259580365,1.8625209891098453,13.718098513039997,4.881887138105521,2.1621133877524006
c<B>r<99>R<MET>,94.4818666594725,1.3504692053651541,3.8285220956606913,1.928201360397398,0.7651430143495853,48.61690904996874,2.253850696625112,5.169120868826893,3.4726363607120527,0.9825925744751997,36.14444963621584,2.099658844610759,4.931463764831488,3.614444963621584,1.0504736051976744,106.95645169011425,1.296841062879579,3.5748287727592167,1.6711945576580352,0.6573653540847401,109.94097277816617,1.2148590919836282,3.637824088873638,1.8323495463027695,0.7479711129642965,70.87706970456544,2.099658844610759,4.926265828808161,2.8350827881826177,0.6802437619118287,121.13230390507904,1.2148590919836282,3.5119856833337924,1.615097385401054,0.6000813439772504,26.855606874695805,0.013392543829993997,7.37680367160878,0.5371121374939161,1.1037863575774571,221.1819849739705,0.4947412549821024,8.170875136642508,4.42363969947941,1.637254907929137,248.0375918486663,1.3716001664432984,11.493087713117514,4.960751836973326,1.842975391529367,13.316777540774243,0.029706541846096002,6.248836172655025,1.0243675031364803,1.5838546520850503,85.54648353794995,1.3433378299237262,10.884854768093305,6.580498733688458,2.772520370339727,98.86326107872421,1.7379738283026076,13.87050232196371,7.604866236824939,3.457661082457623,10.585276097205186,0.09450960620019622,2.961142192651339,1.0585276097205187,0.8255880442491316,62.39724799930579,4.604153675939585,9.582555150365863,6.239724799930579,1.4009527632780505,72.98252409651099,5.960721326147545,10.37901514419157,7.298252409651099,1.1956345234932033,28.921251364879538,0.011128744999865159,7.525825267030786,0.4518945525762428,1.0174461889776236,256.0115113642663,0.4947412549821024,10.820472015233598,4.000179865066661,1.5598876283797507,284.93276272914585,1.3567742678019858,10.94595317173194,4.452074417642904,1.6916788413709767,31.233337478090217,0.01035044651002437,4.1867127781651785,0.47323238603166995,0.7212324844161891,264.97811746248817,0.4947412549821024,9.582555150365863,4.014819961552851,1.4542638130007912,296.2114549405784,1.3716001664432984,9.592905596875887,4.488052347584521,1.4839850856809829,14.701079941945546,0.0112815060890199,2.308921866306884,0.42003085548415847,0.49616603487434235,182.54513841673818,1.3433378299237262,15.134078223142257,5.215575383335377,2.71595267192455,197.2462183586837,1.7379738283026076,15.145359729231277,5.635606238819534,2.768943599387259,32.597550239821096,0.011128744999865159,4.348074394769627,0.4233448083093649,0.709898091289092,281.06532396160253,0.4947412549821024,8.260708964142335,3.6501990124883443,1.346987885134001,313.6628742014236,1.3567742678019858,8.276519346562614,4.07354382079771,1.332239472756309
c<D>r<2>R<GLN>,66.78457248094892,1.3912658102642201,6.488357024813143,2.087017890029654,1.1308396805395118,27.80068072572387,2.8102135596880764,7.4590995194342256,3.971525817960553,1.48848595351998,46.48668403176656,2.194062348616336,4.847155331875322,3.8738903359805463,0.8462015086772655,72.45233394645044,1.3264530732351698,6.051998568986731,1.811308348661261,0.9575554018775432,81.01299834754172,1.2280365691442223,4.315101798194175,1.800288852167594,0.7588744259719546,58.196735383308074,2.194062348616336,4.814436356628083,2.9098367691654037,0.7541055367315803,87.5527640391945,1.2280365691442223,3.983701949479922,1.6519389441357453,0.6621647893880662,20.965197079047854,0.024841092486783012,2.850731944484365,0.9115303077846894,0.8237784680590357,145.01021937965317,2.8303984640317594,14.680981718674502,6.304792146941442,3.306419468419841,165.975416458701,2.8562986473756453,15.48475321323571,7.21632245472613,3.396865459263819,2.784873728389999,0.02652287839191736,1.7505982153792825,0.6962184320974998,0.7149827844056259,41.192034057568435,4.669694572426124,15.475181502041096,10.298008514392109,4.526362528537919,43.97690778595843,5.6266722512966005,15.692439112146245,10.994226946489608,4.634988493010234,10.635145615202514,0.012524643049215634,1.9866419555616819,0.7090097076801676,0.5902051950336599,153.07000277780935,5.469940586415078,21.3407800681382,10.204666851853956,5.037280247129443,163.70514839301185,6.345385512893786,21.382482949867956,10.913676559534123,4.894038467637716,19.132416324080953,0.017052873466692375,2.850731944484365,0.5797701916388167,0.6041530057637539,197.53889700146948,1.8546745907135573,15.303076221260199,5.9860271818627115,3.129725191546065,216.67131332555044,1.8757885593689763,15.538505747410843,6.565797373501528,3.2920060486896334,20.072848277666846,0.012120054066954822,2.9900199945454755,0.6082681296262681,0.7983915661356314,158.8559669413644,1.8308206057167808,12.873758087597025,4.813817180041345,2.682322938285268,178.9288152190312,1.8455603390390602,14.839928865050286,5.4220853096676125,2.8969042312034334,8.209425941954361,0.01278862664154179,1.3199328625564934,0.32837703767817444,0.38617644444093213,120.56990939064781,2.4233021631780503,9.072043021843456,4.822796375625912,1.7823189432441053,128.7793353326022,2.9443258013538163,9.137572965503335,5.151173413304088,1.818993783991097,20.545876292560997,0.013280777945887223,2.850731944484365,0.513646907314025,0.671577543153081,201.21983387589012,1.8308206057167808,15.303076221260199,5.030495846897253,3.2176526742746923,221.7657101684511,1.8455603390390602,15.52601480356968,5.544142754211277,3.3188374114950765
c<D>r<3>R<GLU>,77.4804678229957,1.499861783030309,4.6302219317937965,2.0389596795525184,0.8386732308165251,33.31407726372617,2.8102135596880764,5.7520797038896445,3.701564140414019,0.8227837264958759,67.72921062886734,2.1725787992420957,4.807157961379888,3.762733923825963,0.864631568056389,82.2509938636546,1.3256671055609701,4.6302219317937965,1.7135623721594708,0.694361256669975,100.72021690040697,1.2268023120084766,3.977059423770602,1.767021349129947,0.6366404878399328,79.0859598567038,2.1725787992420957,4.807157961379888,2.82449856631085,0.7408164686068202,106.00412890862049,1.2268023120084766,3.977059423770602,1.5821511777406043,0.5047813195044439,19.29976015505144,0.024841092486783012,3.8352199677232974,0.6031175048453575,0.8681464632128126,181.13753344990934,1.9854705406284303,12.631259435607944,5.660547920309667,2.4585671302862546,200.4372936049608,2.129757824132408,12.74035399918837,6.263665425155025,2.5174820533815088,4.413648738690424,0.0507749557483228,2.364715736079246,0.7356081231150706,0.7858202437190765,44.02506768660152,4.669694572426124,9.636170888024253,7.3375112811002525,1.6730749769964979,48.43871642529194,5.6266722512966005,9.964487557834504,8.073119404215324,1.4298989921950154,26.406997353790064,0.06569986068215172,8.591394886125581,1.200318061535912,1.7954835189272782,163.3137100743129,2.0319267840195607,17.312116788643152,7.423350457923314,3.8480897398443856,189.72070742810297,2.211898302007725,18.481729418346035,8.623668519459226,4.0450663134309535,18.000999043596963,0.018396854623480507,3.8352199677232974,0.48651348766478275,0.738845571042933,188.40224560997186,1.8546745907135573,12.631259435607944,5.091952584053294,2.1121701078768664,206.40324465356883,1.8757885593689763,12.74035399918837,5.5784660717180765,2.2522136023679455,23.206660190147417,0.010285590117334209,3.804787069522323,0.47360531000300854,0.6866800684867369,206.08094380963928,1.1991944412880002,11.48773273269694,4.2057335471354955,1.9019998262855102,229.2876039997867,1.3780573745913274,11.499852786763896,4.679338857138505,1.9487129704627906,20.997144707444388,0.01278862664154179,5.06992643691062,0.6362771123467996,1.082004233012785,161.56666567209257,2.0319267840195607,9.092894960052945,4.895959565820987,2.0105615442375733,182.56381037953693,2.211898302007725,10.4169500041409,5.532236678167786,2.2616247902368007,23.34644995114064,0.014739733322279402,3.804787069522323,0.47645816226817633,0.6734084382582903,191.99248802316902,1.1991944412880002,9.639458397361807,3.9182140412891635,1.813841454774771,215.33893797430966,1.3780573745913274,9.668887314565115,4.39467220355734,1.9156543494765326
c<D>r<4>R<VAL>,120.0301911412065,1.3909344124324212,4.6302219317937965,1.8754717365813516,0.6392387218995617,56.24313739899564,2.8102135596880764,5.471900090079633,3.749542493266376,0.7290241137126907,73.48329459886992,2.1725787992420957,4.814436356628083,3.674164729943496,0.6878722073355795,129.06632663649796,1.3187495618086869,4.6302219317937965,1.6133290829562246,0.5451185818385078,145.62295161398282,1.225297447748615,3.3958303962790914,1.7132111954586213,0.5206382464605692,98.72159861979597,2.1725787992420957,4.814436356628083,2.7422666283276658,0.5985915184045565,153.7197680425943,1.225297447748615,3.3958303962790914,1.5219779014118247,0.3670852730055085,41.76586292359468,0.011628368710763226,4.1614933890740105,0.6425517372860721,0.9604083214018805,373.8910162804961,1.9854705406284303,12.631259435607944,5.752169481238401,1.989786315112561,415.6568792040908,2.129757824132408,12.74035399918837,6.394721218524474,2.0623110490072905,16.515148519376787,0.013609552707684713,3.78809455797092,0.786435643779847,0.9313683674319886,210.76170113289334,4.553543208141718,18.509822593391846,10.03627148251873,4.449522544416269,227.27684965227013,5.6266722512966005,19.437998177706817,10.822707126298578,4.352752835378203,30.419033916365184,0.06569986068215172,8.591394886125581,0.9217889065565207,1.4558502550074979,230.78536546176608,2.0319267840195607,15.225225939764243,6.99349592308382,3.1943722015727785,261.20439937813126,2.211898302007725,15.458551159568138,7.915284829640341,3.3658574289956054,40.963159254990934,0.013113866047889555,3.8352199677232974,0.5769459049998723,0.7893111823576726,383.8368304802312,1.9854705406284303,11.38326921305088,5.4061525419750875,1.7350702905744402,424.79998973522214,2.129757824132408,11.541442956322353,5.983098446974959,1.798823910375985,45.53251230723244,0.010025655503446806,3.804787069522323,0.5174149125821867,0.7592589808125298,375.0115040104864,0.9981722104873967,11.48773273269694,4.261494363755528,2.0016297136954684,420.54401631771884,1.3644355235074408,11.541442956322353,4.778909276337714,2.0828477505651573,31.796911547637045,0.014722416272956895,5.06992643691062,0.6624356572424385,0.9343141346382703,243.0184397519198,2.0319267840195607,16.722921156324958,5.062884161498329,2.892693646633328,274.8153512995568,2.211898302007725,16.822458812943395,5.7253198187407675,2.9146470360150523,43.079068485068845,0.010025655503446806,3.804787069522323,0.4733963569787785,0.7314573257175193,378.62451007537436,0.9981722104873967,11.38326921305088,4.16070890192719,1.9432325265288553,421.70357856044325,1.3644355235074408,11.403142822430038,4.6341052589059695,2.008807361691974
c<D>r<5>R<THR>,118.17738154963293,1.3467366901915587,4.044300436477688,1.9060867991876278,0.6635420402426395,77.86994215957678,2.1382528805061822,5.471900090079633,3.7080924837893705,0.8468025216868503,83.86979656263631,2.1725787992420957,5.2511811716781205,3.6465128940276657,0.7090938629537751,137.54247133358558,1.3179711577590678,3.6588394804979445,1.637410373018876,0.5579859366745713,155.71718337733643,1.2168407236007872,4.039972384199871,1.810664922992284,0.6590487663053629,123.51300100135701,2.1382528805061822,5.327452442960572,2.744733355585711,0.6717003534778516,172.53974003015196,1.2168407236007872,3.5694639828764965,1.59759018546437,0.49005446609196995,40.129946939159254,0.011628368710763226,4.928933540104192,0.5350659591887901,0.8491841537799373,417.2711561401067,1.1950274310627833,14.871365416790525,5.563615415201423,2.427195655653126,457.40110307926597,1.319937749933608,14.96771428218978,6.098681374390213,2.5330050962080906,28.103115252400436,0.040022328138428875,3.6719431936865146,1.0408561204592754,1.0703706882226465,249.53719539561865,4.669694572426124,19.8239460950971,9.242118347985876,3.7339892114474695,277.64031064801907,5.258103562221029,19.876408003823983,10.28297446844515,3.8003167211555646,29.433739629084222,0.01134770564405585,5.276095257111198,0.7745720955022164,0.9889277691043187,242.29424266864973,2.0319267840195607,14.022220465030987,6.37616428075394,2.599686022694527,271.72798229773394,2.211898302007725,14.760990266318373,7.150736376256156,2.7322274580237207,43.050677691265335,0.011909551098894244,3.431001368840289,0.5250082645276261,0.773113394534418,416.54678909743996,0.47311950616200704,14.871365416790525,5.079838891432194,2.4952133339732945,459.5974667887053,1.2900009570240267,14.96771428218978,5.6048471559598205,2.560747412990149,52.48386749787475,0.010025655503446806,3.804787069522323,0.49984635712261666,0.7727916778476478,433.52597683526506,0.9981722104873967,12.829049227822352,4.128818827002524,2.0656652195044987,486.0098443331398,1.319937749933608,13.148963252126414,4.628665184125142,2.139622156915407,41.37875890565026,0.013998955285730474,3.709498926998963,0.574704984800698,0.7701220472622243,356.91460026819175,2.0319267840195607,14.20246810311642,4.957147225947107,2.742261054834896,398.29335917384196,2.211898302007725,14.681144906347894,5.531852210747805,2.8229744030779567,53.87039671028085,0.010025655503446806,3.804787069522323,0.47254733956386713,0.744656327771066,435.3052046036847,0.47311950616200704,10.657043840502766,3.8184667070498657,2.0269547295781183,489.1756013139655,1.2900009570240267,10.753498594651457,4.291014046613732,2.067223097752832
c<D>r<6>R<GLN>,126.61470288270037,1.3138162132503868,3.697330594760576,1.8087814697528624,0.5646866140304738,74.3661707343974,2.296739539944616,5.31151063558801,3.5412462254474955,0.5913242975453323,88.89508617972048,2.1725787992420957,4.343699050558992,3.5558034471888194,0.5633684856859753,145.40109639864087,1.2229721296073786,3.62060686806284,1.580446699985227,0.46125909248439756,164.11958459867225,1.2168407236007872,3.654060844511428,1.7095790062361693,0.5513500846455817,122.99749900031841,2.1725787992420957,3.5200882328961574,2.6169680638365618,0.3328141282922777,181.30118706035373,1.2168407236007872,3.566409697701079,1.536450737799608,0.399897151205182,44.50087079556922,0.010479562044546142,4.447236523942879,0.5000097842198789,0.8369237120043166,441.4812329957076,0.7563322746282779,12.634230938029205,4.960463292086603,2.206580250383726,485.98210379127687,0.8095221652493902,12.842088255753875,5.4604730763064815,2.327980045709705,27.8503704567692,0.031249033190369424,4.843915178893866,1.031495202102563,1.202070765573829,221.8539964364434,3.974650468069342,16.401890579147448,8.216814682831236,2.4738636665030125,249.7043668932126,5.1511536434987155,16.533086441550175,9.2483098849338,2.458677020459524,31.420339277852968,0.021809738394770406,2.852467940316008,0.6830508538663689,0.7236550005359248,305.0493396424851,2.0319267840195607,13.941943974558,6.631507383532285,2.6762985441994047,336.46967892033797,2.211898302007725,14.398546527099874,7.314558237398652,2.646861818024192,47.31375574356411,0.010479562044546142,4.234496832524766,0.47791672468246577,0.7285417350361048,449.3514935735761,0.5902136593276879,12.634230938029205,4.538903975490667,2.1105752990579325,496.66524931714025,0.8095221652493902,12.842088255753875,5.016820700173134,2.182914977239624,54.36573870352345,0.010025655503446806,3.411141168845786,0.42473233362127694,0.6436198626622947,493.0930238908108,0.7563322746282779,12.634230938029205,3.8522892491469594,1.8680577357945658,547.4587625943343,0.8095221652493902,12.644816238891146,4.277021582768237,1.9239478313420741,43.316619028135285,0.013998955285730474,3.5773162064534834,0.6188088432590755,0.8183013737034118,303.04296106599725,2.0319267840195607,13.941943974558,4.329185158085675,1.9485590777203394,346.35958009413247,2.211898302007725,13.993530430299717,4.94799400134475,1.936366982920359,58.88845649053201,0.010025655503446806,3.411141168845786,0.43946609321292546,0.667321638807022,483.8660294195007,0.5902136593276879,12.634230938029205,3.6109405180559753,1.86288991392306,542.7544859100328,0.8095221652493902,12.644816238891146,4.050406611268902,1.8581542643718558
c<D>r<7>R<ILE>,116.16747651400104,1.3138162132503868,4.163492282134392,1.7601132805151671,0.5088812106507571,67.58202890425147,2.626083269071607,5.348726638906301,3.556948889697446,0.5974688353895324,83.88951968553172,2.1725787992420957,4.845339328007684,3.647370421110075,0.6399528004212653,131.5768494594021,1.2229721296073786,3.907225392850849,1.529963365807001,0.36853808021695417,149.4651839738196,1.185168090160799,3.3625956540607973,1.6607242663757733,0.4769069750622698,111.74946701569985,2.1725787992420957,3.8293231084693518,2.598824814318601,0.3891953231741421,163.58995452439814,1.185168090160799,2.830723175487876,1.4871814047672558,0.29578669915433903,33.33514932403309,0.010479562044546142,4.587771029171979,0.4902227841769572,0.9443331472523683,302.5819152071236,0.7563322746282779,13.032534289770702,4.449734047163582,2.2218615260003505,335.91706453115665,0.8095221652493902,13.110275994708024,4.939956831340539,2.267569848660371,19.283569849194844,0.05574155399627845,3.9152554426479824,1.0149247289049919,1.187891464720423,153.65745640465252,4.19185782245311,11.271664735246162,8.08723454761329,1.8416713110368825,172.94102625384738,5.956053373453382,12.32933782784724,9.102159276518284,1.9228866861079315,29.423021811135484,0.010857158913331943,3.7268205860037433,0.6842563211891973,0.8229223175353358,342.53795319539,3.7274251977920727,17.57204288007314,7.965998911520698,3.391699700193404,371.9609750065256,4.8069392472388826,17.582900038986473,8.650255232709897,3.3376791736803084,33.386038825264265,0.010479562044546142,4.234496832524766,0.45734299760635977,0.8232957580249486,305.16235018033433,0.5862809818809183,13.179998747190723,4.180306166853895,2.158416592861314,338.54838900559866,0.8095221652493902,13.404164839075955,4.637649164460256,2.1999688494192275,45.69892884467631,0.011510908644110529,3.411141168845786,0.4616053418654173,0.7486591321677635,347.2340292208903,0.7563322746282779,8.267538426636065,3.5074144365746496,1.6392285709244634,392.93295806556665,0.8095221652493902,8.377568939018344,3.9690197784400674,1.6857976230412963,36.24292693190711,0.010661773650612716,5.341016266430108,0.6838288100359832,0.9954699516363538,241.36095064363624,2.086568445426508,10.613040905011037,4.553980200823325,1.863616128136524,277.6038775755434,2.5373982681430487,10.681339732633585,5.237809010859309,1.9725494379124715,44.51173924647199,0.011510908644110529,3.411141168845786,0.43638960045560776,0.6908657940809588,347.1487071112038,0.5862809818809183,9.253239694958616,3.403418697168665,1.709382051714453,391.6604463576758,0.8095221652493902,9.315732851094413,3.839808297624273,1.7088422753735417
c<D>r<8>R<PRO>,121.74218138764887,1.3138162132503868,4.163492282134392,1.8445785058734678,0.6332125056721019,61.12533920634914,2.214975276879836,4.829318092769254,3.3958521781305078,0.698525324468831,70.18168863175686,2.715878179748138,4.673733316138589,3.89898270176427,0.4856009067053354,133.8056000089687,1.2229721296073786,4.163492282134392,1.5741835295172788,0.5051717406838286,142.71649800718416,1.185168090160799,3.3323238135705777,1.6790176236139314,0.48227955856130816,96.06730247396875,2.194767605881522,3.477696750939001,2.5964135803775337,0.3265110464166953,154.74246701641547,1.185168090160799,3.099871239585365,1.4879083366963026,0.31835438593793314,41.646244504793536,0.010479562044546142,4.587771029171979,0.5627870879026153,0.9271135223224869,332.6734353673697,0.7563322746282779,7.6560845351678495,4.495586964423914,1.7822493062944917,374.31967987216325,0.8095221652493902,8.603693123828252,5.05837405232653,1.9207509655118187,13.892896814121787,0.01811738386768802,5.215020252891673,0.731205095480094,1.3582802425186578,151.30129622178765,1.3065576697999859,11.99270983237253,7.963226116936192,2.6017462807330056,165.19419303590945,1.685022736350077,12.236017147540025,8.694431212416287,2.6672677899104986,27.028434855194504,0.010857158913331943,7.037704768144472,0.8190434804604395,1.2273930814490739,262.5530975657488,3.7274251977920727,17.57204288007314,7.956154471689358,3.4173853307614745,289.58153242094335,5.148517761309485,17.582900038986473,8.775197952149798,3.2959844752152856,40.71904694361612,0.010479562044546142,3.943896887640115,0.5089880867952015,0.8197242760534449,344.9051525682013,0.5862809818809183,8.26728603798664,4.3113144071025165,1.7433790694819646,385.62419951181744,0.8095221652493902,8.545722108815836,4.820302493897718,1.8474662003029116,45.2449312147923,0.011077467870302282,3.0989621750969363,0.4392711768426437,0.6915385985771499,379.41438719891164,0.7563322746282779,6.530016249717846,3.6836348271738992,1.3966179072819702,424.65931841370394,0.8095221652493902,7.880297561429085,4.122906004016543,1.4943382580816007,29.638768485356415,0.011176835739176383,6.686325790374234,0.6048728262317635,1.1022903491476743,255.08883486361225,1.3065576697999859,16.94508821917067,5.205894589053311,2.9649456967274523,284.7276033489686,1.685022736350077,17.018513855862864,5.810767415285074,2.979969148857228,46.493286039020035,0.010925544285433908,3.0989621750969363,0.4558165297943141,0.7226651897013405,360.7260602540932,0.5862809818809183,6.530016249717846,3.53653000249111,1.5129710190255938,407.2193462931133,0.8095221652493902,7.689027195403593,3.9923465322854246,1.5421905106490728
c<D>r<9>R<ALA>,140.78018374328107,1.3138162132503868,4.715676228946347,1.877069116577081,0.7160529245700163,76.81876336104442,2.199409480267446,4.640173772624259,3.4917619709565644,0.610008590112329,84.48425505963735,2.715878179748138,4.694132312637023,3.840193411801698,0.49486027479693934,157.57716571605195,1.2229721296073786,4.711906092515148,1.6079302624086933,0.5476945308782082,167.70483420956438,1.185168090160799,3.760595654541593,1.7112738184649428,0.5504131558266238,116.71431757226257,1.5963252383873867,3.8293231084693518,2.593651501605835,0.41233664329124564,183.992876898727,1.185168090160799,3.6150258252283574,1.5206022884192314,0.38891380381007895,53.608957371573055,0.01018905087235078,6.229328052045393,0.520475314287117,0.9583126981127297,480.11855087858714,0.5009388484879764,13.425302910633846,4.66134515416104,2.092789806160308,533.7275082501602,0.8095221652493902,13.502512587219886,5.181820468448158,2.2919676910164464,27.293359517672087,0.01811738386768802,4.981905412056204,1.0108651673211884,1.481444215167223,215.88069288036263,1.3080470068061913,18.30214969938949,7.995581217791209,3.7754149996177935,243.17405239803475,1.6681947561714312,18.737215565347753,9.006446385112397,3.989166639147677,41.222666647561624,0.013560021648252985,6.30516954734248,1.0305666661890407,1.3393091842577682,297.06634276969214,3.7274251977920727,13.153315223138069,7.426658569242304,2.456244608682367,338.2890094172538,5.040751769048105,13.311038785205117,8.457225235431345,2.4617854877123695,57.325289041203035,0.01018905087235078,5.403705387736411,0.5211389912836639,0.9332659019416569,485.5588282898923,0.5009388484879764,13.425302910633846,4.414171166271748,2.1568593665633253,542.8841173310955,0.8095221652493902,13.502512587219886,4.9353101575554135,2.2774188323347437,60.408286596198344,0.01007712132536831,4.6707650180297335,0.46828129144339803,0.7713945280800925,482.9587696729658,0.5009388484879764,10.18473811445076,3.743866431573378,1.6342562521474449,543.3670562691641,0.8095221652493902,10.220314833158834,4.212147723016776,1.7877549100187464,46.70863760813893,0.011176835739176383,6.139623783198225,0.7077066304263474,1.1812808590631572,333.6854186519096,1.3080470068061913,10.613040905011037,5.0558396765440845,2.2257709064113604,380.39405626004844,1.6681947561714312,10.681339732633585,5.763546306970431,2.376488062471786,64.14535780745958,0.01018905087235078,4.299088788347488,0.46821429056539837,0.8141171333932011,501.2533246493108,0.5009388484879764,10.18473811445076,3.658783391600809,1.7259228187278863,565.3986824567703,0.8095221652493902,10.220314833158834,4.126997682166206,1.8045933153317892
c<D>r<10>R<ALA>,134.40976997367372,1.3138162132503868,3.9327577284649315,1.7921302663156495,0.5417377460193958,66.84561783614753,2.199409480267446,5.102298326939374,3.342280891807376,0.8319424972622519,85.09530561224781,2.0868833621945337,5.037239162817935,4.052157410107038,0.7384072090100912,147.72342218362348,1.2229721296073786,3.49576064840337,1.538785647746078,0.3356256924692612,166.28391555970097,1.185168090160799,4.938443106997907,1.7142671707185668,0.577441940586024,113.21936413415578,1.5963252383873867,4.82337232491813,2.695699146051328,0.6037175624024707,179.22375416728002,1.185168090160799,4.23898964553657,1.5188453742989831,0.3899318441004411,47.475685217569726,0.01018905087235078,4.911677308904041,0.4609289826948517,0.7279042092097316,448.1086822076761,0.5009388484879764,7.6560845351678495,4.350569730171613,1.5812573461509143,495.58436742524583,0.8095221652493902,7.815379177037492,4.811498712866465,1.6588698582652859,19.056254061151414,0.022680377759757064,6.346218261357826,0.7622501624460566,1.2122312441159027,187.28933502003588,1.3065576697999859,15.766401488746851,7.491573400801435,3.6693319581708317,206.3455890811873,1.6681947561714312,15.9313596044319,8.253823563247492,3.720297206310765,44.08084493604611,0.014021590348631818,5.585221433284948,1.0751425594157589,1.2769401151922692,326.1703458567924,3.7274251977920727,14.212555090603075,7.955374289190058,2.668415937107022,370.2511907928385,5.232028622958602,14.36046120822686,9.030516848605817,2.7115340176653806,47.307346395780506,0.01018905087235078,3.9529368919868055,0.4186490831485001,0.6799261984309007,461.9559803279816,0.5009388484879764,7.6560845351678495,4.088106020601607,1.5202982275994783,509.263326723762,0.8095221652493902,7.815379177037492,4.506755103750106,1.5113551497288356,61.90438914992901,0.01018905087235078,3.961883305401992,0.499228944757492,0.7483007772026434,464.7096148222424,0.5009388484879764,10.760478474102058,3.7476581840503416,1.602855513993699,526.6140039721713,0.8095221652493902,10.839091928303604,4.246887128807833,1.718676646539119,48.14878474319802,0.011176835739176383,3.586189008315859,0.7765933023096455,1.0754059369481603,304.6456026418466,1.3065576697999859,10.353402505398265,4.913638752287849,2.265221174495652,352.7943873850446,1.6681947561714312,10.436415613516857,5.690232054597494,2.4389752917967553,65.34832033606897,0.01018905087235078,4.057915279096145,0.5186374629846743,0.8332452499952032,444.69366376534,0.5009388484879764,10.353402505398265,3.5293147917884125,1.6785051938546691,510.0419841014089,0.8095221652493902,10.436415613516857,4.047952254773087,1.7203931390481526
c<D>r<11>R<LEU>,128.65065482746584,1.3138162132503868,4.375023053289406,1.8378664975352264,0.573062745056514,57.27640227616264,2.199409480267446,5.1128736228824305,3.36920013389192,0.8673833193911875,71.78622994168285,2.0868833621945337,6.851228298444239,3.9881238856490473,0.9908028030197067,139.8248525877067,1.2229721296073786,4.375023053289406,1.5889187794057578,0.4617449081616837,154.98904975821972,1.185168090160799,4.290304443530582,1.7414499972833677,0.5602181817306905,96.56611621160495,1.5963252383873867,5.557331406204206,2.6823921169890266,0.7181763220164904,166.11950554438764,1.185168090160799,4.290304443530582,1.552518743405492,0.4581912290521019,51.44161195802891,0.01018905087235078,4.911677308904041,0.5472511910428607,0.8472846655144849,450.4006692840965,0.7563322746282779,9.086230711103454,4.791496481745708,1.6195447884228935,501.8422812421254,0.8095221652493902,9.212884185762952,5.3387476727885685,1.69825669257158,17.261170961027247,0.07753414064073816,4.881145173562654,0.8219605219536784,1.0164304955185413,136.2355598181589,1.3065576697999859,11.473666206112071,6.4874076103885185,2.75901916960184,153.49673077918615,1.6681947561714312,11.748624431724691,7.309368132342198,2.8300616091360533,22.134543134321223,0.010857158913331943,2.445446719840125,0.6917044729475382,0.5901089087200113,297.0862227503939,4.524861387299325,23.697111304373053,9.28394446094981,5.039085329501402,319.22076588471515,4.8639819171048915,23.908245896360242,9.975648933897348,4.909924225087623,48.80976482104011,0.01018905087235078,4.037564103277779,0.5031934517633001,0.7757270780393013,422.8043999055827,0.5862809818809183,9.086230711103454,4.358808246449306,1.5963705486831459,471.6141647266228,0.8095221652493902,9.212884185762952,4.862001698212606,1.673091057327999,60.28852610444333,0.01018905087235078,3.961883305401992,0.5531057440774617,0.8168062277236106,439.7476073487552,0.7563322746282779,9.086230711103454,4.0343817187959194,1.566998966448239,500.0361334531986,0.8095221652493902,9.212884185762952,4.587487462873382,1.6236126698224018,29.292736767901694,0.011176835739176383,3.1678029489018957,0.5743673876059155,0.8418682137439053,239.66528944619535,1.3065576697999859,16.94508821917067,4.699319400905791,3.1169402406808726,268.958026214097,1.6681947561714312,17.018513855862864,5.273686788511706,3.102404489556125,59.554207136604894,0.01018905087235078,4.057915279096145,0.5365243886180621,0.8366578976832516,415.9589803158006,0.5862809818809183,9.086230711103454,3.7473782010432486,1.6491993022956852,475.5131874524054,0.8095221652493902,9.212884185762952,4.28390258966131,1.679053418069146
c<D>r<12>R<SER>,108.91132567279286,1.3554535103666736,3.4650240129892915,1.8459546724202178,0.525399552733605,52.21805725631695,2.142319599959861,5.1128736228824305,3.2636285785198096,0.8477424746095477,57.435813610516426,2.0868833621945337,4.8433049778652615,3.8290542407010952,0.7385839414896408,118.24552073486974,1.2568987617002711,3.4650240129892915,1.5558621149324967,0.38600833077432206,131.71488113815576,1.2030606178875474,3.6156576257511213,1.7561984151754102,0.5439790409727917,85.2822393204095,2.0868833621945337,4.481811784120046,2.665069978762797,0.52574844714533,141.12964250153732,1.2030606178875474,3.6156576257511213,1.5340178532775794,0.4110402691870949,42.113501672978394,0.01024528371620903,4.911677308904041,0.6103406039562086,0.8916469185450147,318.58988219505346,1.214758543590733,8.992145616093012,4.6172446694935285,1.5114314414884615,360.7033838680318,1.336363975543521,9.072130734105267,5.227585273449736,1.5460017051000827,14.272479536263525,0.031020624017832787,2.2488934933577207,0.8395576197802074,0.6829424514683412,124.5872333837375,1.3065576697999859,15.752903369434762,7.328660787278676,3.6475012650785086,138.85971292000102,1.6681947561714312,15.807170112694521,8.168218407058884,3.6428290736253888,14.668892499267887,0.14790611762378525,2.097644617089294,0.8149384721815492,0.5697336839989163,114.2156589979171,4.077593457359399,14.212555090603075,6.345314388773172,2.123695471826646,128.884551497185,4.251212244609425,14.36046120822686,7.160252860954722,2.1404491535348753,41.796596655983485,0.01024528371620903,4.037564103277779,0.5648188737295066,0.7864686489857168,315.43917988507405,0.47559963291951135,7.373143603024118,4.262691620068568,1.2798610036791822,357.23577654105753,1.3027130051992728,7.815379177037492,4.827510493798075,1.272571764008949,48.81350925884201,0.011077467870302282,3.961883305401992,0.5811132054624049,0.7896396937664412,324.5012000712163,1.214758543590733,6.445359783905587,3.8631095246573373,1.165033296112367,373.31470933005835,1.336363975543521,7.179557960329843,4.444222730119742,1.2373581025681002,25.654222630415564,0.013928142760281759,3.1678029489018957,0.6751111218530411,0.9089148995664573,144.39577549948325,1.3065576697999859,8.64676574039845,3.79988882893377,1.5296024800542223,170.04999812989877,1.6681947561714312,9.06187746800386,4.47499995078681,1.6694553512840042,47.864855942179304,0.011150878318386681,4.057915279096145,0.5378073701368461,0.7615678903485616,324.1077832847528,0.47559963291951135,6.3823747562638005,3.6416604863455375,1.2355712723386199,371.97263922693213,1.3027130051992728,6.890434857121189,4.1794678564823835,1.252411480225146
c<D>r<13>R<VAL>,99.94214967318115,1.3554535103666736,3.6354788713048047,1.885700937229833,0.6376649969698056,42.713953992225456,2.142319599959861,4.262688214892644,3.285688768632727,0.5721066859340479,52.40929105543568,2.0868833621945337,4.537554571003475,3.4939527370290455,0.6908050289565517,109.78177729885421,1.2759610164156392,3.6354788713048047,1.6385339895351374,0.5190463381002487,120.14107040659519,1.223221632612509,3.345623407683315,1.7411749334289157,0.5786601412798401,77.92508440660745,2.0868833621945337,4.481811784120046,2.687071876089912,0.4937534007407893,129.72761775826004,1.223221632612509,3.3054618875952535,1.5629833464850607,0.44113268971905395,35.74710637905545,0.01024528371620903,3.1812238833699595,0.5585485371727414,0.7389586622486154,298.5788400464603,1.214758543590733,7.93608651708314,4.665294375725942,1.3155457002400681,334.3259464255158,1.336363975543521,8.049189150752188,5.223842912898684,1.341978134598996,6.308334776565627,0.029045187378013537,1.9440478752912078,0.7009260862850697,0.6514141056569743,62.57173730170331,5.5014039810960185,9.908596727638951,6.952415255744812,1.4162429517923145,68.88007207826894,6.033664034760173,9.939617351656784,7.653341342029882,1.0644270652472325,12.734819629644612,0.07759467393943797,2.6128815058013686,0.7959262268527882,0.7336893654879836,102.85379493789048,4.524861387299325,12.171775059997572,6.428362183618155,1.7737677424832112,115.5886145675351,4.8639819171048915,12.270591547258174,7.224288410470944,1.8178179458590071,38.045127498974125,0.01024528371620903,2.7563905581825914,0.5853096538303711,0.709786989053615,277.9972893264447,0.47559963291951135,6.574835113159736,4.276881374252995,1.1740887689632171,316.0424168254188,1.3027130051992728,6.597934380775402,4.862191028083366,1.1324058566828372,41.74289721255751,0.010188004064836775,2.553462856938715,0.5090597221043599,0.6483992972859405,310.88396454943154,1.214758543590733,6.445359783905587,3.7912678603589214,0.9954956208759866,352.6268617619891,1.336363975543521,6.461268060639843,4.300327582463282,1.0235780788855446,19.064136819291953,0.013928142760281759,2.589517541255974,0.5446896234083415,0.7459212074442831,148.25024732629362,2.0999301917663615,10.636649443107672,4.235721352179818,1.970689471470516,167.31438414558556,2.505879146930194,10.861035031108527,4.7804109755881585,1.9322715569178932,41.65021818638739,0.011363398949333359,2.6951650107010767,0.5206277273298424,0.6599202022458505,282.60349850465997,0.47559963291951135,6.3823747562638005,3.5325437313082495,1.0323181021492158,324.2537166910473,1.3027130051992728,6.393738155213134,4.053171458638092,0.9739185646939711
c<D>r<14>R<PRO>,98.56591428198612,1.3554535103666736,3.9760190220155285,1.9326649859212965,0.6833580545812128,34.31719428377557,2.142319599959861,4.262688214892644,3.431719428377557,0.5607097372022583,63.35575045988059,2.1891951597697044,4.537554571003475,3.5197639144378106,0.7028618161106329,102.68499916479085,1.3209999784114257,3.9760190220155285,1.6562096639482395,0.6114359960830238,120.17032416200742,1.223221632612509,3.9401631514626154,1.716718916600106,0.5698545910987861,77.5125940163768,2.142319599959861,4.481811784120046,2.672848069530234,0.550601932428211,123.83315631173235,1.223221632612509,3.9401631514626154,1.528804398910276,0.4449182241250364,30.446158673956553,0.01024528371620903,3.5949761359082126,0.5341431346308168,0.7334415531994838,283.26599055159244,1.214758543590733,11.986648604569382,4.969578781606885,2.008196183502591,313.71214922554896,1.336363975543521,12.132830780927772,5.503721916237701,1.995056200078624,4.766489534790579,0.029045187378013537,1.9440478752912078,0.5958111918488224,0.5698536516796086,51.89862374151494,5.5014039810960185,8.707842798919955,6.487327967689367,0.9534199502030253,56.66511327630552,6.033664034760173,8.736887986297969,7.08313915953819,0.8022529776046897,22.133817315585354,0.07759467393943797,4.700936469294735,1.0060826052538798,1.105968825717202,174.13954325992933,5.279489552334098,15.4147862096263,7.915433784542242,2.980198770871602,196.27336057551466,5.851415583143443,15.987969780315158,8.921516389796121,3.090025707140003,28.54479554759695,0.01024528371620903,2.7563905581825914,0.4921516473723612,0.654776440756058,272.2751959935222,0.47559963291951135,11.986648604569382,4.694399930922796,1.7512987512865692,300.8199915411191,1.3027130051992728,12.132830780927772,5.186551578295157,1.6640594604131735,34.76843430289897,0.010188004064836775,2.615691021970626,0.469843706795932,0.6357131698235821,285.6784529947409,1.214758543590733,11.986648604569382,3.8605196350640663,1.6298642376497596,320.4468872976399,1.336363975543521,12.132830780927772,4.330363341859998,1.6001770378489435,19.51413188377678,0.01177784780089386,2.589517541255974,0.5135297864151784,0.7059519656348108,188.1456778018656,2.0999301917663615,12.59294260853676,4.951202047417516,2.2666739524883712,207.6598096856424,2.505879146930194,12.693183102304166,5.464731833832694,2.1800824729740453,33.74371507581289,0.011363398949333359,2.8586561605041982,0.5272455480595764,0.6981529450340077,234.0663441425919,0.47559963291951135,11.986648604569382,3.6572866272279985,1.5095285160930538,267.8100592184048,1.3027130051992728,12.132830780927772,4.184532175287575,1.39968025236611
c<D>r<20>R<VAL>,95.60619302414098,1.3853893990978974,4.630142303532624,1.8038904344177542,0.6878300243881953,30.957757337711726,3.406912275034815,5.118765558545784,3.8697196672139658,0.5571687991558435,48.26265113035818,3.4398790111699173,4.570934457537351,4.021887594196515,0.34682668879567996,99.40575367983563,1.323634138168457,4.415907038277245,1.6033186077392843,0.5757253977122042,112.67889916687734,1.2254058763917755,4.290304443530582,1.7072560479829901,0.6056660768072176,56.65386433233202,2.2383670147425,4.313166439362449,2.6978030634443817,0.5192019405741912,115.03895146391868,1.2254058763917755,4.290304443530582,1.5338526861855823,0.4381588931886128,30.062436974915837,0.011895744168864297,3.6622711009099795,0.5368292316949257,0.7317975303962099,303.0127913422912,0.48733260824684876,12.119944910559415,5.410942702540915,1.731751797349376,333.075228317207,1.9190228050956661,12.242184072298066,5.947771934235839,1.6269243862232952,4.594856365435633,0.07660776185187146,3.8087216850073045,0.9189712730871266,1.4462877088390724,32.4893286175419,4.827455566532137,8.554813706527966,6.49786572350838,1.1893734512270644,37.08418498297753,6.591875171144384,8.636177251539442,7.4168369965955065,0.9936760601554059,11.294010429167095,0.046710502431096756,1.7675845539329673,0.7058756518229434,0.4918448914712659,109.80235943671875,5.056011771680179,14.516018549776632,6.862647464794922,2.461141902652756,121.09636986588583,6.253220175090881,14.562729052207729,7.568523116617865,2.1805419679934377,29.615266112317997,0.010980740586069793,3.7148945251078977,0.5923053222463599,0.7587686782358137,249.8295285148497,0.48733260824684876,12.119944910559415,4.996590570296994,1.5584408431694885,279.44479462716765,1.9190228050956661,12.242184072298066,5.588895892543353,1.5007210737418117,33.66757513523164,0.011404484664330639,2.1112468936147293,0.42084468919039547,0.5290120694499139,335.38985791041705,0.48733260824684876,6.530016249717846,4.192373223880213,1.0969381433379854,369.05743304564874,1.9190228050956661,7.120183375941307,4.613217913070609,1.0977597620300565,10.932907871151514,0.010661773650612716,2.7557877605532584,0.5206146605310245,0.6975292340638755,99.40328064185238,2.033111409331557,14.516018549776632,4.733489554373922,2.907682269266161,110.3361885130039,2.9480123084919736,14.560713307358274,5.254104214904948,2.7465643183774437,32.40363147352484,0.011404484664330639,2.3146586082020235,0.5226392173149168,0.6416657468868064,253.42941181023212,0.48733260824684876,6.530016249717846,4.08757115822955,1.3045227073364005,285.833043283757,1.9190228050956661,7.120183375941307,4.610210375544467,1.2855421837271412
c<D>r<21>R<LEU>,134.78137993416024,1.372974115525142,4.415907038277245,1.8463202730706882,0.7398799551099812,50.37888816996857,2.626083269071607,5.778675654684157,3.8752990899975823,0.7887561259796743,41.92050899118132,2.715878179748138,4.347341246178988,3.8109553628346657,0.4220560916189988,144.27749717821308,1.323634138168457,4.415907038277245,1.6583620365311849,0.6303378199717232,147.19821064999599,1.2254058763917755,4.290304443530582,1.7317436547058351,0.626319140917928,68.67727792226837,2.2383670147425,4.666934085007428,2.747091116890735,0.56177405382722,156.48696580820007,1.2254058763917755,4.290304443530582,1.5806764223050511,0.5070657058375535,55.65987316264993,0.011895744168864297,3.7605154296123953,0.611646957831318,0.7922017402441472,471.91916359435606,0.498312878673687,9.553641924781914,5.185924874663254,1.4155458420049876,527.579036757006,1.5903009014083587,9.610778810658129,5.797571832494571,1.4114642011889011,13.935897405713703,0.010494063827948708,2.9441362400894935,0.8709935878571065,0.8694654963919125,124.39366876324848,4.19185782245311,13.07893351982699,7.77460429770303,2.1482077160480624,138.32956616896217,5.963567430128478,14.593457434811306,8.645597885560136,2.149430903045051,10.779348114152267,0.021809738394770406,2.193657934007091,0.7186232076101511,0.586344748267407,87.22397628445216,4.82234223681543,7.010510917902966,5.814931752296811,0.6161386312243349,98.00332439860442,5.148517761309485,7.129166741862912,6.533554959906962,0.5206468784825496,58.89625287136509,0.010470857566851954,3.6057467532066987,0.626555881610267,0.7805379462321532,460.68131305866166,0.498312878673687,8.26728603798664,4.900865032538954,1.2475058229692348,519.5775659300268,1.5185841885670857,8.39095343241014,5.527420914149221,1.251576290633164,56.873168605055376,0.01206497218020397,3.0950908822256444,0.507796148259423,0.6436874245124773,494.2082789357537,0.498312878673687,9.552180605785857,4.41257391906923,1.2968459398363175,551.0814475408092,1.5903009014083587,9.603719187921191,4.920370067328654,1.3539560627035323,19.919542901551893,0.010661773650612716,2.894103467514805,0.6425659000500611,0.7725913049007188,135.08218247066267,2.033111409331557,13.07893351982699,4.357489757118151,2.045655167762236,155.0017253722146,2.9480123084919736,14.593457434811306,5.000055657168213,2.1439290366140304,57.85655601768663,0.010470857566851954,3.209052263321067,0.5458165662045908,0.6970566717508961,451.3515670241548,0.498312878673687,6.5375912276875034,4.258033651171272,1.2848894814504859,509.20812304184153,1.5185841885670857,7.645722651387784,4.803850217375864,1.2943468424506153
c<D>r<22>R<ASN>,114.2840284610109,1.372974115525142,4.22784626262984,1.8735086632952607,0.6672548797559836,57.53170313433275,2.2937142254894534,5.348726638906301,3.595731445895797,0.800512403357129,56.524727889336546,2.715878179748138,4.347341246178988,3.7683151926224365,0.4048583057357605,124.39816996701481,1.323634138168457,4.22784626262984,1.5948483329104464,0.5308448180867954,132.1701197982054,1.225297447748615,3.654060844511428,1.716495062314356,0.5492381200880303,84.75862704124427,2.2383670147425,4.02663700539543,2.6487070950388834,0.38549558397746686,142.13324863067206,1.225297447748615,3.654060844511428,1.5120558364965113,0.3768239049966852,38.92531503551484,0.011628368710763226,3.7605154296123953,0.5121751978357216,0.7531574391609954,400.5210674107683,0.498312878673687,11.281682922033795,5.27001404487853,1.7475970838360977,439.44638244628317,1.6113365673216182,11.56673296866338,5.782189242714252,1.7092650262467466,17.795765392054363,0.010494063827948708,3.9769914401982636,0.808898426911562,0.9462242849927021,151.98349850711196,1.3278415722279533,13.07893351982699,6.908340841232362,2.5303551318275184,169.77926389916638,1.7608479638608556,14.593457434811306,7.717239268143927,2.5844344403786126,17.77433561909661,0.021809738394770406,2.821599124450926,0.7727972008302875,0.701449321052433,138.6656151132322,4.1944010463715955,13.787150937592404,6.028939787531835,1.7701624813445924,156.43995073232878,5.148517761309485,13.815768357852509,6.801736988362121,1.5778998564033826,41.918945488961754,0.010470857566851954,3.7605154296123953,0.5444018894670357,0.7419813545988656,365.2480342694551,0.498312878673687,11.281682922033795,4.743480964538378,1.6759230280113016,407.1669797584169,1.5414745115436257,11.56673296866338,5.287882854005415,1.6818220288938477,43.69935357040471,0.01206497218020397,3.0950908822256444,0.43266686703371,0.6032019910884436,413.66311365268047,0.498312878673687,8.596751247828493,4.095674392600797,1.3023033991469464,457.3624672230851,1.6113365673216182,9.042369264710043,4.528341259634506,1.3466357774241167,27.116900964784392,0.010661773650612716,3.808721323925198,0.6306256038321951,0.816036283708049,177.0478903522278,1.3278415722279533,13.07893351982699,4.117392798889019,2.0461109370006523,204.16479131701217,1.7608479638608556,14.593457434811306,4.748018402721214,2.0998975193266007,43.55850415621525,0.010470857566851954,2.9038205162001525,0.5006724615656926,0.6740958011104994,330.1260825578065,0.498312878673687,8.267538426636065,3.7945526730782357,1.3997064989229713,373.6845867140218,1.5414745115436257,8.941249149466891,4.295225134643929,1.3753019428938247
c<D>r<23>R<CYS>,139.5557799886288,1.3467366901915587,3.711731675282808,1.8858889187652543,0.6812854628399662,69.76889146694133,2.2937142254894534,5.471900090079633,3.6720469193127014,0.813916439229633,80.22208491858319,2.749103707775761,5.684248749435874,3.8200992818372947,0.5722363179224799,151.3238639766402,1.3187495618086869,3.711731675282808,1.6098283401770235,0.5357321312166459,171.0960119972322,1.225297447748615,4.031162463960671,1.7822501249711689,0.6627722874870129,109.98417192802856,2.225622379867893,4.340513330546689,2.682540778732404,0.49003802893814163,182.50331449523043,1.225297447748615,4.02663700539543,1.5733044353037107,0.5144922182239149,54.0175162048031,0.010304290674721273,3.298390685228796,0.562682460466699,0.7287129328790536,481.1222138899784,0.498312878673687,11.14286574367543,5.011689728020609,1.514009606986873,535.1397300947815,1.319937749933608,11.163568556498252,5.574372188487307,1.4570336713457375,25.03898391894539,0.010494063827948708,3.9227529556775593,0.8077091586756577,0.9174508601790982,249.3413679571632,1.3278415722279533,18.558005830749607,8.043269934102039,3.6787464056765256,274.3803518761086,1.7608479638608556,18.897630955811735,8.850979092777697,3.6966555665312026,31.29499194955838,0.021809738394770406,2.821599124450926,0.7632924865745946,0.5871670442696892,285.9224841173452,3.581756451660013,20.964262815979282,6.973719124813298,3.274151217295231,317.2174760669036,4.257259520561369,22.04527856482118,7.737011611387893,3.2612864610063483,57.00209714247026,0.010304290674721273,2.6673066179351093,0.5327298798361707,0.6328289477966724,490.23172934190603,0.498312878673687,11.14286574367543,4.581604947120617,1.4161649495705158,547.2338264843763,1.30454706128717,11.163568556498252,5.114334826956788,1.3853480027322218,64.4836105182363,0.010025655503446806,2.987774326843919,0.47414419498703164,0.6015086656837726,556.1472247047252,0.498312878673687,8.596751247828493,4.089317828711215,1.4004581270286838,620.6308352229617,1.319937749933608,9.185630690637593,4.563462023698247,1.4607143749394198,41.37464205345086,0.019502979077802074,3.9227529556775593,0.6895773675575144,0.9370983298929912,284.5699071876503,1.3278415722279533,13.941943974558,4.7428317864608385,2.783045322796814,325.9445492411012,1.7608479638608556,14.593457434811306,5.4324091540183534,2.8228101000024357,64.60313600844364,0.010025655503446806,2.987774326843919,0.4969472000649511,0.6301058521441895,489.58136528892317,0.498312878673687,8.267538426636065,3.766010502222486,1.4388775708388493,554.1845012973668,1.30454706128717,8.377568939018344,4.262957702287436,1.4617794284858212
c<D>r<24>R<SER>,113.33867529960716,1.3467366901915587,3.9771959305362192,1.9209944966035113,0.680441757630643,57.2590233118738,2.1382528805061822,5.471900090079633,3.368177841874929,0.7821538972932488,52.66656854239603,2.1725787992420957,4.609204775203906,3.5111045694930687,0.6129950203216245,123.99458441775302,1.3187495618086869,3.711731675282808,1.6103192781526365,0.5238066357103442,132.27222552640796,1.225297447748615,3.9771959305362192,1.7636296736854395,0.6291431129789193,85.71931453549645,2.1382528805061822,3.774697726567899,2.597554985924135,0.41923697276748323,143.0765019923107,1.225297447748615,3.711731675282808,1.5384570106700077,0.4593073843582973,38.19321710525766,0.01118221103856154,3.1219688368786596,0.578685107655419,0.7681828214504193,344.6493177367794,0.48712431880267104,12.631259435607944,5.221959359648173,1.9823191922625631,382.84253484203714,1.319937749933608,12.74035399918837,5.800644467303593,1.968532299276635,13.26150582773204,0.010728923700401793,2.2359212178535124,0.7367503237628912,0.6773239923727838,123.58071468298193,1.3278415722279533,12.592226400744732,6.865595260165663,2.612427004391349,136.84222051071396,1.7608479638608556,12.602955324445134,7.602345583928553,2.6138963491231864,13.696214680174297,0.023627605372078087,1.1960241930976938,0.6522006990559189,0.35685628199815494,111.69780532434936,3.561808975235408,6.110048222364469,5.3189431106833025,0.7140753249099813,125.39402000452368,3.73547800420112,6.956494928387068,5.971143809739223,0.9174124544585687,37.13929558828586,0.01118221103856154,2.544581205890861,0.5230886702575474,0.6569631139628074,328.3433210037251,0.47311950616200704,11.14286574367543,4.624553816953875,1.809479483854882,365.4826165920111,1.2900009570240267,11.541442956322353,5.1476424872114235,1.8407845203842008,41.32670419267429,0.010285590117334209,2.596114880943123,0.46962163855311695,0.6247203751982541,359.7377450513824,0.48712431880267104,10.081467019905176,4.087928921038436,1.834702172885145,401.0644492440566,1.319937749933608,11.541442956322353,4.557550559591553,1.8921909121852005,24.651813525815648,0.012336440175150898,3.709498926998963,0.601263744532089,0.7934831791935684,157.09766216439704,1.3278415722279533,13.289184972602484,3.8316502966926107,1.9475943379256666,181.74947569021273,1.7608479638608556,13.301521412777635,4.432914041224701,1.8559579255447147,41.35172812713162,0.01118221103856154,2.544581205890861,0.4808340479899026,0.6143225738736867,323.3884255781337,0.47311950616200704,9.994248057778407,3.7603305299782988,1.9524178981928118,364.74015370526536,1.2900009570240267,10.578821272247833,4.241164577968202,1.9638579676728039
c<D>r<25>R<PHE>,115.89046658658187,1.3909344124324212,3.711731675282808,1.931507776443031,0.6912297509756685,48.699268091681766,2.1382528805061822,5.471900090079633,3.4785191494058405,0.7370800295042256,67.84466110785124,2.8124549085341326,4.847155331875322,3.9908624181088963,0.567073145766099,125.1713927294352,1.3187495618086869,3.711731675282808,1.668951903059136,0.6068480004218457,140.20017508381034,1.225297447748615,3.711731675282808,1.7974381421001324,0.6371507540136955,86.22901178996491,2.1382528805061822,4.814436356628083,2.6946566184364036,0.5161021742767334,149.30618555458685,1.225297447748615,3.711731675282808,1.605442855425665,0.5422534678885282,37.44541777701885,0.01158933757513303,2.767748131280235,0.6569371539827867,0.7798042376357078,288.48270263621123,0.48712431880267104,12.631259435607944,5.06110004624932,1.9152095213383078,325.92812041323003,1.9235655386199615,12.74035399918837,5.718037200232106,1.9303589236512466,15.822483286792675,0.0507749557483228,3.78809455797092,1.3185402738993897,1.2630773485275826,81.8691574080993,4.486651019156,9.637191784958532,6.822429784008275,1.6575902174692927,97.69164069489197,5.195524403187989,13.27527450623711,8.140970057907664,2.145855548267152,24.230683969450613,0.023627605372078087,2.790794596991015,0.8974327396092819,0.6455336143278383,167.84128241780712,4.1944010463715955,10.141532891346742,6.216343793252116,1.3539345319835376,192.0719663872577,5.109533266411686,11.263770923203275,7.113776532861396,1.369845298504677,37.48545082497492,0.01158933757513303,2.5132040249587284,0.543267403260506,0.660917051429922,318.1781481996733,0.48712431880267104,9.554143988113594,4.611277510140193,1.4995789666056647,355.66359902464814,1.2978691034525793,11.541442956322353,5.154544913400698,1.6066418928894175,43.7162538608465,0.010285590117334209,2.9900199945454755,0.502485676561454,0.6682174689291008,371.7870630437535,0.48712431880267104,11.48773273269694,4.2734145177442935,1.7977169111061049,415.5033169046,1.8455603390390602,11.546269841795187,4.7759001943057475,1.800575879726906,26.154937474044615,0.012336440175150898,5.567515679031121,0.6538734368511154,1.1186896080431408,171.06816113993335,2.058146181640282,13.289184972602484,4.276704028498334,2.1323824656582064,197.22309861397798,2.9443258013538163,13.301521412777635,4.930577465349449,2.107341695194548,44.42749204777112,0.01158933757513303,2.973874093336402,0.5106608281353002,0.6739516663716333,347.7604810936638,0.48712431880267104,9.639458397361807,3.997246909122573,1.8253626543174646,392.1879731414349,1.2978691034525793,10.578821272247833,4.507907737257872,1.8249752012929332
c<D>r<26>R<THR>,77.19714083908629,1.3909344124324212,4.128250449619246,1.882857093636251,0.7231066913783564,37.257216597240735,2.7490012125685963,5.853459794882159,3.7257216597240737,1.022597030109363,62.26321818481213,2.194062348616336,5.87140599055884,3.8914511365507582,0.9634083381690067,84.23333970061432,1.3187495618086869,4.128250449619246,1.6198719173195062,0.5721629126830433,104.26858464686997,1.2280365691442223,4.98468993558188,1.7977342180494822,0.752568182276083,76.9100655242308,2.194062348616336,5.1963741869122755,2.8485209453418814,0.7135278367355693,110.96981907591056,1.2280365691442223,4.98468993558188,1.6082582474769647,0.6305742650342623,17.585236903046784,0.01158933757513303,2.4626789915554266,0.732718204293616,0.7674293884806752,108.28962892351609,0.48712431880267104,10.081467019905176,4.51206787181317,1.6813482484179967,125.87486582656288,1.9235655386199615,11.541442956322353,5.244786076106787,1.9071978629715052,8.441211736532228,0.0507749557483228,3.638082721278579,1.4068686227553713,1.2594571027901742,43.85221549084082,4.669694572426124,9.637191784958532,7.308702581806803,1.6481902337941308,52.29342722737305,5.6266722512966005,13.27527450623711,8.715571204562176,2.415980917586188,16.982976172532076,0.012524643049215634,2.7606918934244966,0.7383902683709599,0.6812538657502866,185.2043013399512,5.469940586415078,16.6687814773868,8.052360927823965,3.011065402437703,202.1872775124833,5.706638491397237,17.05941437758732,8.790751196194925,2.873083552307535,16.342687120069236,0.01158933757513303,1.9872989682087585,0.48066726823733047,0.554353802667317,160.96093265833707,0.48712431880267104,9.554143988113594,4.734145078186384,1.5818248408622244,177.30361977840633,1.9235655386199615,11.541442956322353,5.214812346423716,1.6643997566286872,26.827642856602417,0.010285590117334209,4.702073342304711,0.4968082010481929,0.834311469591179,242.7785376734148,0.48712431880267104,11.739365399507562,4.4958988458039775,2.1692913365482376,269.60618053001724,1.8455603390390602,11.86948571084374,4.992707046852171,2.265032432274309,20.07155664735915,0.01278862664154179,4.8985036297407625,0.5903399013929161,1.0878838937730189,172.19057629398674,2.4233021631780503,13.933511109176834,5.064428714529022,2.7835995440473034,192.26213294134587,2.9061968020996884,14.18156072159804,5.654768615921937,2.9917769211656626,28.05678413007618,0.01158933757513303,3.8282450996457804,0.5725874312260445,0.8809481673821271,199.6609597234646,0.48712431880267104,9.639458397361807,4.0747134637441755,2.0797702341332482,227.7177438535408,1.8455603390390602,10.578821272247833,4.647300894970221,2.1427663188234756
c<D>r<27>R<ASP>,73.68299157004492,1.3909344124324212,4.223259612023676,1.889307476154998,0.7593840962622405,32.06401450294182,2.7490012125685963,5.853459794882159,3.5626682781046473,0.9199095565824066,45.10723966691313,2.194062348616336,4.847155331875322,3.7589366389094274,0.6910608322229587,80.61107810147894,1.3264530732351698,4.223259612023676,1.6451240428873253,0.6129731850645632,89.72253788202524,1.2280365691442223,4.223259612023676,1.7254334208081776,0.6266044804006833,59.683120375664735,2.194062348616336,3.8402888303813207,2.7128691079847607,0.3867195305921018,97.09523914789611,1.2280365691442223,4.223259612023676,1.566052244320905,0.5116499947664621,20.6770765008527,0.01158933757513303,2.633732056832148,0.7952721731097192,0.8468845406423252,128.215063079434,0.48712431880267104,11.574163263961964,4.931348579978231,2.2478793724298733,148.8921395802867,1.9235655386199615,12.001174536695434,5.726620753087951,2.237559787757756,4.595060400149055,0.9569776788704765,3.638082721278579,2.2975302000745277,1.3405525212040512,14.306886357384656,4.669694572426124,9.637191784958532,7.153443178692328,2.4837486062662038,18.90194675753371,5.6266722512966005,13.27527450623711,9.450973378766856,3.824301127470255,10.509953185219715,0.012524643049215634,1.571308748129237,0.6568720740762322,0.502776517504129,110.27686211241348,4.634360936645862,14.19157841585934,6.892303882025843,2.3203273090717045,120.78681529763318,5.32487224150962,14.32594167573557,7.549175956102074,2.1629474851688637,18.279655818375353,0.01158933757513303,2.530562902593547,0.4940447518479825,0.6052736400717964,168.9731066097986,0.48712431880267104,9.313207970456006,4.566840719183746,1.7065021775359412,187.25276242817395,1.8757885593689763,9.508213905252763,5.060885471031728,1.7730614208781346,24.78255102697335,0.01158933757513303,2.9900199945454755,0.5507233561549634,0.7273392887793398,186.9999577696169,0.48712431880267104,11.574163263961964,4.155554617102598,1.974847756156157,211.78250879659024,1.9235655386199615,12.001174536695434,4.706277973257561,1.8974047875996192,12.452974420587235,0.01278862664154179,4.861715379607549,0.44474908644954414,0.9041917478697239,109.93263082491899,2.408006004028721,7.61300479021088,3.9261653866042496,1.3054193229855382,122.38560524550623,2.5707803217863248,7.903118932959307,4.370914473053793,1.4755087532637592,25.083657037444425,0.01158933757513303,2.9528007734126582,0.5452968921183571,0.7371205435680178,165.20650743119995,0.48712431880267104,8.234186590729223,3.591445813721738,1.5231716363303731,190.29016446864438,1.8757885593689763,9.374187924318104,4.136742705840095,1.5217136215383733
c<D>r<29>R<ALA>,76.01996541490246,1.3911208402252915,4.071779161502293,1.9492298824333965,0.7358491186239631,30.001811821371046,2.7490012125685963,5.831918578344923,3.7502264776713807,0.8672115379143011,49.15259928788943,2.194062348616336,4.581365225618424,3.7809691759914945,0.7070415379715661,80.46408737503646,1.3282483363806146,3.849666521245821,1.676335153646593,0.6286636889007557,91.53188593857779,1.228432413120548,3.48526218859615,1.7270167158222225,0.5822607356029511,58.376906573945405,2.194062348616336,4.761861643704429,2.6534957533611547,0.5359125524808636,95.53892132858807,1.228432413120548,3.48526218859615,1.5409503440094852,0.4285894989986553,16.24472367478895,0.013378826975895208,2.1959910351229333,0.4777859904349691,0.6200168656781395,167.91238435367154,3.559754690552154,12.76259454998035,4.938599539813869,1.5751146162663756,184.1571080284605,3.5853109407851265,12.834048931433204,5.416385530248839,1.5894883787599048,0.903189185736041,0.30308930788358524,0.6000998778524558,0.4515945928680205,0.14850528498443527,10.714703509675019,5.004953631195349,5.70974987847967,5.357351754837509,0.3523981236421605,11.61789269541106,5.605053509047805,6.012839186363255,5.80894634770553,0.20389283865772523,15.136193266968174,0.012524643049215634,3.014932532587041,0.9460120791855109,0.8368610253953757,93.85391730234414,3.8646746759950474,7.934256392853058,5.865869831396509,1.079483552642531,108.99011056931232,4.678973928038778,8.500336426630925,6.81188191058202,1.0511352008145523,15.91055732366159,0.013378826975895208,3.7046232455271415,0.4300150628016646,0.7288565108940939,175.0976197734342,1.3376240959169081,12.76259454998035,4.732368101984708,1.9923027430510993,191.0081770970958,1.509621928518563,12.834048931433204,5.162383164786373,2.0136919746605826,18.849098091872406,0.01250456096553254,2.226827020558427,0.4097630019972262,0.5387105308395903,171.5568166998753,2.0586600650867695,6.199301994354755,3.7294960152146803,1.0400114663173416,190.4059147917477,2.287842844734187,6.249027598911285,4.139259017211907,1.0248330041758964,7.736488182966089,0.021295346565406437,2.3365374064744717,0.3223536742902537,0.49157849463786646,96.7262154317757,2.408006004028721,6.678655447555684,4.030258976323988,1.2169862521117547,104.46270361474178,2.5707803217863248,7.900971270599671,4.352612650614241,1.3692748992317005,17.871112951362015,0.010582867920013506,2.226827020558427,0.3723148531533753,0.557633950783151,169.4384094886857,1.3376240959169081,6.199301994354755,3.5299668643476187,1.0457936818894726,187.30952244004772,1.509621928518563,6.219331546503209,3.902281717500994,1.0569188427554035
c<D>r<30>R<ILE>,112.27384103347572,1.3909344124324212,4.61573256074402,1.8405547710405856,0.7138340080946116,47.99439714223798,2.709781482516247,5.831918578344923,3.691876703249075,0.7694999512558256,60.71040594426796,2.194062348616336,4.5873370345888365,3.7944003715167476,0.6172920082767201,122.32985794953868,1.3265257188282717,4.61573256074402,1.6310647726605156,0.6123559401170781,132.64380908727355,1.228432413120548,4.61573256074402,1.7005616549650455,0.5957132204844293,79.88531302140674,2.194062348616336,4.575701037717929,2.6628437673802248,0.46115165738580943,141.96690901880575,1.228432413120548,4.61573256074402,1.5431185762913668,0.46778255159562,39.125792799625486,0.013378826975895208,3.622160421322782,0.6113405124941482,0.8304290309380168,319.7976728692968,0.48712431880267104,12.76259454998035,4.996838638582762,1.683412633388812,358.92346566892223,1.570656756751819,12.834048931433204,5.60817915107691,1.7407568586185287,8.380608547571285,0.02122130032038516,4.609491164816841,0.9311787275079205,1.3447318772227213,78.3971652629782,5.004953631195349,24.699595726230882,8.710796140330912,5.805982377234027,86.7777738105495,5.605053509047805,25.482956354126085,9.641974867838833,6.042341456829011,18.206278530113867,0.06353362859266198,3.014932532587041,0.8669656442911365,0.8379250446253593,137.57838671690092,4.59292002426173,16.619415802529147,6.551351748423853,2.5349444412125925,155.78466524701477,5.310245510944735,16.745545387636252,7.4183173927149895,2.3401096299134756,37.30173264896338,0.013378826975895208,3.7341673790718737,0.5406048209994693,0.7638657500056057,332.0626171012875,0.48712431880267104,12.76259454998035,4.812501697120109,1.7059321379082992,369.3643497502509,1.509621928518563,12.834048931433204,5.353106518119578,1.744146910797911,44.17825564551221,0.011903245572378651,3.622160421322782,0.5737435798118469,0.7493000515077857,311.071385017779,0.48712431880267104,9.216939665931932,4.039888117114013,1.589344759312841,355.24964066329113,1.570656756751819,9.28530446147562,4.613631696925859,1.6668448908317155,12.23787102738774,0.010827709840526722,2.3365374064744717,0.35993738315846296,0.5361437414104947,164.37871613836114,2.408006004028721,18.170653379608893,4.834668121716504,2.7922363968152673,176.6165871657489,2.5707803217863248,18.18148108944942,5.194605504874968,2.7621572922175734,42.49351769572126,0.010582867920013506,3.2681501366850725,0.5447886884066828,0.7080157441801356,299.4615011111475,0.48712431880267104,9.216939665931932,3.839250014245481,1.4615202554201752,341.9550188068688,1.509621928518563,9.28530446147562,4.384038702652164,1.5565681097011073
c<D>r<31>R<TYR>,99.50793687276285,1.3850014584758965,4.189970346339722,1.877508242882318,0.6826242803968414,58.441375973532736,2.709781482516247,5.508924496922634,3.8960917315688492,0.8662431726236678,65.94089038796032,2.537143616987074,4.5873370345888365,3.878875905174137,0.4932718784896538,109.8437201375013,1.326315693117691,3.9689762923306398,1.5919379730072651,0.5438890522104073,120.98214228725449,1.2285443644922716,3.4404597194353466,1.7039738350317535,0.5423267955446255,88.89747671299479,2.2437453015055735,4.738611023175149,2.693862930696812,0.5774128516090901,130.62940770876145,1.2285443644922716,3.4404597194353466,1.5014874449282924,0.36372352727326096,29.551742947023442,0.010231485294818654,3.1809648631319565,0.5008769991020923,0.7348490736878858,300.13568598121356,0.4875329133383275,9.821449561311056,5.087045525105315,1.6262167889718686,329.687428928237,1.570656756751819,9.848704775398986,5.587922524207407,1.6445440619110414,14.09047843269595,0.02122130032038516,4.970424567153582,1.0064627451925678,1.2360003684246454,97.30215330736792,4.237841441437013,10.071239029259232,6.950153807669137,1.6505050841123121,111.39263174006388,4.718380854505305,13.47324314326475,7.956616552861705,2.3120324648114106,22.877848043133056,0.06353362859266198,3.014932532587041,0.9151139217253222,0.8020069533871096,179.0858813455543,4.59292002426173,14.745109833786046,7.163435253822172,2.470309415017373,201.96372938868737,5.310245510944735,15.551053042788677,8.078549175547495,2.3980186035450597,27.121381720030843,0.010672390273477994,3.4605067547366666,0.43744164064565877,0.6242127832602677,302.5622198795031,0.4875329133383275,11.48413908161183,4.880035804508115,1.7962020254548268,329.6836015995339,1.509621928518563,11.517170958534695,5.317477445153773,1.7813641460148142,32.82970559333618,0.010672390273477994,2.703134636827669,0.49741978171721485,0.6238131177158538,249.8824433161742,0.4875329133383275,9.216939665931932,3.7860976260026393,1.3104920032567784,282.7121489095104,1.570656756751819,9.28530446147562,4.283517407719855,1.3623061572015467,21.652620170831504,0.010381168632550342,3.418749196414886,0.5155385754959882,0.6797536715788762,230.82474152383247,2.1074379034043886,14.745109833786046,5.495827179138868,2.9264990549610483,252.47736169466398,2.3842756563828322,15.551053042788677,6.0113657546348565,2.9783450043025117,31.239639598576165,0.010582867920013506,2.2464948430280387,0.48060983997809487,0.6157864071953919,232.2201614135538,0.4875329133383275,9.216939665931932,3.572617867900828,1.3306795499580375,263.45980101212996,1.509621928518563,9.28530446147562,4.053227707878922,1.363572804442968
c<D>r<32>R<ASN>,130.09012754357866,1.3850014584758965,4.258045533201572,1.858430393479695,0.6669988080249939,63.63876924177233,2.6359858195871144,5.325304296232628,3.7434570142219017,0.7428532286889692,66.00080216734037,3.200010184334047,4.5873370345888365,3.8824001274906097,0.3586154815645008,140.9039483922573,1.326315693117691,4.258045533201572,1.6011812317301966,0.5248065137752879,155.03953361361516,1.2286531026527379,4.258045533201572,1.7618128819728995,0.6404211979835647,95.1866778390675,2.2437453015055735,4.961181836862605,2.7196193668305,0.6332987444378478,164.66023263369752,1.2286531026527379,4.258045533201572,1.5533984210726182,0.4722561309598366,48.88470361631931,0.010231485294818654,3.4955363838912294,0.568426786236271,0.8184788725759399,470.3760120306299,0.4875329133383275,11.93318246878448,5.469488511984069,1.7734914260640704,519.2607156469492,1.919738307920803,12.006941872251957,6.037915298220339,1.6716244971011898,18.133649538902105,0.014175709340155329,3.759344657554049,0.824256797222823,0.9866797294633439,155.08644727362343,4.237841441437013,13.102476358665626,7.049383966982884,2.010042847521402,173.22009681252553,4.718380854505305,16.861821016219675,7.873640764205706,2.503725467855444,23.059896092641736,0.014318699528159229,3.9407384904955762,0.9223958437056694,0.8891093462239921,174.52163464122646,4.59292002426173,14.803257374748682,6.980865385649058,2.437833483424755,197.58153073386822,5.310245510944735,14.817576074276841,7.903261229354729,2.4057692467503906,45.685020272355125,0.010712120167149841,3.184293643214872,0.5076113363595014,0.6727078301898797,439.4157448162546,0.4875329133383275,10.15521483122302,4.882397164625051,1.6012592777129167,485.10076508860976,1.7632018873932758,10.291176380836752,5.390008500984553,1.5865664993983564,53.36955474922984,0.011903245572378651,3.022311224011826,0.5131687956656715,0.6822372342124122,426.5369077640489,0.4875329133383275,9.35111298677134,4.101316420808162,1.3208497309281253,479.9064625132787,1.919738307920803,9.766390832819223,4.614485216473834,1.3728587468440516,26.071432598941264,0.010381168632550342,3.418749196414886,0.5925325590668469,0.7713492737690175,209.4053427522697,2.004024961292316,8.972649147476659,4.759212335278857,1.9540645787067097,235.47677535121093,2.3842756563828322,10.289974511714775,5.351744894345703,1.967171059009043,52.25036918505438,0.010478334802917821,2.933121833245906,0.5024073960101383,0.661516379845626,409.3547179655686,0.4875329133383275,10.15521483122302,3.936103057361237,1.4706326480616223,461.605087150623,1.7632018873932758,10.291176380836752,4.438510453371375,1.511233707582309
c<D>r<33>R<LEU>,133.79087014426023,1.3668996635177961,3.8368571912383653,1.8327516458117838,0.6324774938589246,48.041940679250914,2.709781482516247,4.8056330132294445,3.6955338984039163,0.5318305393445328,75.25736879616558,3.3992300766968713,6.666165168558897,4.18096493312031,0.7053006486970826,140.0813566530366,1.325626003670299,3.7336799740786426,1.6101305362418001,0.52352107684108,162.90308509103738,1.2286531026527379,3.7336799740786426,1.7706857075112759,0.6477755150996649,88.32283721383416,2.2437453015055735,4.8056330132294445,2.7600886629323176,0.6356694565224618,168.32564239763408,1.2286531026527379,3.7336799740786426,1.5879777584682462,0.5343012949147051,49.817743322087246,0.010231485294818654,3.184293643214872,0.5535304813565249,0.7473683201200769,477.92767914117013,1.248551795730748,12.378793756050982,5.310307546013002,1.7412824462206884,527.7454224632575,1.3901682573297602,12.595883141064338,5.863838027369527,1.685686028689559,12.318182455153526,0.02122130032038516,3.4559314055897943,0.7245989679502074,1.0535285864356052,119.42847291784358,4.237841441437013,13.426612143101067,7.0252042892849165,2.2886815845547135,131.74665537299708,4.718380854505305,13.586028197450895,7.749803257235122,2.1201518560944397,28.363532103440484,0.11637798251081222,4.959326767915016,0.9780528311531201,0.947948864240933,211.10586577392155,4.646298330772879,14.758728307087267,7.279512612893846,2.5371769891335547,239.46939787736207,5.54794944245131,14.99279627636117,8.257565444046968,2.4681399269313693,48.51986476641201,0.018559409354550027,3.184293643214872,0.539109608515689,0.6760690035211636,422.2180363157105,0.5137153826927374,7.774390826981289,4.691311514619006,1.1254181149026978,470.73790108212256,1.3882288916952243,8.23371139271953,5.230421123134695,1.1256587687221307,58.92020935590757,0.010268251631611491,2.933121833245906,0.535638266871887,0.6716999022381296,449.11449007154994,1.248551795730748,7.128347690018018,4.082859000650454,1.082718292046825,508.0346994274575,1.3901682573297602,7.169891938771585,4.618497267522341,1.188810717323249,23.486539386421374,0.028502272383266636,3.418749196414886,0.602218958626189,0.8688747399824245,187.0853508421406,2.004024961292316,11.109439513626967,4.797060278003605,2.238904445551385,210.57189022856198,2.9569894527636973,11.228212540224899,5.399279236629795,2.0362123482203933,57.348557628723256,0.010268251631611491,2.933121833245906,0.5514284387377236,0.7108447447565626,411.13826426978767,0.5137153826927374,7.128347690018018,3.9532525410556505,1.2432820555491713,468.4868218985109,1.3882288916952243,7.155334946346288,4.504680979793374,1.2571101360703987
c<D>r<34>R<GLN>,139.2821023022414,1.3668996635177961,3.8057404226045723,1.8088584714576807,0.621555929630865,67.20360755094069,2.8827600807978424,4.8056330132294445,3.7335337528300383,0.5101264462985128,63.3244191368049,3.3992300766968713,6.666165168558897,4.22162794245366,0.7474729091177954,150.58229050686106,1.3247450739861817,3.6386631770647626,1.568565526113136,0.44227692249772277,162.3014837840814,1.2286531026527379,3.623872157156262,1.7451772449901226,0.6128297828609656,92.05311675765138,2.2423118393262715,4.8056330132294445,2.707444610519158,0.5002922062948508,172.2607373699467,1.2286531026527379,3.546049456811492,1.5380422979459527,0.41025374754442634,54.606472014968546,0.011491818155985989,3.886875484264692,0.5871663657523499,0.8271524773414617,482.806210974558,0.4831272122421524,11.93318246878448,5.191464634135032,1.628069925221716,537.4126829895265,1.3901682573297602,12.006941872251957,5.7786309998873815,1.5754164280699232,23.393375631548775,0.025369075788361783,3.610139889566959,0.8997452165980298,1.14922230376957,199.8904053216063,4.237841441437013,13.426612143101067,7.688092512369473,2.23078947981861,223.2837809531551,4.718380854505305,13.586028197450895,8.587837728967504,2.100750499347653,22.72912068005467,0.0746457617735583,6.3082621545884905,1.0823390800026034,1.2648832613749044,155.22343697417716,5.098847220947391,14.758728307087267,7.391592236865579,2.594479341810231,177.95255765423184,5.751617061297781,14.99279627636117,8.473931316868184,2.5776360844010484,53.53890024734499,0.011981627126301575,3.0893848275577316,0.5635673710246841,0.730944409019325,436.55834150487635,0.4831272122421524,8.365634695984738,4.595350963209225,1.247244131626959,490.0972417522214,1.3882288916952243,8.420340044884053,5.15891833423391,1.1906304758198654,60.66832757156358,0.010268251631611491,3.401495662437857,0.551530250650578,0.6999409595027318,448.46803159805194,0.4831272122421524,8.365634695984738,4.076982105436835,1.1946744598378023,509.1363591696155,1.3901682573297602,8.420340044884053,4.6285123560874135,1.2197771145793168,25.762321198336767,0.012227186230222564,4.362103225582667,0.6779558210088623,0.9705776388169438,171.57025614925584,2.004024961292316,11.109439513626967,4.51500674076989,2.2244483288755013,197.33257734759266,2.9569894527636973,11.228212540224899,5.192962561778754,2.0757497860379748,57.34725788731589,0.010268251631611491,3.1131681885657656,0.5410118668614706,0.7520363561500654,407.79903641462914,0.4831272122421524,8.365634695984738,3.847160720892728,1.3591862930562506,465.14629430194503,1.3882288916952243,8.420340044884053,4.388172587754198,1.2869551114560909
c<D>r<35>R<TRP>,146.0888340841756,1.3668996635177961,3.718271954421571,1.849225747900957,0.6838151387009355,53.9529044142583,2.8827600807978424,5.527499568240944,3.853778886732736,0.6643019421309069,62.76577372604812,3.530669684178579,6.666165168558897,4.184384915069875,0.7752508630455389,154.36329568948685,1.3247450739861817,3.718271954421571,1.642162720100924,0.5871177296855623,167.6419537886139,1.2282463231411889,3.718271954421571,1.7646521451433042,0.6690572109888281,79.869434618497,2.2423118393262715,4.8056330132294445,2.662314487283233,0.5089681780854419,173.97558998691505,1.2282463231411889,3.718271954421571,1.5815962726083186,0.5206512067946854,63.13877777217559,0.010304290674721273,3.8578707184920695,0.539647673266458,0.824929403830438,583.4781592487484,0.4831272122421524,9.16031537982235,4.986992814091867,1.3757231891247077,646.6169370209238,1.3901682573297602,9.197157260503293,5.526640487358323,1.291393999340562,17.15611285595727,0.025369075788361783,3.7310997078010697,0.8169577550455843,0.999482709202345,168.52717686088107,4.461718763921965,13.426612143101067,8.025103660041955,2.4856715606072606,185.68328971683837,4.955962900968226,13.586028197450895,8.842061415087542,2.214666014674088,21.00461543181502,0.0746457617735583,2.1020832999280508,0.8751923096589591,0.5903737973656593,170.1537269077432,4.754627019455256,14.758728307087267,7.089738621155966,2.5273263747065795,191.1583423395582,5.751617061297781,14.99279627636117,7.964930930814925,2.3436973751190244,66.16140152918393,0.010304290674721273,3.8236091977815523,0.5513450127431995,0.8066505101502179,549.6624212204438,0.4831272122421524,8.838406975946,4.580520176837031,1.3320400960998866,615.8238227496277,1.3882288916952243,8.883942457676584,5.13186518958023,1.2726657047679244,69.80428094572989,0.010025655503446806,3.623060689058658,0.5288203101949234,0.7007969745119809,552.2989416219774,0.4831272122421524,8.838406975946,4.184082891075587,1.2477155095980053,622.1032225677073,1.3901682573297602,8.883942457676584,4.71290320127051,1.231878760046678,21.841176465214,0.011844637730932028,3.2536868961068226,0.7045540795230323,0.9441071975812569,148.4651176610511,2.004024961292316,13.07893351982699,4.789197343904874,2.874409088233136,170.3062941262651,3.043325962464121,13.157546626511696,5.493751423427907,2.6157274840212223,68.76890021461115,0.010025655503446806,3.623060689058658,0.5372570329266496,0.7800715572020838,516.2769386335614,0.4831272122421524,8.838406975946,4.033413583074698,1.4066255561660785,585.0458388481726,1.3882288916952243,8.883942457676584,4.570670616001348,1.3340485684344536
c<D>r<36>R<PHE>,137.46447177961682,1.3668996635177961,3.777047842257208,1.7852528802547638,0.6222371780014843,52.04469671515223,2.8827600807978424,5.527499568240944,3.717478336796588,0.5993604183348514,64.85595615708932,3.573424568814933,5.055362566873438,4.053497259818083,0.4189895054314924,145.93490160622335,1.3247450739861817,3.777047842257208,1.5862489305024277,0.5059731199047294,159.6602028446059,1.2282463231411889,3.777047842257208,1.6985127962192117,0.5860766049864189,79.91294157541311,2.2423118393262715,3.258875853022001,2.577836825013326,0.3086610839380231,166.74344072292038,1.2282463231411889,3.777047842257208,1.5297563369075264,0.4327389984968617,53.7768622961684,0.011491818155985989,3.3893361596284883,0.48015055621578934,0.7045943657672208,554.718444493448,0.4831272122421524,9.16031537982235,4.952843254405786,1.2255468381801826,608.4953067896164,1.3901682573297602,9.197157260503293,5.432993810621575,1.1704729069894677,15.174447091542344,0.032345629838534506,3.7310997078010697,0.8430248384190191,1.0864571910702718,128.5142510903501,4.894539147201613,9.709911988170688,7.13968061613056,1.4555752024318493,143.68869818189245,6.3945584219536045,10.226262435152709,7.98270545454958,1.1985426239536074,21.60936155270769,0.0746457617735583,2.1020832999280508,0.9395374588133778,0.5740908777144517,137.43007853946028,4.6742529459370985,9.780406786752849,5.975220806063491,1.1694244537144678,159.03944009216798,5.612430315854379,9.855052548526407,6.914758264876869,1.1063661715869804,54.024568980814706,0.010458651810621333,3.223655405850403,0.49113244528013367,0.7054956636981394,496.53517015591996,0.4831272122421524,8.04133327638283,4.513956092326545,1.0846376832871554,550.5597391367346,1.3901682573297602,8.133457337251137,5.005088537606678,1.086087685040592,57.342959625219294,0.010268251631611491,2.9896016178081766,0.4662029237822707,0.6244640680242084,507.7153896449275,0.4831272122421524,6.438592331911423,4.127767395487215,1.00073012910787,565.0583492701467,1.3901682573297602,6.650629907849719,4.593970319269485,0.9912689067508409,20.276993869986086,0.011844637730932028,3.2536868961068226,0.654096576451164,0.924418320299199,118.77103519901735,2.0113709940496847,8.09499972985941,3.8313237160973337,1.6854151477661166,139.04802906900343,2.9744250258304046,8.275571492886536,4.485420292548498,1.5924753953511617,55.45756433528986,0.010268251631611491,2.9896016178081766,0.4780824511662919,0.7010218007269811,461.99526134783105,0.4831272122421524,6.438592331911423,3.982717770239923,1.16110753977404,517.4528256831209,1.3901682573297602,6.650629907849719,4.460800221406214,1.112514479757972
c<D>r<37>R<ARG>,120.1601131189244,1.384006881054999,3.777047842257208,1.7934345241630507,0.5766912489457282,54.83609693208504,2.2953623483870293,5.150389539124638,3.655739795472336,0.7682130107497863,69.07815051385397,2.196716707815443,4.707590865540188,3.8376750285474426,0.6032160949599066,129.49920578699508,1.3236385820726562,3.777047842257208,1.5602313950240372,0.44711372474193883,146.889267366627,1.2258945617460053,3.777047842257208,1.7080147368212442,0.5604885370137281,90.90530220159634,2.196716707815443,5.012427666183273,2.6736853588704808,0.5177417376359968,155.1510080847698,1.2258945617460053,3.777047842257208,1.5210883145565668,0.4019225172896912,45.18975569814148,0.013707899500768228,3.073214575556573,0.49119299671892913,0.7146200732902028,459.815017978434,0.48844103072611134,8.469027886471167,4.997989325852544,1.0461681803779181,505.00477367657544,1.9179591966656466,8.514479781949754,5.489182322571472,0.9416481513664993,14.264819226262667,0.010321527788427431,3.6388572057642676,0.6792771060125079,0.9957681281245694,154.88993864550432,1.318176787399839,12.423716145359666,7.375711364071634,2.3076748901889452,169.15475787176698,1.7566886942676763,12.76338773508384,8.054988470084142,2.215935989673893,23.76054209816517,0.0407124866626809,2.135755175765512,0.8800200777098212,0.5609265926307617,180.81740726951375,4.6651727880086185,11.972698338628803,6.696941009981991,2.077038272507458,204.57794936767897,5.612430315854379,12.565113786934008,7.576961087691814,2.04583371874192,44.55265346722767,0.010458651810621333,3.0356321770685746,0.4895895985409634,0.7147766224241736,418.65216644101884,0.48844103072611134,6.571406563492019,4.600573257593614,0.9935986085135659,463.2048199082465,1.9179591966656466,6.723558740339454,5.090162856134577,0.9424055991189214,52.00126522801713,0.011859846461533152,2.9896016178081766,0.4642970109644387,0.6138503494646712,466.50701992601284,0.48844103072611134,9.47236971379175,4.165241249339401,1.1206762499079805,518.5082851540301,1.9179591966656466,10.545006159907075,4.62953826030384,1.13161751326883,28.046325671635962,0.011844637730932028,4.507457866015972,0.6522401318985107,0.9297308545696458,219.60842364517475,1.318176787399839,12.297868594156682,5.107172642911041,2.897204591508257,247.65474931681072,1.7566886942676763,12.48204183775342,5.759412774809552,2.8665236430245917,50.998876162524965,0.010458651810621333,3.0356321770685746,0.49513472002451425,0.7313985226903571,405.2253441992949,0.48844103072611134,8.802672076432827,3.934226642711601,1.2318118485041423,456.2242203618199,1.6998897926109962,10.545006159907075,4.429361362736116,1.2270834045699086
c<D>r<38>R<GLN>,122.22374076877911,1.384006881054999,4.677942164463145,1.8803652425966018,0.7103591032501141,68.68543106742177,2.2953623483870293,5.150389539124638,3.6150226877590406,0.7045063982449591,71.29343683013482,2.196716707815443,4.580089093559286,3.7522861489544646,0.5466784629436039,133.99719410509184,1.3210195616632252,4.02788850478488,1.5764375777069628,0.5053941396102829,144.25674541712203,1.2258945617460053,3.661996282314237,1.6971381813779063,0.5584273151210501,100.36502523329757,2.196716707815443,3.2468892341476447,2.5734621854691686,0.31997669546862884,156.1348903839867,1.2258945617460053,3.6197983803290965,1.4869989560379684,0.34704065998389805,44.04189031993428,0.013707899500768228,3.8848467473532198,0.5794985568412405,0.7732729712046288,397.89234111749784,0.48844103072611134,9.68085272089128,5.235425541019708,1.4395886471116048,441.9342314374322,1.5835093774574514,10.868712300370799,5.81492409786095,1.509231854602786,25.01944214177899,0.010321527788427431,5.934871992355376,0.7818575669305934,1.299855652967846,275.62260881289126,1.318176787399839,14.163951212865996,8.613206525402852,2.831160307941173,300.64205095467025,1.7566886942676763,14.207621203882969,9.395064092333445,2.639877720638229,23.81130256309176,0.0407124866626809,3.8036110158352123,0.793710085436392,0.8710698431522588,229.08398793980987,4.6651727880086185,20.06937134664216,7.636132931326996,3.464204309978401,252.89529050290164,5.195192518224665,20.18923959442565,8.429843016763389,3.30603626994763,43.205223710886536,0.014941215017950427,3.4926153372863435,0.5611068014400848,0.7516545732041799,366.96094979608205,0.48844103072611134,8.181714623674125,4.765726620728338,1.2685121440897436,410.1661735069686,1.515919024565601,9.11702046548175,5.3268334221684235,1.2401724359604451,48.54664032780174,0.01051347045149953,2.9896016178081766,0.5056941700812682,0.659894899462502,418.9570988491035,0.48844103072611134,10.140632732231339,4.364136446344828,1.6802099668120267,467.50373917690524,1.5835093774574514,10.545006159907075,4.869830616426096,1.7488759363028756,33.458084711303336,0.01607690124048844,5.6131153451750215,0.8160508466171545,1.2391209712452305,191.26087062907817,1.318176787399839,10.397162232627611,4.6648992836360526,2.441775078018759,224.7189553403815,1.7566886942676763,10.728527950757119,5.480950130253207,2.5175998632113585,49.78702160943072,0.01051347045149953,3.121288626814037,0.5594047371846148,0.7667214999702634,365.8675444898973,0.48844103072611134,8.802672076432827,4.1108712864033405,1.7282102483115045,415.654566099328,1.515919024565601,10.545006159907075,4.670276023587955,1.6989583269370103
c<D>r<39>R<ASP>,73.78699063780905,1.4937487761447161,4.677942164463145,1.891974118918181,0.669770661728828,54.22490848730781,2.2953623483870293,5.150389539124638,3.6149938991538537,0.7931920021326408,55.42457383606647,2.196716707815443,4.27407087535272,3.694971589071098,0.5657507552101948,87.08118827919216,1.3210195616632252,4.02788850478488,1.5832943323489483,0.4893821978761066,94.66972710551349,1.2258945617460053,4.27407087535272,1.7212677655547908,0.6053927920200642,80.24736203011953,2.196716707815443,3.2468892341476447,2.588624581616759,0.3310685047716229,106.72736103615641,1.2258945617460053,2.9094753717319075,1.5032022681148791,0.3662777845276945,19.43148351458285,0.01649651942109731,3.293022939763741,0.6268220488575114,0.8038326529532019,166.20383265403387,1.4648648602006347,8.181714623674125,5.361413956581738,1.4389169532246067,185.6353161686167,1.5835093774574514,10.868712300370799,5.988236005439249,1.7243995967391512,18.33212340325931,0.010321527788427431,3.9391973067850117,0.79704884361997,1.0698575241839832,195.01241509983743,1.318176787399839,12.046804098126078,8.47880065651467,2.4761225853432136,213.3445385030968,1.7566886942676763,12.201722367600247,9.275849500134644,2.5115285634215248,17.672697210375112,0.0407124866626809,3.8036110158352123,0.8033044186534142,1.0078022467895265,155.5266189914256,4.211677881435637,11.456942156606491,7.069391772337528,1.9994069080302344,173.19931620180074,5.195192518224665,12.374838057862064,7.8726961909909425,1.9394517898840407,18.713023202736455,0.01597531615128034,2.8222866214345057,0.5346578057924701,0.6849241999649684,178.19913270985262,0.5817173406795177,8.181714623674125,5.091403791710075,1.4774873563698943,196.91215591258907,1.515919024565601,9.11702046548175,5.626061597502545,1.4733275796198175,25.36709710198233,0.01051347045149953,2.5472639361851215,0.5284811896246319,0.6819504242544251,209.87306259633075,1.4648648602006347,9.47236971379175,4.372355470756891,1.8820868884110111,235.24015969831308,1.5835093774574514,10.545006159907075,4.900836660381523,2.024529268575565,27.227304437009295,0.01607690124048844,5.6131153451750215,0.8008030716767439,1.2354497448699697,168.69294487530178,1.318176787399839,10.397162232627611,4.961557202214758,2.5358206301283595,195.9202493123111,1.7566886942676763,10.728527950757119,5.762360273891503,2.6590361846621087,27.17869266217069,0.01051347045149953,3.121288626814037,0.5662227637952227,0.8129797251207171,197.90220497312384,0.5817173406795177,8.802672076432827,4.122962603606747,2.068334203319018,225.08089763529455,1.515919024565601,10.545006159907075,4.6891853674019695,2.077006730505759
c<D>r<40>R<PRO>,74.38124683802816,1.4937487761447161,4.677942164463145,1.9574012325796886,0.8737333277946707,47.76100106880959,2.7409268621788514,5.825776263268108,3.9800834224007993,0.9594665516417599,49.106684273194276,2.196716707815443,5.550059725798615,3.777437251784175,0.8904046280334473,84.01821413643499,1.3210195616632252,4.134060617580516,1.6474159634595096,0.6417483093124902,91.49524618954878,1.2258945617460053,3.5756941246566836,1.7595239651836303,0.6342886360893096,71.88891515239112,2.1494055625760353,4.959393827037193,2.764958275091966,0.6928385221011089,101.07878537667266,1.2258945617460053,3.5756941246566836,1.5550582365641947,0.4511382178038229,18.469968450924412,0.04082613853994843,4.22223402624593,0.8795223071868767,1.11985815631353,110.59880394767977,1.4648648602006347,8.181714623674125,5.266609711794275,1.7727645798816738,129.06877239860418,1.5835093774574514,11.035848685080909,6.1461320189811515,2.4289582863951047,12.002143805373192,0.010321527788427431,2.9080870814705797,0.6667857669651773,0.6915995510205135,185.52817802667195,5.387041554322323,16.10935482579049,10.307121001481775,2.8354951192090745,197.53032183204516,5.471859951642382,16.515616915658512,10.973906768446954,2.932422222170762,13.843259545631838,0.06192530369908855,7.754639730939353,0.9228839697087892,1.923542898060479,126.0979980310892,4.211677881435637,16.829771983879255,8.406533202072614,3.1233562199501517,139.94125757672106,5.195192518224665,18.07099955347605,9.329417171781405,3.8056617358012126,16.80334958078287,0.013899880919558516,4.618610310179983,0.622346280769736,0.94809569373456,136.72327211820323,0.5817173406795177,8.181714623674125,5.063824893266786,1.7632106702452306,153.5266216989861,1.5129564844506884,9.688636985427374,5.686171174036523,2.014294523305732,21.40943404098337,0.01051347045149953,4.945646355970265,0.6296892364995109,1.002286223190355,150.62084666573807,1.4648648602006347,9.47236971379175,4.430024901933472,1.9486859341548906,172.0302807067214,1.5835093774574514,10.658707539770486,5.059714138432983,2.2796115875519036,21.278520222956516,0.021288833217051106,6.285837327634409,0.7880933415909821,1.3755275527999784,152.5162199113222,2.0086138635790576,12.377058472438932,5.648748885604526,2.852496242115713,173.79474013427873,2.0680776643028747,12.890013287283592,6.436842227195508,3.210717815648848,21.80522275001323,0.01051347045149953,5.360776262372351,0.6057006319448119,1.0685171844648649,151.13900906594912,0.5817173406795177,8.3347476865649,4.1983058073874755,1.9832290451800765,172.94423181596235,1.5129564844506884,9.273801900773403,4.804006439332287,2.12885470708098
c<D>r<41>R<GLY>,77.25132363622251,1.390845332104027,5.504794041781057,2.207180675320643,1.038082029345918,46.378973428672026,2.2957140962690508,5.960116917586787,3.8649144523893355,1.1963917622301559,47.574567104097,2.9304955342717074,7.383977494387786,4.324960645827,1.2310078507827038,89.46310387655909,1.3210195616632252,4.02788850478488,1.863814664094981,0.8438733533135513,103.33731377353246,1.2258945617460053,5.579754568152386,2.1986662505006906,1.1765880633399495,79.41327108158558,2.2423754394581015,7.168778497755751,3.3088862950660656,1.3303468872621689,114.65259473482575,1.2258945617460053,5.579754568152386,1.9108765789137625,1.0073438452506065,19.5181348812213,0.03914180879015383,2.8763819186492405,0.780725395248852,0.9280259283702988,163.30337373975195,1.4648648602006347,18.88716018228355,6.532134949590078,4.1630320429962335,182.82150862097325,1.5835093774574514,20.642668341997133,7.3128603448389295,4.340699974405791,12.717127509867991,0.012558329102457577,4.201345100028366,0.7948204693667494,1.1217906922757466,140.7481728532997,1.3231208785510882,12.377058472438932,8.796760803331232,3.024257813324057,153.46530036316767,1.7604077923972261,13.05691126488557,9.59158127269798,3.220886382693367,9.325870063989498,0.06192530369908855,3.2018180050644887,0.7173746203068845,0.9644675681373132,140.53855504433034,4.211677881435637,20.62165957029015,10.810658080333102,5.889547491847564,149.86442510831984,5.195192518224665,21.399534455408876,11.528032700639987,6.205188542453017,22.73657681565392,0.03022051629783995,4.618610310179983,0.688987176231937,1.0619868216597133,176.12518231018572,0.5817173406795177,12.49149025608068,5.337126736672294,2.2741691700600346,198.86175912583965,1.515919024565601,14.566442851854447,6.026113912904232,2.532206143606792,32.0825345311251,0.01051347045149953,3.326698650510558,0.641650690622502,0.7725966230817235,377.66008828601474,1.4648648602006347,23.183860105054976,7.553201765720295,5.530609579169602,409.7426228171399,1.5835093774574514,23.458685351374193,8.194852456342797,5.635268814389703,27.996424452822225,0.01790171791051165,4.57199399747104,0.7566601203465466,1.0472436832214371,325.1880704869954,1.3231208785510882,19.201279555443364,8.788866769918794,5.321693507618488,353.1844949398176,1.7604077923972261,19.73412029558599,9.545526890265341,5.640334599367998,34.04451892023998,0.01051347045149953,5.632665533682831,0.5972722617585962,0.9506555755668754,392.37686029488,0.5817173406795177,19.201279555443364,6.883804566576842,4.809559659296945,426.42137921512006,1.515919024565601,19.73412029558599,7.481076828335439,4.911028328455884
c<D>r<42>R<LYS>,79.08365654266356,1.3852509009102367,3.743450693161643,1.928869671772282,0.6887393420009554,50.480988850969766,2.2957140962690508,5.960116917586787,3.6057849179264116,0.9780624499160893,51.221215992171494,2.196716707815443,4.856520785030144,3.6586582851551066,0.7130806936173095,92.60908504041035,1.3236501706876207,3.5636366181940415,1.653733661435899,0.5784069854700538,100.32506121330627,1.2258945617460053,3.5636366181940415,1.7915189502376119,0.6663033454533314,78.89730022285951,2.196716707815443,4.922235870579194,2.720596559408949,0.6789527509441602,111.9763788163551,1.2258945617460053,3.418155943128011,1.5771320960050013,0.49663062857570234,18.71377542195846,0.012902665584487494,3.8848467473532198,0.5504051594693664,0.8558687660104266,162.78074525257796,1.4648648602006347,7.364372280779264,4.787668978016999,1.3598084084281639,181.49452067453643,1.5835093774574514,7.965778801542353,5.338074137486366,1.399662847044768,12.555049199152574,0.03752451544490221,5.019526710818106,0.6975027332862541,1.1521643838808864,154.9974894573803,1.3231208785510882,12.046804098126078,8.610971636521128,2.624202561514042,167.5525386565329,1.7604077923972261,12.359052750522409,9.308474369807383,2.730387100671407,8.909661735993913,0.01824432744859017,2.500351666928081,0.4454830867996956,0.6742997413279096,179.53092106135517,4.211677881435637,22.698684189821563,8.976546053067759,4.197811651098949,188.4405827973491,5.195192518224665,22.983216881439986,9.422029139867455,4.0649961376893815,21.29174291724831,0.013938743465264025,3.4926153372863435,0.5069462599344836,0.7619389453775223,191.49083835962824,0.5817173406795177,7.916836841726095,4.559305675229244,1.4567033218328345,212.7825812768766,1.515919024565601,8.069087239909617,5.066251935163729,1.4526603431889369,25.16820383309163,0.01051347045149953,2.3490016163180902,0.5243375798560757,0.6006223813223944,189.97204176697687,1.4648648602006347,9.47236971379175,3.9577508701453517,1.3994177538522372,215.1402456000685,1.5835093774574514,9.484559515677969,4.482088450001427,1.423782543388519,21.2716877968546,0.017839008192519046,5.307160228002939,0.6647402436517063,1.091849030084563,185.10312683014905,1.3231208785510882,15.417239127316666,5.784472713442158,3.440886555314398,206.37481462700367,1.7604077923972261,16.492364300357288,6.449212957093865,3.5803748851911514,25.30272649237395,0.010469463350896824,2.3490016163180902,0.4518344016495348,0.5874837871289792,209.22968268937169,0.5817173406795177,7.364372280779264,3.7362443337387803,1.2292160521506268,234.53240918174566,1.515919024565601,7.965778801542353,4.1880787353883155,1.2558623658181545
c<D>r<43>R<GLY>,98.45685990090064,1.3852509009102367,3.743450693161643,1.8576766019037856,0.637790017719693,49.579623213678175,2.2957140962690508,5.150389539124638,3.5414016581198697,0.841925562263874,62.643301422696595,2.200869557069656,5.330137425633234,3.915206338918537,0.676487484750143,109.74003165266778,1.3236501706876207,3.5636366181940415,1.6138239948921733,0.5306851460997283,121.1976765640932,1.2258945617460053,3.5636366181940415,1.7313953794870458,0.6205637207130795,84.01338683929298,2.200869557069656,4.856520785030144,2.7101092528804185,0.5578463055006149,131.62121860784194,1.2258945617460053,3.418155943128011,1.5484849247981405,0.4786298856937597,28.29184179536974,0.012902665584487494,3.8848467473532198,0.6429964044402214,0.9764863506431778,221.61046060221162,0.4848680187228638,13.237819475282777,5.036601377322992,1.7457257864713533,249.90230239758137,1.9176036851126455,13.358392291793733,5.679597781763213,1.6709167300158096,15.211390074989454,0.03752451544490221,5.019526710818106,0.8450772263883031,1.3355759948459645,153.41692950567221,1.3231208785510882,12.046804098126078,8.523162750315123,2.5501419814077404,168.6283195806617,1.7604077923972261,12.359052750522409,9.368239976703428,2.640552481765307,18.965375341578252,0.01824432744859017,4.902440118741064,0.7294375131376251,1.0227108071728268,232.22169766979815,5.104744532784938,22.698684189821563,8.931603756530698,4.332681366867092,251.1870730113764,5.195192518224665,22.983216881439986,9.661041269668324,4.180059439561492,30.954945778877498,0.013938743465264025,3.4926153372863435,0.5840555807335377,0.8969121841620692,249.01997795601562,0.4848680187228638,13.237819475282777,4.698490150113503,1.794905223158637,279.9749237348931,1.9176036851126455,13.358392291793733,5.28254573084704,1.763208630998548,36.87751101199977,0.010314468441354308,2.944939272879445,0.5587501668484814,0.7210023211863755,290.0276545778033,0.4848680187228638,19.455816399183334,4.394358402693989,2.3670130599796058,326.9051655898031,1.9176036851126455,19.467200298873998,4.953108569542471,2.3633645274993778,20.680108941892122,0.017839008192519046,3.959640856126942,0.667100288448133,0.8836200954993357,160.73617393918363,1.3231208785510882,12.555123624692786,5.185037869005924,2.6956474389601643,181.41628288107577,1.7604077923972261,12.58563770840917,5.852138157454057,2.7478842064267726,36.13188395588892,0.010469463350896824,2.927529156442062,0.5236504921143321,0.7093223369760417,266.6064423049215,0.4848680187228638,8.802672076432827,3.8638614826800213,1.33936987256858,302.7383262608105,1.6515884262224851,10.725078625739037,4.3875119747943545,1.4403570407568458
c<D>r<44>R<LEU>,114.50099174426859,1.3817976692417675,3.8267627520093495,1.846790189423687,0.7022648330561758,47.49941570799421,3.430996808900529,6.028062315558983,3.958284642332851,0.7751873313111611,57.151240742976,3.217755286085175,4.27407087535272,3.8100827161984,0.3115730710407441,122.26698896355799,1.3236501706876207,3.802629474866645,1.6302265195141066,0.6148193491729548,139.4791124735779,1.2258945617460053,3.8267627520093495,1.7881937496612552,0.7040225666179484,75.07770272797887,2.2423754394581015,3.843561905683591,2.6813465259992455,0.4124887268089471,145.3931953351645,1.2258945617460053,3.802629474866645,1.5977274212655441,0.5717645408381287,41.678843090770044,0.013938743465264025,3.6638410936840593,0.6129241630995594,0.85281244009712,328.45529854541746,0.4823678288130395,13.958317912427674,4.83022497860908,1.7094361304650978,370.1341416361875,1.9098828201328524,13.978126846773742,5.4431491417086395,1.6323072610672014,10.662366451049053,0.04000405384799066,3.7626308531126575,0.6663979031905658,0.9176689134013516,149.97652724818386,6.316644072594727,12.776465108366722,9.373532953011491,2.0129056970885175,160.63889369923288,6.450919061623156,13.34104115693021,10.039930856202055,2.0096091607440973,16.68524141513882,0.06457060507078438,4.902440118741064,0.926957856396601,1.18095797821178,120.58662882144877,4.6742529459370985,16.2475944533294,6.699257156747154,2.6489823497149816,137.2718702365876,5.195192518224665,16.312165058400183,7.626215013143756,2.5774791206650813,40.840752861908726,0.010458651810621333,3.409171044613635,0.5519020657014693,0.7917272380026036,350.0173110347059,0.4823678288130395,12.384837913673437,4.729963662631161,1.7883557509028412,390.8580638966147,1.9098828201328524,12.407803692066048,5.2818657283326305,1.7051014401432962,50.5926626422695,0.010314468441354308,3.3369141079776554,0.5382198153432926,0.6884065697212015,401.3221334047891,0.4823678288130395,13.958317912427674,4.269384397923289,1.5613199254815235,451.9147960470586,1.9098828201328524,13.978126846773742,4.807604213266581,1.5314572186030706,16.205866136660386,0.01607690124048844,3.959640856126942,0.7046028755069733,0.9937701910125627,104.31313808260441,2.0113709940496847,8.269322247908729,4.535353829678453,1.6389141954240716,120.5190042192648,2.9744250258304046,8.285399149149217,5.239956705185426,1.7707058791851218,48.75882574224006,0.010458651810621333,2.8272768567651942,0.5358112718927479,0.7130477490767456,373.43147281453713,0.4823678288130395,12.384837913673437,4.103642558401507,1.5273968348321818,422.1902985567772,1.6515884262224851,12.407803692066048,4.639453830294254,1.5062439833622185
c<D>r<45>R<THR>,77.12237519927615,1.3859933225357646,3.838833452225915,1.7527812545290034,0.5661036454850394,46.11044407645311,3.430996808900529,6.59683050077545,4.191858552404828,1.022027668208526,47.66260885046142,3.6137368257697924,5.933859478091077,4.332964440951038,0.6890628015668373,88.42721926116052,1.3257107312063912,3.838833452225915,1.5790574868064378,0.4864701210383265,98.31284248137138,1.2282463231411889,4.893759712464222,1.7555864728816317,0.7326222438235407,66.25659352807737,2.24414106209871,4.257901092828388,2.8807214577424944,0.5815081949027648,106.9680059524788,1.2282463231411889,3.853193567877108,1.5730589110658648,0.5159723117967683,18.1674726095331,0.0191389628068368,2.5513476824973065,0.42249936301239766,0.6058985233385408,204.15541580632564,0.4831272122421524,6.297592892779505,4.747800367588968,1.068788149499073,222.32288841585873,1.9150267307853437,6.723558740339454,5.170299730601366,0.9889963688904118,11.09789721871957,0.04000405384799066,2.885611879107877,0.8536844014399669,0.9420821635142218,113.48983376509163,5.2378595613099606,12.776465108366722,8.729987212699356,2.4520815796343403,124.58773098381121,6.450919061623156,14.372717656950604,9.583671614139323,2.601125960223278,14.746124183743497,0.232255862990967,2.1399062851860204,1.1343172449033458,0.5539543174398633,90.94134677262846,4.6742529459370985,11.8427178345612,6.9954882132791125,2.5371562725720733,105.68747095637195,5.612430315854379,13.511113892784328,8.129805458182458,2.738194860903696,19.152935438670653,0.010458651810621333,2.0989687345428933,0.3613761403522765,0.5138713798738306,255.71971788391798,0.4831272122421524,12.384837913673437,4.824900337432415,1.9378097318494212,274.87265332258863,1.9150267307853437,12.407803692066048,5.186276477784691,1.8602770431935263,23.840603834838394,0.01758708833271161,2.0989687345428933,0.40407803109895585,0.5093027461770174,270.12190996027033,0.4831272122421524,11.146692294252716,4.578337456953735,1.6607470803385413,293.9625137951087,1.9150267307853437,11.238679541098902,4.982415488052689,1.6778624342773836,17.876578198766275,0.011844637730932028,5.853232732940793,0.8512656285126797,1.3759132212015637,95.32904836941461,2.0113709940496847,10.397162232627611,4.539478493781648,2.130850267030118,113.20562656818088,2.9744250258304046,11.795609544784835,5.390744122294327,2.6652341257133125,26.862377301434613,0.010458651810621333,2.802974766337119,0.46314443623163126,0.6913251829033012,237.75560584406483,0.4831272122421524,8.802672076432827,4.099234583518359,1.2543425904672703,264.6179831454994,1.9150267307853437,10.545006159907075,4.56237901974999,1.3300729654175825
c<D>r<46>R<SER>,96.2357754762866,1.3859933225357646,4.42643882294959,1.8869759897311098,0.7385282037713953,44.386296080757816,2.8827600807978424,5.527499568240944,3.698858006729818,0.6196134000158707,58.18759640695368,2.197970554631684,4.590339709813446,3.879173093796912,0.550286377227002,103.82021371845232,1.3247450739861817,3.583710570222773,1.6221908393508175,0.492354373004715,117.13926257482142,1.2282463231411889,3.962045882693698,1.7483472026092748,0.660375780754719,75.35476600102982,2.197970554631684,4.315427973399513,2.691241642893922,0.4613448350162121,124.19309547886071,1.2282463231411889,3.453782827521823,1.5524136934857589,0.42094739432061506,30.042771121332887,0.011491818155985989,2.5513476824973065,0.44839956897511773,0.5988637771849513,339.3406948011329,0.4831272122421524,9.29387997339768,5.064786489569148,1.3397980080846017,369.3834659224658,1.9150267307853437,9.461638046004438,5.513186058544266,1.301779403946944,14.059831426263926,0.03491785779243983,3.493174492960284,1.1716526188553271,1.0807131323396484,100.40798231240234,5.061344694809122,12.776465108366722,8.367331859366862,2.5135836316582036,114.46781373866627,6.450919061623156,14.372717656950604,9.538984478222188,2.65530385316281,20.152789094424342,0.0746457617735583,2.1399062851860204,1.007639454721217,0.6395482027857434,128.18321071462105,4.6742529459370985,11.371207607598308,6.409160535731052,1.666206991912934,148.33599980904538,5.612430315854379,13.511113892784328,7.416799990452269,1.8158109129282474,28.877386585728992,0.010458651810621333,3.161042759700689,0.4125340940818427,0.6103508417404258,322.5437479927077,0.4831272122421524,12.309890260614566,4.607767828467253,1.4151880828388663,351.4211345784367,1.9150267307853437,12.384411722611176,5.020301922549096,1.3677347934028683,36.34561656891349,0.01758708833271161,2.2693458075413417,0.43789899480618666,0.5534828085830357,349.4909700376196,0.4831272122421524,7.3643534542625275,4.210734578766501,1.0225755201366933,385.83658660653305,1.9150267307853437,7.526182976445288,4.648633573572687,1.0135560701245434,18.7054350225012,0.011083647493684623,5.578887551352178,0.6450150007759035,1.1529328143377917,131.3879891780419,2.0113709940496847,11.680388033554664,4.530620316484203,2.2783774685589653,150.09342420054315,2.9744250258304046,12.395455703496484,5.175635317260109,2.520454432495327,33.99697863047945,0.010458651810621333,2.823279957375756,0.4303415016516386,0.6571903192848233,315.50469803836796,0.4831272122421524,7.3643534542625275,3.99373035491605,1.1438144081562294,349.5016766688474,1.9150267307853437,7.526182976445288,4.424071856567688,1.0675752138753205
c<D>r<47>R<LEU>,98.30503405082501,1.3668996635177961,3.897491060481974,1.8548119632231135,0.6922122456818187,30.28799640169335,2.8827600807978424,5.527499568240944,3.7859995502116686,0.7383106172429976,45.335053398475004,2.644360212209752,4.445146903515877,3.777921116539584,0.43907500973762603,103.31043863041684,1.3247450739861817,3.897491060481974,1.6662973972647876,0.6166460587972104,116.41694357294253,1.2282463231411889,3.812497516932259,1.7638930844385232,0.6191586252472948,56.41751591920234,2.24414106209871,3.780909703273421,2.6865483771048733,0.3818107965268118,120.71416080138476,1.2282463231411889,3.812497516932259,1.6095221440184635,0.5205864634804149,31.61987743232648,0.011491818155985989,3.7663637379911563,0.48645965280502274,0.7937175215423636,341.8211906352805,2.763532927368942,9.16031537982235,5.258787548235085,1.168239655164359,373.441068067607,2.817055174501077,9.197157260503293,5.745247201040107,1.1695650668050723,9.414748410770205,0.03491785779243983,2.465525936048895,1.046083156752245,0.9042981595989067,64.44208377943073,5.061344694809122,9.709911988170688,7.1602315310478595,1.5422920483872598,73.85683219020093,6.450919061623156,10.336219985273942,8.206314687800104,1.4729112548124523,11.13845582805479,0.10118146392454896,1.9739229593374397,0.9282046523378992,0.6001794646648946,67.77143412955807,4.6742529459370985,6.979085851340699,5.647619510796506,0.6747438931747,78.90988995761288,5.612430315854379,7.8345147603099825,6.575824163134406,0.5974835292242157,31.785167825588424,0.010458651810621333,3.7663637379911563,0.4815934519028549,0.7600003862737217,325.13327243436265,2.4944171940460365,8.838406975946,4.926261703550949,1.1011424869327275,356.91844025995107,2.518723509687872,8.883942457676584,5.407855155453804,1.1309255987553073,38.28513671574158,0.01296882547948286,3.7663637379911563,0.4726560088363158,0.7353556758156491,353.1877291172101,1.748160232979501,8.838406975946,4.360342334780372,1.222494398335819,391.47286583295164,2.0336528093328465,8.883942457676584,4.832998343616687,1.2749172513642393,9.372422983548937,0.011844637730932028,3.2536868961068226,0.49328542018678617,0.7977091898502134,69.73915949096387,2.0113709940496847,7.760736499103814,3.6704820784717826,1.4265929464828584,79.11158247451282,2.9744250258304046,7.858795847601717,4.1637674986585695,1.2820098520556114,36.46624122844775,0.010458651810621333,3.7663637379911563,0.47358754842139933,0.8173223965744764,329.1008968221316,1.748160232979501,8.838406975946,4.274037621066644,1.3679178610437706,365.5671380505794,2.0336528093328465,8.883942457676584,4.747625169488044,1.3727396745122695
c<D>r<48>R<LEU>,117.2907198632569,1.3668996635177961,3.8384067137634066,1.9227986862828998,0.686765206411031,60.09592295463538,2.8827600807978424,5.857900970182213,4.006394863642359,0.8169424273004183,65.41229900760626,3.4514568094061713,5.055362566873438,4.088268687975392,0.427200521060675,127.49739542504531,1.323859661385866,3.828948305358385,1.6558103301953937,0.5849383706126595,139.78956172842553,1.2290920038270159,3.8384067137634066,1.7921738683131478,0.6252428984422463,88.58073224549457,2.2423118393262715,4.8056330132294445,2.7681478826717054,0.6255431921843486,148.77492289326804,1.2290920038270159,3.828948305358385,1.5827119456730643,0.486791851801682,48.233987169586406,0.011491818155985989,3.735480847623215,0.6346577259156106,0.9023039719508256,395.1144994923001,1.248551795730748,9.16031537982235,5.1988749933197385,1.287277199521856,443.34848666188657,1.3901682573297602,9.197157260503293,5.833532719235349,1.2517464187338638,24.020462672160388,0.010098538758715137,7.2072107665232465,1.044367942267843,1.5527854284440774,231.73852825544878,4.877289406196724,16.854622891267027,10.075588185019512,3.710725207875922,255.75899092760915,5.300141949599616,17.08144742631407,11.119956127287354,3.7190124753491176,24.605994116721636,0.02101005891902119,8.241432348206718,0.9842397646688654,1.6156684475693277,232.95162131810042,4.754627019455256,18.303260142425643,9.318064852724017,4.438163907780083,257.5576154348221,5.751617061297781,18.415787045788232,10.302304617392883,4.127581883505073,49.575718486755804,0.01296882547948286,4.465504759044126,0.6045819327653147,0.922319872204636,392.71558086786627,0.5137153826927374,8.838406975946,4.789214400827637,1.3336506456255477,442.2912993546221,1.3882288916952243,8.883942457676584,5.393796333592952,1.328787693036187,54.65991301652562,0.011069211273356139,3.26926224003625,0.5814884363460172,0.7705163056714516,402.3417808751314,1.248551795730748,8.838406975946,4.280231711437568,1.218732049804302,457.00169389165706,1.3901682573297602,8.883942457676584,4.861720147783585,1.2523962272448144,32.6850462459979,0.01090625123989497,9.001494674033285,0.8380781088717411,1.829114554216949,238.87417694292765,2.077576420860396,16.968477411918684,6.124978895972504,3.9002105492783303,271.5592231889256,2.9569894527636973,16.97938366315858,6.963057004844247,4.160068200359392,53.578473588733424,0.01296882547948286,3.380874132646328,0.5761126192336927,0.8357455854277688,385.24216906497844,0.5137153826927374,8.838406975946,4.142388914677188,1.3833816386109745,438.8206426537119,1.3882288916952243,8.883942457676584,4.718501533910881,1.3441251173318751
c<D>r<49>R<LEU>,117.73405192746706,1.3668996635177961,4.089346379622724,1.8687944750391599,0.6728946724602715,57.70861380060177,2.8827600807978424,5.128570647424272,3.8472409200401176,0.6224961892294678,78.5956916402267,2.197970554631684,4.841731839320531,3.9297845820113353,0.5490666283009095,129.45089391518508,1.3247450739861817,3.799135431629826,1.6386189103187985,0.5537589598452639,144.755110903535,1.2286531026527379,3.6175616523633596,1.7232751298039883,0.6132078560197818,104.0154136859987,2.197970554631684,4.8056330132294445,2.889317046833297,0.6856186818451084,155.55297247398124,1.2286531026527379,3.6175616523633596,1.5555297247398123,0.47015017631978034,46.39158305237442,0.010231485294818654,3.603116241306785,0.6822291625349179,0.9730737124977743,361.3430230520974,2.6966956011510774,9.16031537982235,5.313867986060256,1.1999245960432703,407.7346061044718,2.754172048566863,9.197157260503293,5.996097148595174,1.1938318250175581,15.759811982497745,0.010098538758715137,3.610139889566959,0.9270477636763379,1.1324027641671244,154.11336089246913,4.630579404624996,19.159318696180947,9.065491817204066,3.3758564272685465,169.87317287496688,4.861016489276066,20.387998413515625,9.992539580880404,3.359433989642287,41.779808224620226,0.06950180522139249,8.011147741308228,1.3477357491812976,1.8555509844197733,238.16335882464494,4.646298330772879,14.72230571867135,7.682688994343385,2.679384884457233,279.9431670492652,5.54794944245131,15.621714295398641,9.030424743524684,2.8543420434679825,48.538784843747436,0.010231485294818654,4.935127672751907,0.6471837979166325,1.018613913856331,357.86559623932555,1.8479802535059662,8.04133327638283,4.771541283191008,1.3377020876025576,406.404381083073,1.8709467459041158,8.145873035533516,5.41872508110764,1.3697782139278623,51.77140221763635,0.012105190749235106,4.302618041568322,0.5627326328003951,0.8449870728483384,383.37944579283675,2.1731125412525216,7.3643534542625275,4.167167889052573,1.1760798820999963,435.1508480104731,2.227879050379978,7.526182976445288,4.729900521852969,1.27424487766812,32.889060243207176,0.011083647493684623,4.686062759045251,0.6577812048641435,0.9969740698742219,275.77349415769623,2.077576420860396,19.159318696180947,5.515469883153925,3.1901061868182854,308.66255440090345,2.9569894527636973,20.387998413515625,6.173251088018069,3.2485294781713083,52.259932417050514,0.010478334802917821,4.329416856670078,0.5387621898665002,0.8654371232514111,391.6819835071688,1.8479802535059662,7.3643534542625275,4.03795859285741,1.3632254380995188,443.94191592421936,1.8709467459041158,7.526182976445288,4.5767207827239105,1.3893502827528772
c<D>r<50>R<ILE>,120.45669751437674,1.5127241102013496,3.8368571912383653,1.8251014774905567,0.5399349659279272,73.78139812886532,2.6782680424911876,4.961181836862605,3.689069906443266,0.6328775736402034,75.4250433958035,2.749103707775761,4.808675081496348,3.969739126094921,0.536947701798753,134.21757562501384,1.325626003670299,3.404720469706664,1.5427307543105038,0.3684479638562521,148.31977625904435,1.2286531026527379,3.644729043216419,1.7246485611516784,0.555727986880604,106.14783089498987,2.2437453015055735,4.609011027416697,2.6536957723747467,0.4764798050134814,161.61026479039984,1.2286531026527379,3.644729043216419,1.510376306452335,0.3825668349510375,50.329360356661624,0.010231485294818654,4.03504843382748,0.6213501278600201,0.9143570427662819,427.58053555282686,2.6966956011510774,8.358990766296529,5.27877204386206,1.1576651082140814,477.9098959094885,2.754172048566863,8.76493451842973,5.900122171722081,1.0952483930638208,32.83743355891431,0.010098538758715137,9.893388773738565,1.2162012429227522,2.0520780337028506,237.62832296326496,4.237841441437013,20.071058274963434,8.801048998639443,3.9732006951754575,270.4657565221793,4.718380854505305,20.279571492776007,10.017250241562195,4.091541245748567,32.79588524249988,0.02101005891902119,6.7899428188880755,1.0931961747499959,1.6656478325526494,277.2726268786587,4.091979098686352,19.01096102712677,9.24242089595529,4.499584097141416,310.06851212115856,4.650144649455286,19.038241962976322,10.335617070705286,4.431646772198664,50.20908318052861,0.010712120167149841,4.3139161347553046,0.5578787020058734,0.8821031006025937,418.1758887991876,1.7932799268573945,7.42972587569443,4.646398764435418,1.3409771273325688,468.3849719797162,1.8132686613686797,7.865935584310096,5.204277466441291,1.4014658302355134,58.86142872838724,0.012443582575143441,3.5122016216360237,0.5827864230533389,0.7463839504648454,430.1382996178112,2.012934153030983,7.272701716378151,4.258795045720903,1.2119076320400881,488.99972834619837,2.129063827284308,7.385945542832344,4.841581468774241,1.2295939288119708,39.894565662685395,0.013073702847691493,10.483306659682416,0.752727654012932,1.7013221413533945,328.74801476563465,1.8983432268378237,16.968549989147732,6.202792731427069,3.855026379258245,368.64258042832006,2.3842756563828322,16.981623691995424,6.955520385440001,3.925553434292539,58.406840969255754,0.010478334802917821,3.9091430530870355,0.5214896515112121,0.7525664371559398,445.3883604867796,1.7932799268573945,7.272701716378151,3.9766817900605322,1.4008511876573044,503.79520145603533,1.8132686613686797,7.385945542832344,4.498171441571744,1.4030644953706908
c<D>r<51>R<GLN>,100.99169593029124,1.3857302073792912,4.81785737129272,1.8702165913016897,0.7028849206761191,59.18866161450133,2.709781482516247,5.3741568387041125,3.699291350906333,0.8342822059701198,65.19803375744758,3.3617168962928936,4.609011027416697,3.8351784563204454,0.3571061340724151,113.51310974847817,1.326315693117691,3.769360396435868,1.5987761936405376,0.5056995492521109,123.4259303073834,1.2286531026527379,3.734407906965388,1.7142490320469916,0.581753815764417,90.12377350203434,2.2437453015055735,3.946292146350523,2.6506992206480686,0.460605315309347,136.4586276337999,1.2286531026527379,3.734407906965388,1.5332430071213472,0.44506194249500136,33.92540103159091,0.010231485294818654,3.455119301584272,0.5654233505265152,0.846173875982577,331.6405253910923,2.5100193897405916,9.821449561311056,5.527342089851539,1.4655825205005404,365.5659264226833,2.60508756051816,9.848704775398986,6.092765440378055,1.420218405205319,19.514084657982146,0.02122130032038516,7.870330954970324,1.1478873328224792,1.863581046961229,125.54745472692662,4.237841441437013,11.59848454672283,7.385144395701566,1.8885683143630168,145.06153938490874,4.718380854505305,16.861821016219675,8.533031728524044,2.747729335394959,24.06034048121427,0.10796712639699102,5.915378742200936,0.8296669131453196,1.0828891878865436,204.6294616767309,4.091979098686352,14.72230571867135,7.0561883336803755,2.3007769423718485,228.68980215794517,4.650144649455286,14.832953322312688,7.885855246825695,2.350692634116415,30.620374574212676,0.010712120167149841,3.8362130555631495,0.48603769165416943,0.7373721804557796,322.17766130183554,1.837623961861027,10.15521483122302,5.113931131775168,1.8227834192114258,352.7980358760483,1.85504632250556,10.291176380836752,5.599968823429338,1.8445301819216218,39.95444826077513,0.012443582575143441,4.219668736354989,0.5399249764969613,0.7442847085262353,293.62149214503734,2.012934153030983,6.721497954118604,3.967858001959964,1.0425114554138433,333.57594040581245,2.129063827284308,7.125349795343425,4.507782978456925,1.1577251359868557,22.767973630401777,0.010381168632550342,3.418749196414886,0.45535947260803555,0.7135050758199548,262.37461810864124,1.8983432268378237,14.72230571867135,5.247492362172824,2.665280522336918,285.14259173904304,2.3842756563828322,14.832953322312688,5.702851834780861,2.6678973161916772,39.32274122427311,0.010478334802917821,4.219668736354989,0.5174044897930672,0.7362649569950275,291.6345712346265,1.837623961861027,10.15521483122302,3.837296989929296,1.471030670519144,330.95731245889965,1.85504632250556,10.166445430641877,4.3547014797223635,1.519596157355284
c<D>r<52>R<SER>,91.06739005808507,1.3955402931523115,4.258045533201572,1.8585181644507156,0.6972654314709037,47.59594093490916,2.709781482516247,6.562671927337979,3.9663284112424297,1.1451577039452687,55.046404441685226,3.3617168962928936,4.684187824604766,3.931886031548945,0.4127194184368205,100.57814842274557,1.3279988183057092,3.9689762923306398,1.622228200366864,0.567529377173879,112.8223187106033,1.2286531026527379,3.8272449125018886,1.7628487298531765,0.6476186502142974,79.99569363283393,2.2465181762726223,6.26492360303259,2.9628034678827384,0.8788438154553797,121.43538727303354,1.2286531026527379,3.804969855287067,1.5770829515978382,0.5016749934651843,23.712507467963178,0.010231485294818654,2.400968618800974,0.45600975899929186,0.6880992228798235,287.5415089495716,2.5100193897405916,9.821449561311056,5.529644402876377,1.4870143171838843,311.25401641753484,2.60508756051816,9.886671316244446,5.9856541618756705,1.4625686627433476,13.722541855497852,0.02122130032038516,4.970424567153582,1.055580142730604,1.501491430917282,151.16192498769396,5.066082800653021,22.449200994965395,11.627840383668767,5.856277338307761,164.8844668431918,6.204717297854225,23.13311300580018,12.68342052639937,5.787095625791141,11.745092758011019,0.014318699528159229,2.101214241594306,0.5592901313338581,0.5196154429556213,146.96187090716944,4.091979098686352,14.803257374748682,6.9981843289128305,2.308148278690587,158.70696366518047,4.650144649455286,14.817576074276841,7.557474460246689,2.1136374014977917,24.085851889339686,0.010712120167149841,3.617285371466439,0.4544500356479186,0.751153238416146,262.55446258298684,1.837623961861027,10.15521483122302,4.953857784584658,1.7596943018774933,286.64031447232657,1.85504632250556,10.387419715766079,5.408307820232577,1.8439937906380315,32.90708221399361,0.012443582575143441,2.2863220854575292,0.4911504808058748,0.5984272007482222,280.4196947325154,2.012934153030983,9.216939665931932,4.185368578097244,1.2016332094357989,313.32677694650897,2.129063827284308,9.28530446147562,4.676519058903119,1.3226864001163268,20.528591017202785,0.010381168632550342,3.418749196414886,0.5865311719200795,0.7274123327129517,216.54207643870086,1.8983432268378237,22.449200994965395,6.1869164696771675,3.8373461052220823,237.07066745590367,2.3842756563828322,22.626434831196296,6.773447641597248,3.9321800361145343,32.97826376034999,0.010478334802917821,3.617285371466439,0.4922128919455222,0.7019202617250412,262.81539244906367,1.837623961861027,10.15521483122302,3.9226177977472187,1.466749244042961,295.79365620941377,1.85504632250556,10.317100322500961,4.414830689692743,1.6010868199664259
c<D>r<53>R<SER>,51.35075903279558,1.5127241102013496,4.804674637527593,2.054030361311823,0.8688623601541892,28.317516362125836,2.711179788845459,5.508924496922634,4.0453594803036905,1.0656995799865903,34.8900742313591,3.3617168962928936,4.609011027416697,3.8766749145954558,0.437359253498533,56.29685106626803,1.3276374139911968,4.057241551333293,1.7059651838263041,0.6859399919068367,63.10916949360527,1.2286531026527379,4.394551144507282,1.803119128388722,0.737225255678655,46.40533853659794,2.246445854684635,3.946292146350523,2.729725796270467,0.5268667027039816,68.1068280595227,1.2286531026527379,3.849666521245821,1.5838797223144814,0.5610019408757487,7.088237907967682,0.011211629076891327,2.1576690784088095,0.3544118953983841,0.5089214160175661,111.80162743476512,3.6941158934187115,9.35111298677134,5.590081371738256,1.3150284039281406,118.88986534273283,4.353249868008345,9.92814744642067,5.944493267136641,1.240983330177811,4.784863871613435,0.05985894419923632,1.829661647080144,0.6835519816590622,0.645459975115231,53.27100065668856,5.683150197060058,9.623873395523333,7.610142950955508,1.1988501257723627,58.05586452830199,6.204717297854225,9.702667586715528,8.293694932614569,1.0293988237185803,9.567480288152334,0.10796712639699102,1.4835363843045126,0.6833914491537382,0.4629461566792739,98.93269252241362,4.091979098686352,13.936467434204133,7.066620894458116,2.4230136530046544,108.50017281056594,4.650144649455286,14.742966405505449,7.750012343611853,2.4451802042965745,6.167565122947794,0.010712120167149841,1.196997274201017,0.29369357728322826,0.3226162284877809,96.11184073179834,1.837623961861027,9.35111298677134,4.576754320561825,1.760800157263013,102.27940585474613,1.85504632250556,9.92814744642067,4.870447897845054,1.8504070486193747,11.461761881333011,0.012443582575143441,1.5452543303089747,0.36973425423654876,0.3872726398830284,129.94204292628888,2.012934153030983,9.35111298677134,4.191678804073835,1.3692103322462605,141.40380480762187,2.129063827284308,9.92814744642067,4.561413058310383,1.370777239057943,7.618180432337782,0.010381168632550342,2.543868893047943,0.3174241846807409,0.5085686589575625,127.57695465947154,1.8983432268378237,9.623873395523333,5.315706444144648,2.1991155461939385,135.19513509180933,2.3842756563828322,9.637815566644962,5.633130628825389,2.1855249620451507,10.422408489860533,0.010478334802917821,1.911124506601551,0.32570026530814167,0.4113218046901769,120.84525655305492,1.837623961861027,9.35111298677134,3.7764142672829664,1.526281389744752,131.26766504291547,1.85504632250556,9.92814744642067,4.102114532591108,1.5525314054508201
c<D>r<54>R<GLN>,69.65401251251699,1.5127241102013496,3.404720469706664,1.786000320833769,0.46618561378693113,44.28848810548881,2.6782680424911876,4.961181836862605,3.6907073421240675,0.7383057811420504,48.28136318819104,3.3617168962928936,4.904966015205801,4.023446932349253,0.49182333758609253,79.39020255810573,1.3276374139911968,3.404720469706664,1.5267346645789563,0.31086483314944485,86.02322467800488,1.2286531026527379,3.404720469706664,1.6542927822693245,0.46492291333429764,67.37523434800649,2.246445854684635,3.946292146350523,2.6950093739202594,0.45845538410778663,95.43508296443616,1.2286531026527379,3.080388710549195,1.4682320456067102,0.26828150532517075,16.829642893337883,0.011211629076891327,3.828220094252611,0.4949894968628789,0.8304895927023873,174.30864908205513,1.9587140672076657,7.272701716378151,5.126724973001622,1.3070340100483593,191.13829197539297,1.9827857208109427,8.76493451842973,5.621714469864499,1.4059598077350015,11.737575615679074,0.010098538758715137,4.404402047096875,0.9781313013065894,1.2058736458044466,109.37831069306662,5.683150197060058,16.968549989147732,9.114859224422219,2.976811761854074,121.11588630874571,6.204717297854225,17.87037329062856,10.09299052572881,2.8026671364078943,14.232818824211858,0.10796712639699102,4.7785502726558935,0.9488545882807905,1.119820161733477,99.66808250728718,4.091979098686352,9.768136353699447,6.644538833819145,1.688631267354939,113.90090133149904,4.650144649455286,11.25094681039589,7.593393422099936,1.8875148833009154,18.123313835801653,0.010712120167149841,4.3139161347553046,0.44203204477565006,0.9105299403084548,181.06509277239138,1.7932799268573945,7.42972587569443,4.416221774936375,1.6349287377793076,199.18840660819302,1.8132686613686797,7.865935584310096,4.858253819712025,1.7720455243078568,22.659332653754987,0.012443582575143441,3.6774514733140915,0.45318665307509975,0.6424878847347606,211.21618631843512,1.9587140672076657,7.272701716378151,4.224323726368702,1.3257016790922107,233.8755189721901,1.9827857208109427,7.322911492271511,4.6775103794438015,1.36687746036455,16.621038506693786,0.010381168632550342,5.7445508801805385,0.5540346168897928,1.1031837937237001,172.92587410854844,1.8983432268378237,16.968549989147732,5.764195803618281,3.542669262611748,189.54691261524223,2.3842756563828322,17.16718781959694,6.318230420508074,3.5008996048565675,21.828794826427625,0.010478334802917821,2.681377379382953,0.3699795733292818,0.5707705375132043,227.04217426270066,1.7932799268573945,7.272701716378151,3.8481724451305195,1.4193966969127918,248.87096908912827,1.8132686613686797,7.28601356714212,4.218152018459801,1.4299685435520932
c<D>r<57>R<GLN>,87.81171822611358,1.5066367625708248,3.6027817580816497,1.8294107963773663,0.5468289542463983,60.966615697384015,2.6782680424911876,5.128570647424272,3.810413481086501,0.5987285668142509,58.341259508917965,2.1977892092260216,4.85029799033133,3.889417300594531,0.7977156556650176,102.24860926937535,1.323859661385866,3.6027817580816497,1.5730555272211593,0.4429061202775984,106.4753910722726,1.2291191126417582,3.015797028008228,1.6636779855042594,0.46646349110624935,86.7076796091257,2.1977892092260216,4.863903918917522,2.7096149877851783,0.5550248572886876,120.91228211553437,1.2291191126417582,3.015797028008228,1.4927442236485724,0.3365045388046817,31.039882406042707,0.022068437871878288,3.742461707800185,0.6897751645787268,0.9650450393583178,227.356766443911,3.091023216690928,7.272701716378151,5.052372587642466,1.1369314237161383,258.3966488499537,3.527785968928309,8.76493451842973,5.742147752221193,1.1224054045767737,17.321824443817796,0.010098538758715137,2.517285727316686,0.7531228019051216,0.7284280199624554,255.65893104359145,4.669498251373625,17.92498503718616,11.115605697547455,4.425538200229386,272.9807554874092,5.300141949599616,18.992979271753455,11.868728499452574,4.308927431379298,19.273055874614982,0.011997461477159632,3.4386456903748517,0.7709222349845993,0.8832702002677371,202.84049568415054,2.82704111318003,22.45440048628302,8.113619827366021,5.112775893680277,222.11355155876555,2.83903857465719,22.467351691177054,8.884542062350622,5.123366289019763,31.195830993069237,0.011487064293580929,4.3139161347553046,0.5472952805801621,0.8572672323539399,252.76433568574288,1.7932799268573945,7.42972587569443,4.434462029574436,1.329163968323247,283.96016667881213,1.8132686613686797,7.865935584310096,4.981757310154599,1.3804933341890784,35.48264432385921,0.011069211273356139,3.848801426190972,0.5816826938337576,0.8100455723604932,239.9482908887934,1.8682124687923078,7.272701716378151,3.9335785391605476,1.1583744678708803,275.43093521265257,2.27328283826924,7.352225444949906,4.5152612329943045,1.1879181657639932,26.57256544366682,0.01090625123989497,7.020607100683069,0.6481113522845566,1.2340436558855348,254.56868142028964,1.9620807461624281,16.968549989147732,6.208992229763162,4.403061110895833,281.14124686395644,2.6735703229033785,16.981623691995424,6.857103582047718,4.410340488243304,33.978313504499305,0.011487064293580929,3.856188530555615,0.4591663987094501,0.6960009297170353,274.78945371079794,1.7932799268573945,7.272701716378151,3.713370996091864,1.3054674517068139,308.7677672152972,1.8132686613686797,7.28601356714212,4.172537394801314,1.2633598089449218
c<D>r<70>R<SER>,57.64322679191303,1.3911208402252915,4.054098081888463,1.9214408930637676,0.6769255221390595,35.30193774429543,2.3046401647354435,6.20876534746113,3.530193774429543,1.1429695368237631,34.906032846200375,2.193909145763315,4.183398751857181,3.173275713290943,0.5167650406434827,66.22973402950475,1.3278365070406513,4.054098081888463,1.6153593665732866,0.5480720925076549,71.76420969427868,1.2280365691442223,3.333274519093644,1.7086716593875875,0.5584730046985721,58.536472044796035,2.193909145763315,3.8712639750442635,2.6607487293089105,0.38318347386526,80.0422519391854,1.2280365691442223,3.0248095264086525,1.5102311686638756,0.3804916439518856,12.549239839000936,0.01158933757513303,2.531798102669672,0.36909528938238045,0.6160884898279444,162.27930536926397,1.4694125571597851,7.318492849937684,4.772920746154822,1.2669015452546293,174.8285452082649,1.9306874556131082,7.42649534279389,5.142016035537203,1.3081217548843167,4.794650574490141,0.1282387241504468,1.038745791839947,0.5993313218112676,0.32338315101549797,61.058197963604584,4.486651019156,13.314537878959754,7.632274745450573,3.004839249558888,65.85284853809472,5.195524403187989,14.353283670799701,8.23160606726184,3.0810603089584156,10.549283904860015,0.023627605372078087,2.565345304437699,0.8114833772969242,0.8122065558952478,71.97762486797615,2.827923202098873,8.804975123924578,5.536740374459703,1.5267205042752496,82.52690877283618,3.423852366248025,9.144479514077307,6.348223751756629,1.5772823266615956,12.086988015218264,0.01158933757513303,2.531798102669672,0.318078631979428,0.523604227536874,164.34616736075225,1.4694125571597851,7.554534728981253,4.324899141072428,1.4616074856271881,176.4331553759705,1.8333533682714576,7.580788156596848,4.6429777730518556,1.4882242676217219,15.98707775448586,0.011287794213566293,2.3433265508613133,0.3134721128330561,0.44901333126267734,179.50341801535092,1.4694125571597851,7.168208120739337,3.5196748630460966,1.0925625422899354,195.4904957698368,1.9306874556131082,7.272135223481445,3.8331469758791528,1.045269361484214,12.75489885674473,0.013283516812004237,1.464071051032679,0.3985905892732728,0.40767634257074636,119.15833686983723,2.108369451957742,14.192235590338043,3.7236980271824134,2.2922565099651906,131.91323572658195,2.6428612480866582,14.294672211345098,4.122288616455686,2.251105286182626,15.636445893745211,0.01158933757513303,1.5341511379753543,0.3065969783087296,0.3627100183055223,166.18742886293023,1.4694125571597851,7.168208120739337,3.258577036528044,1.2914593079498145,181.82387475667545,1.8333533682714576,7.272135223481445,3.5651740148367734,1.231754117665677
c<D>r<71>R<GLY>,107.34468252567977,1.3909344124324212,3.711731675282808,1.9517215004669048,0.6557070419900756,46.46295298189329,2.2937142254894534,3.9873050889388146,3.097530198792886,0.5187908569413184,62.747282813601345,2.193909145763315,4.435845095637846,3.4859601563111857,0.595079904599549,115.86508387808584,1.323976518365767,3.711731675282808,1.631902589832195,0.5658407673411799,132.49803594624936,1.227675570283794,3.711731675282808,1.79051399927364,0.6284852771203516,87.18186401599998,2.193909145763315,3.1133918244757117,2.5641724710588227,0.28697574231232464,140.8635919958236,1.227675570283794,3.711731675282808,1.5651510221758178,0.5142801298626691,39.63228933840727,0.01158933757513303,3.04736411592582,0.5915267065433921,0.7638081497951291,323.19401814006557,0.48712431880267104,10.081467019905176,4.8237913155233665,1.3222102506121964,362.8263074784728,1.9235655386199615,11.541442956322353,5.415318022066758,1.3053397773687065,9.83604736280244,0.12242859025054997,3.638082721278579,0.8941861238911308,1.0452403084610757,67.68424926174959,1.3278415722279533,11.803248328743393,6.153113569249962,2.5937465710407,77.52029662455203,1.7608479638608556,13.27527450623711,7.047299693141094,3.1157436706271753,22.71571117372795,0.023627605372078087,3.897252681450869,0.9464879655719979,0.8550650193851967,131.46424683733835,2.827923202098873,8.804975123924578,5.477676951555765,1.1716132893349374,154.1799580110663,3.423852366248025,9.144479514077307,6.424164917127762,1.2715963115525806,36.18718008631273,0.01158933757513303,3.04736411592582,0.5401071654673542,0.6829369161347693,289.6774016352416,0.48712431880267104,10.081467019905176,4.323543307988681,1.330230979892023,325.8645817215544,1.8333533682714576,11.541442956322353,4.863650473456035,1.4244651180452435,46.478200233087186,0.011287794213566293,3.5396620989642837,0.48924421297986515,0.6738495013739807,361.1332334374328,0.48712431880267104,10.081467019905176,3.8014024572361347,1.3133742570319167,407.61143367051994,1.9235655386199615,11.541442956322353,4.290646670216,1.3072151311287235,24.026266229446684,0.013283516812004237,5.627122217742144,0.48052532458893366,0.8770301279448718,181.03459821661568,1.3278415722279533,14.192235590338043,3.6206919643323134,1.901861483503034,205.06086444606234,1.7608479638608556,14.294672211345098,4.101217288921247,1.873676521161851,43.53006324215764,0.01158933757513303,3.2626932880413584,0.4946598095699732,0.6425003516597074,304.8357893116983,0.48712431880267104,10.081467019905176,3.464043060360208,1.4042161639547581,348.3658525538559,1.8333533682714576,11.541442956322353,3.958702869930181,1.433085594860036
c<D>r<72>R<ARG>,101.18591673412753,1.3909344124324212,3.627092455354322,1.8738132728542136,0.5971345329118581,46.599326401601616,2.2937142254894534,3.8951170703135896,3.1066217601067745,0.49127783760044397,69.86038342405067,2.193909145763315,4.851642196861278,3.4930191712025334,0.5698224024460263,108.99809957527775,1.323976518365767,3.627092455354322,1.5571157082182536,0.4410929040078527,131.18217914592918,1.227675570283794,3.627092455354322,1.7490957219457224,0.6045779679039603,92.62504665104815,2.193909145763315,3.226112014874581,2.5729179625291154,0.2858113498354252,138.79586594938831,1.227675570283794,3.627092455354322,1.5252292961471243,0.44884293519105845,31.745932158338995,0.01158933757513303,2.767748131280235,0.5039036850529999,0.7067923096426116,310.2889778121513,0.48712431880267104,8.518928937133978,4.9252218700341475,1.2497693209467449,342.0349099704903,1.9235655386199615,8.54845909626373,5.429125555087147,1.1477472576776555,10.1580267692141,0.12242859025054997,2.2359212178535124,0.6772017846142734,0.6106670282171571,82.06507253679598,1.3278415722279533,7.971161204857026,5.471004835786399,1.4660595894730468,92.22309930601008,1.7608479638608556,8.310349960575206,6.148206620400672,1.5977879825343557,24.442153368221188,0.023627605372078087,3.6455325508112324,0.9052649395637477,0.7877299850762026,159.80935194707638,4.067809483774511,9.171471542270865,5.918864886928755,1.1740770175867505,184.25150531529758,5.109533266411686,9.733759705415764,6.824129826492503,0.9875644171113619,30.297142911557902,0.01158933757513303,2.4787616546183386,0.4733928579930922,0.5762681404887625,265.15748336995637,0.48712431880267104,6.606822445137595,4.143085677655568,1.1203764390791753,295.45462628151427,1.8333533682714576,7.216539764182692,4.61647853564866,1.1489119236977239,39.758752863343844,0.011287794213566293,2.8634338367828374,0.42751347164885856,0.5760448978487189,347.2439993841098,0.48712431880267104,6.606822445137595,3.7338064449904285,1.112663110974129,387.0027522474537,1.9235655386199615,7.216539764182692,4.161319916639287,1.1061298278353258,24.536917767646678,0.013283516812004237,2.94002387801458,0.45438736606753105,0.5765385508699449,189.66467797271454,1.3278415722279533,14.192235590338043,3.5123088513465657,1.7568474099439295,214.20159574036123,1.7608479638608556,14.294672211345098,3.9666962174140967,1.6788552300488977,36.74543132702054,0.01158933757513303,2.8634338367828374,0.4427160400845848,0.5485282523611998,271.894956237281,0.48712431880267104,6.606822445137595,3.2758428462323015,1.1777489014617901,308.6403875643016,1.8333533682714576,7.216539764182692,3.718558886316887,1.1263659268967299
c<D>r<73>R<SER>,130.6404681422674,1.3668996635177961,3.9304921530226786,1.8933401180038754,0.6972537397947238,57.73671298207469,2.2937142254894534,4.666934085007428,3.3962772342396876,0.6028132465300103,56.59090406877756,2.749103707775761,4.391966410078943,3.772726937918504,0.45367900726541394,141.46658617508623,1.323634138168457,3.9304921530226786,1.6260527146561636,0.570761348857475,151.28211481917205,1.227675570283794,3.697330594760576,1.7797895861079065,0.6419623935536957,86.27987425173627,2.2383670147425,3.2155036800323895,2.614541643992008,0.3084922389952461,162.3977844667025,1.227675570283794,3.697330594760576,1.5766775190941988,0.5161110786782058,52.89012974996936,0.010304290674721273,3.298390685228796,0.5567382078944143,0.7422791471158747,466.1284340012175,0.48712431880267104,9.19842942701149,4.906615094749658,1.4112744299624678,519.0185637511868,1.3901682573297602,9.48156223782539,5.463353302644071,1.3452184198359396,16.820017741980422,0.010494063827948708,2.687011625652085,0.7313051192165401,0.7862445062193977,142.07997150588812,1.3278415722279533,10.135833779380846,6.177390065473396,1.872582718463348,158.89998924786855,1.7608479638608556,10.571428160965326,6.908695184689937,1.821568231474097,17.713038148114624,0.034864809592994206,2.147667868540724,0.7380432561714426,0.46234141196475126,137.26585566282088,3.9535231824231687,8.095122892387963,5.719410652617537,0.9634784217662093,154.97889381093552,4.51679844985437,8.129987701980957,6.45745390878898,0.8664310446483798,52.53750610012777,0.010304290674721273,2.6673066179351093,0.5201733277240373,0.6500705383477564,440.5868235870425,0.48712431880267104,7.384551858059467,4.362245778089529,1.2577190752026006,493.12432968717025,1.3882288916952243,7.599348276547547,4.882419105813566,1.2242526524436186,55.00942920159467,0.010304290674721273,2.526478805251248,0.47834286262256237,0.5841463123218436,464.94469043803997,0.48712431880267104,7.384551858059467,4.0429973081568695,1.1602729772106681,519.9541196396348,1.3901682573297602,7.461173746624082,4.521340170779433,1.11555757236075,27.333073019085898,0.02152963742290348,3.355878975009711,0.5941972395453456,0.7132769269447591,162.14574078981298,1.3278415722279533,6.096694764793995,3.524907408474195,1.0348933113522054,189.47881380889885,1.7608479638608556,6.365547864388632,4.11910464801954,1.0184931090030824,55.38983482944073,0.010304290674721273,2.82475192856416,0.508163622288447,0.6234290429397973,405.08577761901216,0.48712431880267104,7.384551858059467,3.7163832809083686,1.347117889091643,460.47561244845286,1.3882288916952243,7.461173746624082,4.224546903196815,1.2261901442630723
c<D>r<74>R<THR>,119.036444230253,1.3668996635177961,3.9646342428368837,1.8313299112346615,0.6379745344941062,59.448805494775854,2.2937142254894534,4.666934085007428,3.4969885585162266,0.6114543531594201,60.49072172283625,2.749103707775761,4.391966410078943,3.7806701076772655,0.4636929315175759,132.5433472302275,1.323634138168457,3.8048748795572727,1.5969077979545483,0.5056638436099875,141.10933591691068,1.227675570283794,3.600123826725455,1.7208455599623254,0.578875784817667,90.61026491240015,2.2383670147425,4.313166439362449,2.665007791541181,0.4450237257332238,155.1945255401809,1.227675570283794,3.600123826725455,1.551945255401809,0.47092509950600264,46.40722356148018,0.010304290674721273,3.188327290681098,0.5524669471604783,0.7185442566750955,423.3921923083,0.48733260824684876,9.19842942701149,5.040383241765476,1.4525356082943068,469.79941586978026,1.3901682573297602,9.48156223782539,5.592850188925955,1.2964997173221766,17.58963994855735,0.010494063827948708,3.9769914401982636,0.7329016645232228,0.9540487110414115,154.7301937646033,1.3278415722279533,10.135833779380846,6.447091406858472,1.9785976570072823,172.31983371316065,1.7608479638608556,10.571428160965326,7.179993071381694,1.8657811115191008,18.11675917140252,0.07566607285599858,2.147667868540724,0.6967984296693277,0.47909402981319116,152.440722773507,3.9535231824231687,11.526938475248816,5.863104722057961,1.3868163468538846,170.5574819449095,4.51679844985437,11.602604548104814,6.559903151727289,1.2093635490325922,48.02228000808279,0.010304290674721273,2.6673066179351093,0.5335808889786976,0.6317786443811855,403.19748024794694,0.48733260824684876,8.069196268188762,4.479972002754966,1.3768585407590745,451.2197602560297,1.3882288916952243,8.134924919753992,5.013552891733664,1.2540786538554372,51.43569598121698,0.010304290674721273,2.526478805251248,0.4807074390767942,0.5882408777410983,434.2578704326474,0.48733260824684876,8.069196268188762,4.058484770398573,1.2389929194492508,485.6935664138644,1.3901682573297602,8.134924919753992,4.5391922094753685,1.1481560676032814,30.50816735255949,0.010661773650612716,3.8019656774006307,0.677959274501322,0.8539509936804374,180.4408308023869,1.3278415722279533,10.391774583386223,4.009796240053042,1.9730293071760625,210.94899815494642,1.7608479638608556,11.54349170488733,4.687755514554365,1.9760668578254805,54.041764283753196,0.010304290674721273,2.82475192856416,0.5404176428375319,0.6561132856094958,369.7490875694957,0.48733260824684876,8.069196268188762,3.697490875694957,1.377723760914018,423.79085185324897,1.3882288916952243,8.134924919753992,4.23790851853249,1.2434076278347224
c<D>r<82>R<PRO>,92.71003217986207,1.4957730636101205,4.2505015633934,1.8542006435972413,0.6370098037175371,48.76428214421741,2.648834754866855,5.441316700178687,3.7510986264782624,0.7876852245145192,60.482499949918655,2.1891951597697044,4.444613759252151,3.5577941147010974,0.6438237033583472,104.54105951919851,1.3246978187920124,3.988650335586394,1.6334540549874768,0.5669506152035392,118.39960426412689,1.223221632612509,4.2505015633934,1.7411706509430425,0.6253050669289262,84.61875300147507,2.1891951597697044,4.37352562493913,2.7296371935959702,0.4968983047692751,128.30223783794605,1.223221632612509,3.988650335586394,1.5646614370481227,0.4859266410631526,22.198978340528697,0.010331724780426654,2.7859432925897716,0.4110921914912722,0.5711693812481934,288.9611780811424,1.4633177126236205,16.876976718460355,5.351132927428563,2.5627846728633745,311.16015642167116,1.5822403370746374,16.907955445429486,5.762225118919837,2.5052293138728174,14.561419404738672,0.23475292982707785,4.719785960001097,1.1201091849798979,1.166262199363206,107.14096400767444,5.923534536267709,11.743940315498776,8.241612615974956,1.8921089380257616,121.70238341241311,6.348070937661859,12.370763044100315,9.361721800954856,2.0067285146861997,26.656378192147955,0.017188283265255677,7.0184995196070865,0.9872732663758502,1.469280593019909,175.686302967015,4.333013953415559,12.171775059997572,6.506900109889444,2.0215578691674785,202.34268115916294,4.559035930385984,12.270591547258174,7.494173376265294,2.2134909064305375,27.09333644763783,0.011123847750950766,2.3728653421519814,0.46712649047651433,0.6273589761934666,275.29632748652784,0.5807282019668492,16.876976718460355,4.746488404940135,2.456449039580051,302.38966393416564,1.5138628886997871,16.907955445429486,5.213614895416649,2.4013099494315724,32.871291111440875,0.010188004064836775,2.321261787083472,0.4268998845641672,0.5816644289166453,311.0816863909668,1.4633177126236205,12.966692910454185,4.040021901181387,1.8686739017954896,343.9529775024078,1.5822403370746374,13.007899201600093,4.466921785745556,1.7972898758978724,24.22499091192723,0.012220584792709488,6.215830828171651,0.5633718816727262,1.1077520592861472,197.13677488896246,1.9077625354404972,10.636649443107672,4.584576160208429,1.98139794222592,221.3617658008897,2.451642238937956,10.861035031108527,5.147948041881156,2.0790983910613794,37.04562854827896,0.011630438218274364,2.681531314036799,0.49394171397705283,0.6581462894014775,278.6299203674347,0.5807282019668492,12.966692910454185,3.715065604899129,1.8468252581445788,315.6755489157137,1.5138628886997871,13.007899201600093,4.209007318876183,1.780154834029963
c<D>r<83>R<GLY>,56.341151027221,1.4957730636101205,4.142192886917512,2.012183965257893,0.7563454762428918,39.100092628249385,2.2953623483870293,5.441316700178687,3.5545538752953987,1.0644847062437355,39.854794929105346,2.202013057221572,5.803747806381094,3.623163175373213,0.9126652676399939,67.5256509805202,1.3236385820726562,3.988650335586394,1.6881412745130049,0.6527127289979323,73.74526263044308,1.2279126010094348,3.5897330453827516,1.843631565761077,0.6929360784783886,64.09578261011077,2.202013057221572,4.8504404009463435,2.786773156961338,0.6605615213100612,84.1438891590853,1.2279126010094348,3.988650335586394,1.6181517145977944,0.568165609005084,10.286462431642777,0.012600183031313605,2.0902868871256377,0.428602601318449,0.5332840350926442,112.97959166885727,1.4633177126236205,6.7136175401010405,4.707482986202386,1.2784204836761366,123.26605410050004,1.5822403370746374,7.045789003886065,5.136085587520835,1.3338312978225328,4.4261475496169105,0.08048733771098249,1.6025510675444448,0.5532684437021138,0.4542365080067042,47.76434866541843,1.318176787399839,8.331301097527103,5.970543583177304,2.0094579559160812,52.19049621503534,1.7566886942676763,9.933852165071547,6.523812026879417,2.2500131712599454,8.44288113271859,0.10000424954546805,2.2717263150350426,0.7035734277265492,0.6649757592793276,65.91542633951222,4.333013953415559,6.942303769223372,5.492952194959352,0.8390121734267895,74.35830747223082,4.559035930385984,7.712426278336583,6.196525622685901,0.7751286152287301,11.672141851158283,0.011630438218274364,2.0771227108717882,0.44892853273685707,0.6505418976890011,103.36014527998469,0.5809832541710875,5.68230009010972,3.9753902030763344,1.1247402336426446,115.03228713114297,1.5138628886997871,6.290697478618438,4.424318735813191,1.2154199289925363,16.2095839924734,0.011859846461533152,2.321261787083472,0.40523959981183505,0.5380423908732995,142.94759021747421,1.4633177126236205,5.6910082009545135,3.573689755436855,0.9533949757988041,159.1571742099476,1.5822403370746374,5.87519772951134,3.9789293552486904,0.9682818898745748,13.479550757615897,0.012220584792709488,1.655319728680034,0.44931835858719654,0.4370672662392284,114.22055211646318,1.318176787399839,10.244106107258077,3.8073517372154395,1.8851794374449975,127.70010287407908,1.7566886942676763,10.271780591399187,4.256670095802636,1.8822811728389601,16.6474776024169,0.011630438218274364,1.9040074154488265,0.3963685143432595,0.47873531285855775,131.12748045753298,0.5809832541710875,5.881693020783132,3.1220828680364994,1.0771808793744193,147.77495805994988,1.5138628886997871,6.372324694589864,3.518451382379759,1.0788078203109464
c<D>r<84>R<ASP>,103.48182337639697,1.384006881054999,4.142192886917512,1.952487233516924,0.768639606196725,44.74389504596319,2.2937668424122433,4.890511971320899,3.1959925032830854,0.8205327996707541,49.11652901425903,2.202013057221572,4.583488639737678,3.508323501018502,0.6237152551108487,113.42145408296588,1.3236385820726562,3.7868544095669896,1.6679625600436159,0.6323350126195892,122.20545775804736,1.2266289689658882,3.703052742969452,1.797139084677167,0.6749551147080218,75.21506036471446,2.202013057221572,3.0787943010471794,2.5936227711970505,0.29670935966604967,131.5023111555256,1.2266289689658882,3.6583312361111715,1.584365194644887,0.520789176278586,36.44747541575294,0.012562842963854237,2.3413922950330583,0.5522344759962566,0.6044454583341616,307.1409243476491,0.48844103072611134,6.7136175401010405,4.653650368903774,1.1186962227485162,343.5883997634021,1.5822403370746374,6.857449037205646,5.205884844900032,1.1293537855044455,7.395501775459092,0.044725975340366375,1.6025510675444448,0.5688847519583917,0.5037215218211992,74.37390654913837,1.318176787399839,8.331301097527103,5.721069734549105,2.1636517299065603,81.76940832459748,1.7566886942676763,9.933852165071547,6.289954486507498,2.341298154231794,12.831892526843244,0.024334662499553517,2.2717263150350426,0.6415946263421622,0.5621626216378328,119.74036030822013,4.333013953415559,12.171775059997572,5.987018015411007,1.6096177822432758,132.57225283506338,4.559035930385984,12.196109722497125,6.628612641753169,1.4324573639342644,36.19920548553236,0.011630438218274364,2.3830361654222063,0.5098479645849628,0.6009168821684396,304.7500564245531,0.48844103072611134,6.621442009761566,4.292254315838776,1.092688136957251,340.94926191008557,1.5138628886997871,6.817208845053527,4.802102280423741,1.1137388284506786,40.16985532562658,0.011859846461533152,2.3830361654222063,0.4670913409956579,0.592302312606945,335.54240528271066,0.48844103072611134,8.74511018499405,3.9016558753803565,1.2162273953297518,375.7122606083374,1.5822403370746374,8.831816348304365,4.368747216376016,1.1763652651415626,18.465503762694468,0.012220584792709488,2.2237498178906456,0.4990676692620126,0.5059017078251364,138.7943317712344,1.318176787399839,12.171775059997572,3.751198155979308,2.2014764520258074,157.25983553392888,1.7566886942676763,12.196109722497125,4.250265825241321,2.1639192799314655,38.91199626816438,0.011630438218274364,2.3830361654222063,0.4372134412153301,0.5403298494075136,315.7425705839542,0.48844103072611134,8.74511018499405,3.54766933240398,1.3087552240015015,354.6545668521186,1.5138628886997871,8.831816348304365,3.98488277361931,1.3042677984321847
c<D>r<85>R<SER>,102.73085896664232,1.384006881054999,4.593532754020073,2.0143305679733787,0.8426015106250772,42.47729036801975,2.2953623483870293,4.549209707620287,3.267483874463058,0.6714394012113526,60.70894244622847,2.202013057221572,4.5735103155796155,3.571114261542851,0.5736568683074238,110.81023691023061,1.3236385820726562,4.593532754020073,1.7047728755420095,0.7297357897429838,128.3723734268335,1.2266289689658882,4.363554518990533,1.860469180099036,0.7566997278125727,80.79153531300479,2.202013057221572,3.548162218602438,2.6061785584840256,0.3391053744359838,134.93003781280512,1.2266289689658882,4.363554518990533,1.625663106178375,0.6097672081760006,29.156132607809432,0.012562842963854237,2.835677429734771,0.5026919415139557,0.5840413460281257,277.5652760343626,1.4633177126236205,7.126796153702344,4.785608207489011,1.1865003386757935,306.72140864217204,1.5822403370746374,8.611403786489387,5.288300149002966,1.2442785754998826,7.97660767217177,0.044725975340366375,2.5178251480032046,0.6135852055516746,0.6944926421078335,84.04271614387528,1.318176787399839,8.97951885340979,6.4648243187596375,1.8689652133125536,92.01932381604706,1.7566886942676763,9.933852165071547,7.078409524311312,1.999537034740051,20.68688931058552,0.10000424954546805,2.9215252548506747,0.8619537212743967,0.6876928802415724,136.03939969795778,4.333013953415559,6.942303769223372,5.668308320748241,0.6699439761469308,156.7262890085433,4.559035930385984,9.519580870400159,6.530262042022637,0.8671817851046004,29.638636092872403,0.011630438218274364,2.446581286930008,0.4939772682145401,0.5741186076511121,260.5318164230793,0.5809832541710875,7.126796153702344,4.342196940384655,1.1721473471477388,290.17045251595175,1.5138628886997871,8.611403786489387,4.8361742085991954,1.2725955499726853,37.0397245174418,0.011859846461533152,2.321261787083472,0.4257439599705954,0.5111610401718766,348.5774750815033,1.4633177126236205,8.337604796646758,4.0066376446149805,1.3121712472103693,385.61719959894515,1.5822403370746374,8.42275769744942,4.432381604585577,1.2807485316287386,23.047820931428795,0.012220584792709488,4.207475803202247,0.5761955232857199,0.8256488205951887,139.76274085421247,1.318176787399839,8.97951885340979,3.4940685213553118,1.4287113927243575,162.81056178564126,1.7566886942676763,9.074558298142874,4.070264044641031,1.5433267414604253,35.06587229940868,0.011150878318386681,1.9479497140656363,0.4077427011559149,0.48023100794023976,316.1175862883982,0.5809832541710875,8.337604796646758,3.6757858870743974,1.471921787766622,351.18345858780685,1.5138628886997871,8.42275769744942,4.083528588230312,1.4592236279775221
c<D>r<86>R<ALA>,101.66384741133844,1.384006881054999,4.677942164463145,1.8484335892970625,0.6592194291419818,56.0081777088661,2.2953623483870293,4.549209707620287,3.5005111068041312,0.6482270387258668,69.16069784924359,2.196716707815443,4.5497808795655335,3.6400367289075573,0.5984925552255486,113.11079767140905,1.3236385820726562,4.677942164463145,1.5709833009917924,0.5197652584195379,127.32701172890889,1.2258945617460053,3.2633341277574197,1.6976934897187852,0.5130321271086189,92.27247216437107,1.5963252383873867,3.466513077019617,2.5631242267880854,0.3590807624368687,137.15235035067536,1.2258945617460053,2.8398198048835184,1.490786416855167,0.3140273084740262,28.789033596384947,0.013486374524124045,3.293022939763741,0.4798172266064158,0.6198519284037115,328.2710371824353,0.48844103072611134,19.886227569767698,5.471183953040589,2.420510587288152,357.0600707788203,1.5835093774574514,20.11057667551341,5.9510011796470055,2.440589578170732,11.59431821091515,0.044725975340366375,2.8856949637131812,0.610227274258692,0.8012324953552171,122.9923818124696,1.318176787399839,8.97951885340979,6.473283253287874,1.6038232836578992,134.58670002338474,1.7566886942676763,9.341534186108568,7.083510527546565,1.6465383514199905,23.717294170424584,0.0407124866626809,5.006965024855216,0.7905764723474861,0.9358740996787658,191.81062941743514,4.333013953415559,11.972698338628803,6.393687647247838,1.9066305334575593,215.52792358785968,5.293449257090439,12.194119775671712,7.184264119595323,1.6654091299348854,32.81960891901937,0.01597531615128034,3.293022939763741,0.5469934819836563,0.6664170930788315,314.04463408579426,0.48844103072611134,19.886227569767698,5.234077234763237,3.006151772610205,346.86424300481366,1.515919024565601,20.034559235801776,5.781070716746894,3.0207566174884,38.59652287468293,0.011859846461533152,3.2212928419391993,0.488563580692189,0.6680117002877677,320.207610256244,0.48844103072611134,9.042791814773025,4.053260889319544,1.457965767210555,358.80413313092697,1.5835093774574514,9.816405452573306,4.541824470011734,1.4507972120433636,27.666065254995807,0.012220584792709488,5.767443741517216,0.6433968663952513,0.9731042110605561,185.62481417968806,1.318176787399839,12.297868594156682,4.316856143713676,2.630824345750311,213.2908794346839,1.7566886942676763,12.48204183775342,4.960253010108928,2.6175983718735547,38.81252369770224,0.011150878318386681,3.1978457714190327,0.5175003159693632,0.7166109001655594,273.38006921422,0.48844103072611134,9.042791814773025,3.645067589522933,1.6194546595909607,312.1925929119222,1.515919024565601,9.816405452573306,4.1625679054922955,1.6191112475218592
c<D>r<87>R<THR>,119.60909924324304,1.384006881054999,4.677942164463145,1.8985571308451277,0.6686082762870562,68.024638735746,2.199409480267446,5.150389539124638,3.779146596430333,0.6501654392019597,83.80654182948544,2.6265025831874382,4.699055665030079,3.809388264976611,0.4741197782848404,131.92087522206248,1.2568987617002711,4.02788850478488,1.6087911612446644,0.5441059012044288,150.63442231202325,1.2258945617460053,3.675241501576171,1.7515630501398052,0.5981877684676258,108.91502353568897,1.5963252383873867,4.02788850478488,2.6564639886753407,0.46141149219358657,161.27912966324445,1.2258945617460053,3.675241501576171,1.5359917110785186,0.44666293087337794,40.991926699486385,0.013486374524124045,3.293022939763741,0.5123990837435798,0.6992217549426933,441.093692615613,0.48844103072611134,16.290594114555805,5.513671157695162,1.9601724209697533,482.0856193150994,1.587846003275466,16.348152465549163,6.026070241438743,1.978519286242541,21.041499664813617,0.010321527788427431,2.9080870814705797,0.678758053703665,0.8811214171416978,282.73165265480947,4.4094830369264315,19.11260933317186,9.120375892090628,4.366801633638403,303.7731523196231,4.994872362220706,19.48515447103346,9.799133945794292,4.21995921851296,33.72934275110177,0.027723084555429267,4.449576088743793,0.8432335687775442,0.9323591062731492,285.4378928274376,4.543537116808295,22.217973695410123,7.135947320685941,3.1012227668296894,319.16723557853936,5.61755776804442,22.363255258712385,7.979180889463484,2.9428452424681786,42.11151196154771,0.014941215017950427,3.7552982422685766,0.5263938995193465,0.687044262916901,422.66005997171794,0.48844103072611134,17.970932663269423,5.2832507496464745,2.48636131885028,464.77157193326565,1.5195209934155613,18.5011502558541,5.80964464916582,2.444803630711581,52.155827561283445,0.010768403169248764,3.917924713309742,0.49672216725031854,0.7085527657400255,450.11083344639474,0.48844103072611134,8.337604796646758,4.286769842346617,1.4984758202822743,502.2666610076782,1.587846003275466,9.788631656296413,4.783492009596935,1.5658792961840233,37.97480680430708,0.014000385841253404,4.129641233015679,0.6329134467384513,0.8646516617368857,324.28634355186085,2.078285331848349,13.613639709834057,5.404772392531014,2.7799481217795967,362.261150356168,2.87792523726615,14.183053867457513,6.037685839269467,2.7807784419798764,52.93266935060101,0.012448558651577457,3.917924713309742,0.5041206604819144,0.7850957906515436,449.93773487133205,0.48844103072611134,9.09185514431016,4.285121284488877,1.8064182232034987,502.87040422193303,1.5195209934155613,9.112429895928798,4.789241944970791,1.7831902273846636
c<D>r<88>R<TYR>,139.20583871762636,1.372974115525142,3.9688516377738163,1.8316557726003468,0.6700282009856839,53.71720486701227,3.3438590866348963,5.150389539124638,3.8369432047865906,0.5708155547841733,66.60678903014355,2.6265025831874382,4.707590865540188,3.9180464135378554,0.47894204111448313,149.39538777436746,1.3254758900309815,3.9688516377738163,1.641707557960082,0.584396525412795,164.224769660347,1.2258945617460053,3.9688516377738163,1.747072017663266,0.6335529898505488,87.7222463243657,2.2386046381854428,5.012427666183273,2.741320197636428,0.6212074865689413,173.18201896969762,1.2258945617460053,3.9688516377738163,1.5888258621073177,0.520804090617673,55.02199749756885,0.011895744168864297,2.8652083797025725,0.49126783479972186,0.6672325656508052,566.9414500466635,0.48844103072611134,12.890968531432563,5.061977232559495,1.4352858788284197,621.9634475442324,1.8981193686319173,12.9066318442969,5.553245067359218,1.3336088311806769,15.50997702035795,0.010321527788427431,3.6388572057642676,0.7385703343027595,1.0374963635827044,157.27157268246728,4.308202178640848,17.378412244077058,7.489122508688918,3.0175619236564475,172.7815497028252,4.955962900968226,17.837432010155354,8.227692842991676,2.790292372984398,19.397384832152593,0.027723084555429267,1.6378853667547117,0.7758953932861037,0.44222376907329214,161.36194431498365,4.6651727880086185,11.972698338628803,6.454477772599346,1.8520472111739676,180.7593291471362,5.61755776804442,12.194119775671712,7.230373165885449,1.7272433852245317,57.30846027782387,0.011895744168864297,3.7552982422685766,0.5027057919107357,0.6955416419555146,519.6716750233759,0.48844103072611134,7.53079451356939,4.558523465117332,1.1159072421849878,576.9801353011998,1.8981193686319173,7.632150201393104,5.061229257028068,1.0788274144680021,60.905468905719886,0.010025655503446806,2.603917702183381,0.4381688410483445,0.5445233750637611,594.1349374465201,0.48844103072611134,8.596751247828493,4.274352067960576,1.1115457812636378,655.0404063522403,1.8981193686319173,8.958047469826072,4.712520909008923,1.0772092218339568,25.472211027455835,0.014000385841253404,2.8706360406819975,0.6368052756863959,0.8372784167460591,213.5555522109744,2.0753155048285095,13.613639709834057,5.33888880527436,3.1870122697781387,239.02776323843028,2.87792523726615,14.82276741236203,5.975694080960757,3.097495417795014,62.40739172208261,0.010025655503446806,3.473118811716602,0.45887788030943094,0.6519175147364796,554.4989168014811,0.48844103072611134,7.53079451356939,4.077197917657949,1.2513923777379652,616.9063085235637,1.6998897926109962,7.632150201393104,4.53607579796738,1.1948077066623608
c<D>r<89>R<LEU>,146.52268204123777,1.3668996635177961,3.777047842257208,1.9028919745615296,0.7442206525764594,56.35339276353904,2.657075622609751,5.150389539124638,3.7568928509026027,0.5795927106418596,62.974436680667765,3.414074804378353,4.445146903515877,3.9359022925417353,0.3382753321912808,157.57467920183805,1.325979008734722,3.777047842257208,1.6943513892670758,0.681046045160307,168.8846409067947,1.2306625363373105,3.777047842257208,1.7966451160297308,0.707491814785605,86.79041329481166,2.244980027525907,5.150389539124638,2.7122004154628643,0.6454562581533193,178.43920910081272,1.2306625363373105,3.777047842257208,1.6221746281892064,0.6079121437801929,61.9665124943952,0.011981627126301575,3.806079295996227,0.5296283119179077,0.7542091347288572,576.4006844682635,0.4831272122421524,9.553641924781914,4.926501576651825,1.3330410117691562,638.3671969626586,1.3901682573297602,9.610778810658129,5.456129888569731,1.2602161189406174,16.20991270349318,0.010321527788427431,3.6388572057642676,0.7719006049282467,1.0845654609760713,170.77240523559382,4.308202178640848,17.378412244077058,8.13201929693304,3.32595154477039,186.98231793908698,4.955962900968226,17.837432010155354,8.903919901861284,3.02060433904299,22.029232288482373,0.027723084555429267,2.4131047543459374,0.9577927081948857,0.5770382141471021,138.63870375350677,4.674612183415107,10.818927186700101,6.027769728413338,1.3073348792100892,160.66793604198912,5.966244138964549,12.17161944060464,6.985562436608222,1.2226608065366413,65.23516961694662,0.011981627126301575,3.7552982422685766,0.5528404204825985,0.7880938166255457,523.3596485933515,0.4831272122421524,7.108043170901524,4.435251259265691,1.193196478109752,588.5948182102981,1.3882288916952243,7.370295973049721,4.988091679748289,1.192066796165447,64.70403302057386,0.010025655503446806,2.9896016178081766,0.4792891334857323,0.5918110729902274,561.6627231148859,0.4831272122421524,8.596751247828493,4.160464615665822,1.106381352842445,626.3667561354598,1.3901682573297602,8.958047469826072,4.639753749151554,1.1109684134263902,24.35519298582068,0.011211391617210964,2.9203874070333704,0.7856513866393767,0.9553327058897035,159.60414157131748,2.0753155048285095,17.12817184895434,5.148520695848951,3.79353290698231,183.95933455713816,2.8046339858620954,17.172829197803846,5.9341720824883275,3.620577162635706,65.1248388181263,0.010025655503446806,3.0356321770685746,0.4971361741841703,0.6745696437850099,516.5012591330171,0.4831272122421524,6.795079102116006,3.942757703305474,1.2244437661434742,581.6260979511435,1.3882288916952243,7.183173793054296,4.439893877489645,1.2048775988017195
c<D>r<90>R<CYS>,140.9764106151389,1.3668996635177961,3.6386631770647626,1.8073898796812677,0.6219155948150056,61.59820600950104,2.657075622609751,5.31151063558801,3.849887875593815,0.6486286082326044,63.8047682048817,3.414074804378353,6.044107068371084,4.25365121365878,0.7056446171978025,151.07014364997283,1.323976518365767,3.62060686806284,1.5902120384207667,0.5114330449901752,159.58362242819658,1.225297447748615,3.498365318145102,1.6976981109382614,0.5655917224256649,86.10857592663749,2.2440826565009044,4.8056330132294445,2.6908929977074214,0.6083061968170529,168.0593952592718,1.225297447748615,3.498365318145102,1.5140486059393856,0.38954665594576404,56.494035199270996,0.010304290674721273,3.806079295996227,0.5279816373763645,0.7900882444899905,517.9849363106014,0.4831272122421524,7.719412517258206,4.840980713183191,1.3630132096489092,574.4789715098723,1.3901682573297602,7.731632007496643,5.368962350559554,1.2595838407954218,21.615732836043684,0.04841097500254321,4.45762365543046,0.9825333107292583,1.2658597589899279,179.40720219462185,4.4094830369264315,18.10902638252651,8.154872827028266,3.0641660343292707,201.02293503066554,4.955962900968226,18.695002282083593,9.137406137757525,3.1372957959856285,25.053670761871615,0.03520350094496649,10.471385777746974,1.2526835380935808,2.1697494161681536,179.35321944548758,4.815653245218584,20.871374640970373,8.967660972274379,5.079610340992811,204.40689020735917,5.966244138964549,21.58082529137394,10.220344510367958,5.388096868500635,59.03714516473711,0.010304290674721273,3.5848281269656894,0.5224526120773195,0.749960011214678,497.37070117276215,0.4831272122421524,7.384551858059467,4.4015106298474524,1.293684819340384,556.4078463374993,1.3882288916952243,7.394856148734188,4.923963241924773,1.243787037333142,59.79111659359747,0.010025655503446806,3.2987269638982184,0.5154406602896334,0.6445087105214728,460.84913724472176,0.4831272122421524,7.6125031285782825,3.972837390040705,1.175302048449321,520.6402538383193,1.3901682573297602,7.690291000876387,4.488278050330338,1.114954206734102,28.963860542709618,0.01789815555876695,7.4041030246204045,0.8776927437184733,1.4387503091383806,198.1824387295526,2.004024961292316,20.871374640970373,6.005528446350079,4.297392973981991,227.14629927226218,2.8046339858620954,20.88935408194756,6.883221190068551,4.201575461675191,59.795581127814394,0.010025655503446806,3.2987269638982184,0.5067422129475796,0.69889585801822,443.0507041102787,0.4831272122421524,7.384551858059467,3.7546669839854125,1.2919061482274914,502.84628523809306,1.3882288916952243,7.394856148734188,4.261409196932992,1.2282196984098332
c<D>r<91>R<ALA>,141.5034167516972,1.3668996635177961,3.952863427406733,1.8867122233559626,0.7272748010605261,55.961950199518334,3.396490442135392,4.8056330132294445,3.730796679967889,0.40043756003011843,57.67022256537,3.414074804378353,5.5277547970120375,4.119301611812142,0.5495643189741661,152.41703052396701,1.3261634624822347,3.952863427406733,1.6749124233402968,0.6416258001133175,161.46355371870595,1.2290032619507356,3.952863427406733,1.7940394857633994,0.7007779222120123,84.07596541033331,2.2447597738186054,4.8056330132294445,2.8025321803444436,0.6776604216416763,171.36819472888592,1.2290032619507356,3.952863427406733,1.6166810823479805,0.5888697347129084,56.54657413211828,0.010304290674721273,3.9029459976430534,0.5385388012582694,0.7727221202627477,543.1122272500373,0.4831272122421524,11.93318246878448,5.172497402381308,1.822112317689247,599.6588013821557,1.3901682573297602,12.006941872251957,5.711036203639578,1.7576299641835467,13.52454454449605,0.05354863059899273,3.7310997078010697,0.7118181339208448,1.0371010889446817,140.19375445167668,4.461718763921965,13.07893351982699,7.378618655351405,2.2123380892252067,153.71829899617273,4.861016489276066,13.157546626511696,8.09043678927225,2.0471720808582767,17.38418747759262,0.11975857686899438,2.905502474794286,1.0225992633878012,0.6366614706400798,117.11137159061417,4.815653245218584,19.05378209304854,6.888904211212598,3.260075030851997,134.4955590682068,5.966244138964549,21.959284567842825,7.9115034746004005,3.673957946740863,55.58328196296701,0.010253081565306132,3.0893848275577316,0.5007502879546577,0.642545384432208,516.7656274635265,0.4831272122421524,8.73217105206919,4.655546193365104,1.4878398371902701,572.3489094264935,1.3882288916952243,8.817941343260728,5.156296481319761,1.4734507395030356,58.35660728089795,0.010025655503446806,2.9000223946734245,0.5210411364365888,0.6255955963163392,472.19480331242147,0.4831272122421524,8.70382821766384,4.216025029575191,1.4572713568694815,530.5514105933195,1.3901682573297602,8.953653211154041,4.737066166011781,1.4511477244084814,19.979407473711856,0.022124558447813136,2.905502474794286,0.6889450853004088,0.8555792135098439,153.98253783768985,2.1228995741730614,19.05378209304854,5.30974268405827,3.5757454713617314,173.9619453114017,2.943541809310573,21.959284567842825,5.998687769358679,3.750906937931496,58.747508647498016,0.010025655503446806,2.9000223946734245,0.5153290232236668,0.659575000198367,456.10168807655936,0.4831272122421524,8.500289197609163,4.000892000671573,1.4714603250184983,514.8491967240574,1.3882288916952243,8.813368599904845,4.51622102389524,1.482052279912999
c<D>r<92>R<VAL>,135.62473356823818,1.3887514808961459,3.931014606632397,1.8083297809098424,0.6335057747636852,52.0653167106459,2.709781482516247,5.023723753180499,3.7189511936175643,0.5325693583896673,73.18608859028198,3.200010184334047,5.5277547970120375,4.065893810571222,0.5687128042623846,144.92652976307207,1.3265257188282717,3.931014606632397,1.6102947751452452,0.5456610257338039,164.68734198740924,1.2290032619507356,3.931014606632397,1.7519929998660557,0.616073611446932,90.68482326388461,2.2437453015055735,4.738611023175149,2.7480249473904426,0.6594424427842744,172.38607844355283,1.2290032619507356,3.931014606632397,1.5815236554454388,0.5020234755343123,54.038568045477064,0.012219490238436492,3.9029459976430534,0.600428533838634,0.8433062548140179,442.2208068507845,0.4865855357666078,11.93318246878448,4.913564520564273,1.8517725629683588,496.25937489626153,1.570656756751819,12.006941872251957,5.513993054402906,1.7920220600799202,15.90072704548093,0.05354863059899273,3.5797021447865376,0.8833737247489406,0.9607387085331444,119.68893804983855,4.237841441437013,8.311353761772807,6.649385447213253,1.2566865941676466,135.58966509531948,4.718380854505305,9.724381399157249,7.532759171962193,1.4180529832223943,24.948127072169353,0.02380538290478995,2.4807501100975564,0.8316042357389785,0.6781732251256265,232.863567087232,4.65502588219465,20.017514617916504,7.7621189029077335,3.787695781616047,257.8116941594014,4.940069001630022,20.041320000821294,8.593723138646713,3.6545275756446394,50.376922211303,0.01307989835324097,2.8621365190802006,0.5302833916979263,0.6532846712949174,427.7908764368653,0.4865855357666078,9.11085832057961,4.503061857230161,1.3363430911749086,478.1677986481683,1.509621928518563,9.351583565294959,5.033345248928088,1.257551408101742,60.82259723955856,0.010268251631611491,2.8621365190802006,0.5684354882201734,0.6976141914479609,416.77861836515996,0.4865855357666078,8.70382821766384,3.8951272744407475,1.4279154275136554,477.60121560471856,1.570656756751819,8.953653211154041,4.463562762660922,1.4639747095176037,23.338117283777063,0.010827709840526722,3.157438206831409,0.5427469135762107,0.7757529585802613,230.29880866546233,2.004024961292316,18.170653379608893,5.355786248034008,3.3787176080894774,253.6369259492394,2.677233157957141,18.448051689074468,5.898533161610219,3.3780553044122925,58.789141589388535,0.010268251631611491,2.9382187682292624,0.5707683649455197,0.7150707646080618,383.2580643676827,0.4865855357666078,8.512488257332052,3.720952081239638,1.343207511860726,442.0472059570712,1.509621928518563,8.54864581395071,4.291720446185157,1.3662579934173065
c<D>r<93>R<ARG>,119.7003081642043,1.3955402931523115,4.2781402768594115,1.8703173150656922,0.6453091836073913,55.38535716207386,2.2941551203944965,5.023723753180499,3.461584822629616,0.6956748460820603,59.97921791932547,3.200010184334047,4.596515240748232,3.9986145279550316,0.4034090357204684,128.35614867691032,1.3244400852314886,3.925828986401627,1.5846438108260534,0.487336497555491,137.78770520957136,1.2290032619507356,3.931014606632397,1.7223463151196419,0.562249336988722,82.6740933080211,2.2437453015055735,3.46494931080395,2.5835654158756594,0.3261546208229851,145.9919965415477,1.2290032619507356,3.925828986401627,1.5050721292943063,0.37736255982595457,37.22387325163755,0.020289799194088687,3.1809648631319565,0.5639980795702659,0.749077901983079,319.69379876393646,1.4551903799447246,9.05723169961584,4.843845435817219,1.3731353528083698,356.917672015574,1.570656756751819,9.09965054073632,5.407843515387484,1.4573544580223339,15.0067904757088,0.057601126583229245,2.4889896814516987,0.6252829364878667,0.6797782614650967,163.97343047897743,1.322905561592961,10.315817345467622,6.832226269957393,1.8694968188115098,178.98022095468622,1.7594379546314598,10.37341847205085,7.457509206445259,1.9006855082876424,19.65250614419131,0.02380538290478995,3.035112977581889,0.854456788877883,0.8066926204195758,179.39754909398584,4.65502588219465,20.017514617916504,7.79989343886895,3.6464693225455447,199.05005523817718,4.940069001630022,20.041320000821294,8.654350227746834,3.5284330476470145,34.42506614318245,0.013355906108520443,2.127300802875702,0.4529613966208217,0.5718037098731873,340.38877607944323,0.5832216838998647,9.05723169961584,4.478799685255832,1.2693234705132987,374.8138422226256,1.509621928518563,9.09965054073632,4.931761081876653,1.2836008218595445,42.55344021936717,0.011604048761484798,3.046647384446347,0.5189443929191118,0.6780623182482821,311.16302321551166,1.4551903799447246,9.05723169961584,3.794671014823313,1.3176926870342978,353.7164634348789,1.570656756751819,9.09965054073632,4.313615407742426,1.3839601772756596,23.874707783287807,0.013381614527986141,4.603557743937259,0.555225762402042,0.8649932785087509,200.7211211465185,1.322905561592961,8.972649147476659,4.667933049919035,1.794897170057195,224.59582892980632,1.7594379546314598,9.128308525232134,5.223158812321077,1.8266282408604553,39.49174879747336,0.010582867920013506,2.924802423668382,0.47013986663658763,0.6141546268576002,296.08636519305514,0.5832216838998647,9.05723169961584,3.524837680869704,1.298075433493243,335.5781139905285,1.509621928518563,9.09965054073632,3.9949775475062914,1.3445125605677624
c<D>r<94>R<PRO>,116.3283861959819,1.3923361624694697,4.319224072092796,1.8176310343122173,0.5538195143593224,54.09227188894248,2.609223574281524,5.023723753180499,3.380766993058905,0.5990644966261053,79.98481367580408,2.194062348616336,4.5873370345888365,3.8088006512287658,0.5897389177037521,123.93715217534844,1.3265257188282717,4.023704757621166,1.530088298461092,0.3793903907325543,146.32382415271218,1.2285443644922716,3.443877043602018,1.7014398157292114,0.5239203931232652,99.32634757349398,2.194062348616336,3.46494931080395,2.613851251934052,0.34376863917762013,152.73091632173205,1.2285443644922716,2.916664351828079,1.4828244303080782,0.30842656955138054,31.541970677224356,0.012736237698749875,3.739361586939621,0.5438270806417992,0.8301906968556244,287.1256538778082,1.4551903799447246,12.91202551434344,4.950442308238072,2.097982410750012,318.6676245550325,1.570656756751819,14.932071571862116,5.494269388879871,2.203079245500581,14.894311053141118,0.11263128250881671,5.619237458379665,1.0638793609386512,1.4222030736438163,91.66788832913835,4.745169375625892,8.057728196251446,6.547706309224168,1.144166132261391,106.56219938227947,5.605053509047805,10.364406834005557,7.611585670162819,1.3825501696238385,34.12128630152714,0.02380538290478995,4.744732436757772,1.003567244162563,1.049758443552285,298.5055416975872,3.8646746759950474,21.3407800681382,8.779574755811389,4.9426520453589395,332.6268279991143,4.4884867358034395,21.382482949867956,9.78314199997395,4.725020898281659,26.934785755138122,0.010307527944485528,2.973450671478129,0.4020117276886287,0.6058022649736339,301.7818293512903,0.5832216838998647,12.91202551434344,4.504206408228214,2.0219594239978056,328.71661510642843,1.509621928518563,14.932071571862116,4.906218135916842,2.111877037979103,42.31845763470187,0.011203062416655474,3.790967769950372,0.4920750887756032,0.7418563656432053,323.88853532521034,1.4551903799447246,14.286879548397565,3.766145759595469,2.019096432223848,366.2069929599122,1.570656756751819,14.819847982667824,4.258220848371073,2.0531953155084777,28.50693512498246,0.010827709840526722,4.77762990189891,0.5183079113633174,0.842752257148909,300.27887468540257,1.7020119151466133,18.266218871723368,5.459615903370956,3.878785730458865,328.785809810385,2.089549337141635,19.04297270532429,5.977923814734273,3.9932593171659483,36.90198265943299,0.010307527944485528,3.790967769950372,0.4241607202233677,0.6792949244687762,296.12832673448224,0.5832216838998647,14.286879548397565,3.4037738705112903,1.9822131172047908,333.0303093939152,1.509621928518563,14.819847982667824,3.8279345907346576,2.0199308152222453
c<D>r<95>R<THR>,74.4898301667313,1.3850014584758965,4.071779161502293,1.8622457541682824,0.6795136794089182,35.78111220219409,2.668222842557393,4.031790964615834,3.2528283820176442,0.44226295236671986,54.42947208379736,2.9095210778522285,4.8921641231682225,3.887819434556954,0.5899055040749283,82.65213397394643,1.3282483363806146,4.071779161502293,1.5894641148835853,0.4970419344527802,98.39262496228389,1.2301539839714621,3.9389943049778515,1.7889568174960708,0.6669800349343893,67.99557039835669,2.2442268786596817,3.646958604691273,2.615214246090642,0.3446244848410287,104.66650215435237,1.2301539839714621,3.48526218859615,1.562186599318692,0.4432451171464294,14.593819362477547,0.010332143930101623,3.3611898230392665,0.45605685507742333,0.7298490862996979,159.57770917234598,0.4875329133383275,12.91202551434344,4.986803411635812,2.392367475798439,174.1715285348235,1.570656756751819,14.932071571862116,5.442860266713234,2.499494784154642,5.762122204710487,0.22132397100577172,2.6488045526104074,0.9603537007850812,0.8237565747191374,35.10525443020879,5.004953631195349,7.7156022813951495,5.850875738368131,0.8894442682448919,40.86737663491928,5.605053509047805,10.364406834005557,6.811229439153213,1.6152081963587885,16.78718036939781,0.06353362859266198,3.014932532587041,1.049198773087363,0.8693390817441625,100.04841834144463,3.8646746759950474,9.216939665931932,6.253026146340289,1.5331781889834544,116.83559871084245,4.4884867358034395,9.672848347738604,7.302224919427653,1.5189890500790493,14.13709062079022,0.010307527944485528,2.5952789075777742,0.40391687487972056,0.6332510364547592,160.41177778886572,0.4875329133383275,12.91202551434344,4.583193651110449,2.008973364157631,174.54886840965597,1.509621928518563,14.932071571862116,4.987110525990171,2.12129709601095,22.271146905683537,0.010332143930101623,3.237639828529142,0.43668915501340266,0.6454838634739073,198.32356140580782,0.4875329133383275,12.91202551434344,3.8886972824668202,2.270911253473357,220.59470831149136,1.570656756751819,13.118371504764543,4.325386437480223,2.2490222331749448,11.958330908988845,0.022004227249994734,2.3365374064744717,0.36237366390875286,0.4923082969715408,151.35272719858085,2.075081809234689,9.216939665931932,4.586446278744874,1.918015551029667,163.3110581075697,2.318733772527567,9.28530446147562,4.9488199426536275,1.946958287856379,20.657182653808178,0.010307527944485528,3.237639828529142,0.3755851391601487,0.6264472911894245,198.5075118270713,0.4875329133383275,12.91202551434344,3.609227487764933,1.9389562047644702,219.16469448087952,1.509621928518563,13.118371504764543,3.9848126269250823,1.9196065687607253
c<D>r<96>R<SER>,37.544687222532765,1.3923361624694697,3.8833218177265287,1.9760361696069877,0.709637005824066,12.415513679490473,2.7849316289486055,3.6239990421114388,3.1038784198726184,0.3133347694380898,27.362914940601858,2.9095210778522285,4.90132774168818,3.908987848657408,0.7820095021094347,40.303986083419545,1.3283292787757577,3.8833218177265287,1.6793327534758145,0.640040351953611,47.063946184596205,1.2301539839714621,3.4268555106348915,1.7431091179480076,0.6033474738298084,31.761022266729235,2.248211969740304,3.6484304165236323,2.6467518555607694,0.40876878197189614,49.823245045482984,1.2301539839714621,3.4268555106348915,1.5569764076713433,0.5015729029125596,4.736419784481395,0.052265239343269876,3.3611898230392665,0.4736419784481395,0.9660429176428816,48.26635048705634,3.387547708161037,6.485827066101592,4.826635048705635,1.067019489070207,53.00277027153774,3.6268767053153015,6.7487375312003035,5.300277027153774,1.0863163387374115,0.7595403311986733,0.7595403311986733,0.7595403311986733,0.7595403311986733,0.0,5.759623557770283,5.759623557770283,5.759623557770283,5.759623557770283,0.0,6.519163888968956,6.519163888968956,6.519163888968956,6.519163888968956,0.0,5.771725523047524,0.3160751742791259,1.9799114365591457,0.8245322175782178,0.5246826896504769,45.23560297075164,3.8646746759950474,8.704634229217845,6.462228995821663,1.7618169835137847,51.00732849379917,4.4884867358034395,9.672848347738604,7.286761213399882,1.945339651378533,3.4888500092844543,0.010307527944485528,2.5952789075777742,0.387650001031606,0.7832837518679429,40.21517192357919,3.387547708161037,6.069477151138926,4.468352435953244,0.8353842973420298,43.70402193286365,3.6268767053153015,6.079784679083412,4.856002436984849,0.8210556553100987,7.2248995038729635,0.011203062416655474,3.237639828529142,0.4515562189920602,0.7884247221895926,52.07271726735985,1.809408684036498,5.169757182213289,3.2545448292099906,1.034132515948478,59.29761677123281,1.8206117464531535,5.756895208045977,3.7061010482020507,1.2961575808269064,3.215707553707596,0.02408159208012961,0.7259564188108092,0.26797562947563297,0.24812989734890983,49.7993440607288,2.2389795297394812,8.154851842179596,4.149945338394066,2.029242937351264,53.01505161443639,2.9205239928962006,8.205613411042059,4.417920967869699,1.9624369358679838,6.252404544665906,0.010307527944485528,3.237639828529142,0.3290739234034687,0.7015650885210278,62.66728854723101,1.809408684036498,6.069477151138926,3.2982783445911057,1.1706997869571254,68.91969309189692,1.8206117464531535,6.079784679083412,3.6273522679945747,1.297550856763765
c<D>r<97>R<GLY>,42.87158607648783,1.3829204022503228,2.4453100994524006,1.714863443059513,0.4062110535953378,15.083736522047866,2.668222842557393,3.6239990421114388,3.016747304409573,0.3300155561763638,37.04659795522079,2.9095210778522285,6.837798836834443,4.116288661691199,1.135256421669696,44.993746903469784,1.3283292787757577,1.541634955889479,1.451411190434509,0.0768237010525408,55.89762427888975,1.2301539839714621,2.4453100994524006,1.59707497939685,0.39343932726495906,42.00217264587277,2.248211969740304,6.046280432920526,2.8001448430581846,0.9106155904702591,58.01978510587172,1.2301539839714621,1.541634955889479,1.4151167098993103,0.102293485154228,7.635950671773066,0.08013309381120326,3.3611898230392665,0.9544938339716332,1.0468083086434001,33.904399281933365,0.48781643075562897,6.70695494030042,4.238049910241671,2.03983134604539,41.54034995370643,1.9177610847319513,8.185462953200869,5.192543744213304,2.0349570644342996,0.7595403311986733,0.7595403311986733,0.7595403311986733,0.7595403311986733,0.0,5.759623557770283,5.759623557770283,5.759623557770283,5.759623557770283,0.0,6.519163888968956,6.519163888968956,6.519163888968956,6.519163888968956,0.0,11.010583810423443,0.3160751742791259,3.9771347047670034,1.2233982011581603,1.0920639174269646,73.84142195135064,3.8646746759950474,18.97224408668535,8.20460243903896,4.6189890977991634,84.85200576177408,4.4884867358034395,20.346361093700068,9.42800064019712,5.229582278531379,5.234456889922852,0.010307527944485528,2.5952789075777742,0.40265052999406553,0.7457356535679733,49.58980960300414,0.48781643075562897,6.70695494030042,3.814600738692626,1.904457121797856,54.824266492926995,1.8046371365242815,7.427793540278201,4.217251268686692,1.8885285383755375,9.211875030271798,0.011203062416655474,3.237639828529142,0.4386607157272285,0.7524842270908758,71.26386401155105,0.48781643075562897,7.318340748527589,3.3935173338833833,1.8496695307643618,80.47573904182285,1.8206117464531535,8.185462953200869,3.832178049610612,1.9743803633596282,6.1083531136512565,0.02408159208012961,1.4166495065258538,0.33935295075840316,0.38289521811981864,94.4926657152946,2.075081809234689,10.67129169036889,5.24959253973859,2.9466027984806757,100.60101882894588,2.318733772527567,11.15645295811765,5.588945490496993,3.0188677045411763,7.904866280657174,0.010307527944485528,3.237639828529142,0.30403331848681436,0.6608220888838493,80.76784408977801,0.48781643075562897,7.318340748527589,3.106455541914539,1.7535820891668925,88.6727103704352,1.8046371365242815,7.427793540278201,3.4104888604013537,1.8367499093815363
c<D>r<98>R<GLY>,56.94842744158795,1.3829204022503228,2.4804260380247394,1.7257099224723622,0.40744301440134156,21.358427518680745,2.609223574281524,3.6654674223513535,3.0512039312401065,0.4005628013369046,52.74135040704882,2.9095210778522285,6.837798836834443,4.057026954388371,0.9875567164162933,59.6767461981324,1.3283292787757577,1.541634955889479,1.4555303950764,0.0758152559388875,77.09310469042927,1.2298595527171405,3.4268555106348915,1.640278823200623,0.4756503864779018,58.654092949250305,2.248211969740304,6.046280432920526,2.7930520452023955,0.8129324841960585,79.82142344697372,1.2298595527171405,3.4268555106348915,1.451298608126795,0.2887306054543435,13.001152674773119,0.04044734633496283,3.739361586939621,1.0000886672902398,1.1292728602616122,43.83232739563027,0.48781643075562897,6.70695494030042,3.3717174919715593,1.7708143348504868,56.8334800704034,1.570656756751819,8.185462953200869,4.3718061592618,2.007043408193239,4.40495497154706,0.11263128250881671,3.5327833578395698,1.4683183238490198,1.4834946886201752,20.30684931533142,5.759623557770283,7.7156022813951495,6.76894977177714,0.7997537899189792,24.711804286878476,6.519163888968956,10.364406834005557,8.237268095626158,1.5962362529179557,19.34499811439352,0.06353362859266198,3.9771347047670034,1.13794106555256,1.011914590155606,135.62755851102247,3.8646746759950474,18.97224408668535,7.978091677118969,3.5437196961526274,154.97255662541602,4.4884867358034395,20.346361093700068,9.11603274267153,3.9465087570362054,10.039071217100654,0.010307527944485528,2.973450671478129,0.5019535608550327,0.8100740976803025,64.53054222096853,0.48781643075562897,6.70695494030042,3.2265271110484264,1.68909290530718,74.56961343806918,1.509621928518563,7.427793540278201,3.7284806719034593,1.744658590214194,17.28892231884155,0.011203062416655474,3.790967769950372,0.46726817077950134,0.814482964140268,115.92616211196219,0.48781643075562897,7.318340748527589,3.1331395165395186,1.5534314997695424,133.21508443080373,1.570656756751819,8.185462953200869,3.6004076873190196,1.6973128357477774,11.742520754214425,0.021455206039894037,3.6322604453099867,0.41937574122194377,0.7023388995993739,143.75653348371725,1.7020119151466133,10.67129169036889,5.134161910132759,2.6050640524281676,155.4990542379317,2.089549337141635,11.15645295811765,5.553537651354703,2.701502789832524,13.884262503281983,0.010307527944485528,3.790967769950372,0.330577678649571,0.6807262215720995,120.81512961995577,0.48781643075562897,7.318340748527589,2.876550705237042,1.4857531720894814,134.69939212323777,1.509621928518563,7.427793540278201,3.2071283838866136,1.5507103173888546
c<D>r<99>R<SER>,75.11194397573772,1.382209781602703,3.991674124728333,1.877798599393443,0.7380055282741892,22.97479989321722,2.609223574281524,4.799843146508136,3.2821142704596027,0.721188931967553,45.75962150219715,2.9095210778522285,6.837798836834443,4.159965591108832,1.0099469887471704,79.90516163474852,1.3283292787757577,3.991674124728333,1.6646908673905942,0.6613474815071324,91.05404525126804,1.2298595527171405,3.8135641296104335,1.7510393317551545,0.6590423493581263,55.282601647158465,2.248211969740304,6.046280432920526,2.9096106130083403,0.9113573685828296,95.6482600604896,1.2298595527171405,3.8135641296104335,1.5941376676748267,0.5720909820594463,21.234456857784913,0.013555842396883122,3.1288127809193877,0.6635767768057785,0.8990373122242419,135.12167828219867,0.4868089536487332,8.706759329628767,4.2225524463187085,1.892862471726709,156.3561351399836,1.570656756751819,9.117135484022015,4.886129223124487,1.9326544228121318,4.369793006600677,0.06699972040703717,3.5327833578395698,1.0924482516501692,1.4279449372823974,29.065559544961616,6.831623476165987,7.7156022813951495,7.266389886240404,0.31504240283079976,33.435352551562296,7.381343202410133,10.364406834005557,8.358838137890574,1.1733306172309166,15.168617533711856,0.09837146313228118,3.9771347047670034,1.2640514611426548,1.1054841486052365,102.67637657941032,4.518043843353553,18.97224408668535,8.55636471495086,3.8542531845369643,117.84499411312218,5.393622791403103,20.346361093700068,9.820416176093515,4.258586128920327,19.933065738447795,0.010307527944485528,3.1288127809193877,0.4861723350840925,0.7709137003447191,162.30776160813207,0.4868089536487332,6.798263630119436,3.95872589288127,1.8175234399068008,182.2408273465799,1.509621928518563,7.427793540278201,4.444898227965363,1.865200608244748,26.055703610550488,0.011242422651020156,3.046647384446347,0.5211140722110098,0.6935034116258322,179.24187079488183,0.4868089536487332,7.318340748527589,3.5848374158976366,1.510694610268388,205.2975744054323,1.570656756751819,8.185462953200869,4.105951488108646,1.6045858655388596,11.904264850959182,0.021455206039894037,3.6322604453099867,0.47617059403836726,0.756970763541558,136.84695943593124,1.7020119151466133,10.67129169036889,5.4738783774372495,2.6273917330220233,148.75122428689042,2.089549337141635,11.15645295811765,5.950048971475617,2.6993434283648643,25.401811970311904,0.010307527944485528,3.738060676627798,0.4618511267329437,0.7122715513518525,181.49174038017554,0.4868089536487332,7.318340748527589,3.2998498250941006,1.5460599585387946,206.89355235048743,1.509621928518563,7.427793540278201,3.761700951827044,1.623979877470544
c<D>r<100>R<TYR>,109.57306767051158,1.382209781602703,3.991674124728333,1.8262177945085263,0.6799359397966624,37.989361741754564,2.2941551203944965,5.023723753180499,3.1657801451462135,0.7314003280092781,62.06289943399827,3.200010184334047,6.837798836834443,4.433064245285591,1.0249347219598293,117.32402226356172,1.3244400852314886,3.8833218177265287,1.6071783871720784,0.5675098104785565,132.2315785467085,1.2298595527171405,4.544494718310414,1.7630877139561134,0.6864519180773185,78.6299048250776,2.2447597738186054,6.046280432920526,2.9122186972250965,0.9152594707852355,139.82064303973067,1.2298595527171405,4.544494718310414,1.588870943633303,0.5875525511649002,36.82626437779238,0.013555842396883122,3.739361586939621,0.681967858848007,0.9309045891916895,232.1450474132066,0.4868089536487332,12.91202551434344,4.298982359503826,2.072698402751646,268.971311790999,1.570656756751819,14.932071571862116,4.980950218351833,2.220454749315996,9.518772805387167,0.0732152910526267,3.5327833578395698,0.8653429823079243,1.0554444203547013,77.20319363071258,1.322905561592961,9.11204961904241,7.018472148246598,1.9808342968632557,86.72196643609973,1.7594379546314598,10.364406834005557,7.883815130554521,2.1589542878592685,27.338743173149183,0.0655603066983037,5.154695789373029,1.5188190651749547,1.5638610134604003,167.55221005919384,4.518043843353553,18.97224408668535,9.308456114399657,4.129430382980984,194.890953232343,5.393622791403103,20.346361093700068,10.827275179574611,4.714186771670914,34.73540762192156,0.010307527944485528,3.1288127809193877,0.5343908864911009,0.8028530988989679,263.3119049661316,0.4868089536487332,12.91202551434344,4.050952384094332,1.9527280743900963,298.0473125880531,1.509621928518563,14.932071571862116,4.585343270585432,2.061999226437861,46.15254790830971,0.011242422651020156,3.738060676627798,0.6153673054441294,0.8270697203721745,289.39143616937304,0.4868089536487332,12.91202551434344,3.858552482258307,2.108931134709922,335.54398407768275,1.570656756751819,13.640311250819039,4.473919787702437,2.3161080765062154,23.02434205873875,0.01786007710070958,6.556221889111974,0.6222795151010473,1.198548611435034,217.98263912801917,1.322905561592961,16.996521796249908,5.891422679135653,3.186514933393716,241.0069811867579,1.7594379546314598,17.46947321429993,6.5137021942367,3.6099531076527995,43.00799516435662,0.010307527944485528,3.790967769950372,0.5375999395544577,0.7406026332112207,289.05198926910157,0.4868089536487332,12.91202551434344,3.6131498658637695,2.0361011996352403,332.0599844334582,1.509621928518563,13.640311250819039,4.1507498054182275,2.175440590222956
c<D>r<101>R<ILE>,106.23208350985453,1.3803546667260753,3.870938242260846,1.8315876467216299,0.6895523213218643,33.48428761255027,2.2941551203944965,5.136664523035555,3.3484287612550268,0.9846885686330785,51.47180476413907,3.200010184334047,4.5873370345888365,3.959369597241467,0.40520987700067995,112.94109099512215,1.3244400852314886,3.870938242260846,1.636827405726408,0.6096109412746198,123.0260181580682,1.2290032619507356,3.6706679225849865,1.708694696639836,0.5992442032958764,68.52210326690584,2.2447597738186054,4.382685625177979,2.855087636121077,0.6531218366852874,129.76047936422498,1.2290032619507356,3.6706679225849865,1.5633792694484938,0.5119554419588934,30.95028207685782,0.013555842396883122,3.5498555484733405,0.5429874048571548,0.7820186670011574,251.45792097190997,0.4868089536487332,7.546790548965873,4.411542473191403,1.727836114139468,282.4082030487678,1.570656756751819,7.723077495631547,4.954529878048558,1.728982115019346,7.067928591954393,0.0732152910526267,2.4889896814516987,0.6425389629049448,0.725556104615858,81.51835647234157,1.322905561592961,10.074786399399272,7.410759679303779,2.1154050134179045,88.58628506429596,1.7594379546314598,10.364406834005557,8.053298642208723,2.1179609191573725,18.690416703413774,0.0655603066983037,5.919604497766244,1.3350297645295552,1.5416165669783772,90.94195767420683,4.518043843353553,10.419881585769872,6.495854119586203,1.821214924449599,109.63237437762061,4.940069001630022,10.85660751014197,7.8308838841157575,2.060080390028243,31.300135239460985,0.012385412065997414,3.860176254722626,0.46716619760389533,0.7239984190913188,274.53623330904406,0.4868089536487332,7.546790548965873,4.097555721030508,1.633604139211364,305.8363685485051,1.509621928518563,7.723077495631547,4.564721918634405,1.6387800150010439,37.55766099151201,0.011242422651020156,3.046647384446347,0.4694707623939001,0.6694888086490288,295.3782345555928,0.4868089536487332,7.015943751854138,3.6922279319449105,1.4107175854121112,332.93589554710485,1.570656756751819,7.340086903148844,4.161698694338811,1.4466042548721691,15.937874486221522,0.013381614527986141,2.50358023978849,0.4980585776944226,0.604992466209336,160.07451197524938,1.322905561592961,8.972649147476659,5.002328499226543,1.948640613746952,176.0123864614709,1.7594379546314598,9.128308525232134,5.5003870769209655,2.0961035131373236,37.55663945845752,0.011242422651020156,2.9504291714022397,0.4471028506959228,0.6436697857710562,292.3524597021167,0.4868089536487332,7.015943751854138,3.4803864250251983,1.396427975866335,329.9090991605742,1.509621928518563,7.340086903148844,3.9274892757211215,1.4289912646499303
c<D>r<102>R<PRO>,112.51923804328865,1.3803546667260753,3.991674124728333,1.8445776728407977,0.687398365229214,37.82568994313112,2.2941551203944965,5.023723753180499,3.4386990857391924,0.7836721610029025,55.191357591151124,3.200010184334047,4.5873370345888365,3.9422398279393662,0.37005145200620676,119.21877353823837,1.3244400852314886,3.807584172613659,1.633133884085457,0.5871185050210231,136.3370228274695,1.2290032619507356,3.931014606632397,1.793908195098283,0.6766206840778048,72.27206996478631,2.2447597738186054,4.382685625177979,2.779694998645627,0.5650722119060454,142.8609492435997,1.2290032619507356,3.7182392414642744,1.6234198777681783,0.5852511252753136,37.858981916039916,0.012219490238436492,3.9029459976430534,0.5650594315826853,0.862383048479019,330.7400365360886,0.4865855357666078,9.880840634903507,4.936418455762516,1.8232730959440338,368.5990184521286,1.570656756751819,10.496925894024118,5.501477887345203,1.8343637607224017,7.397419159299672,0.05354863059899273,2.4889896814516987,0.5690322430230517,0.6914532603994721,93.33959940410136,1.322905561592961,9.11204961904241,7.179969184930874,1.8189042263362576,100.73701856340104,1.7594379546314598,9.578706143320119,7.749001427953926,1.874787083845071,20.394373877343646,0.0655603066983037,4.90973819209475,1.1330207709635358,1.2280895824716234,124.79100922085786,4.65502588219465,14.13402507554656,6.932833845603215,2.3213084169473084,145.1853830982015,4.940069001630022,14.470766269838975,8.06585461656675,2.397751819971588,35.98638465800288,0.01307989835324097,3.761450589268545,0.4998108980278178,0.6894855927340919,332.45424420233326,0.4865855357666078,9.880840634903507,4.61742005836574,1.7374874358435999,368.4406288603361,1.509621928518563,10.496925894024118,5.117230956393557,1.7343783111276416,45.64870249226981,0.011604048761484798,3.258166488001474,0.5072078054696646,0.7275639568963388,352.3738195293972,0.4865855357666078,7.117266333771113,3.915264661437747,1.357149734721134,398.02252202166704,1.570656756751819,7.340086903148844,4.422472466907411,1.4075701836912926,16.179077220098026,0.013381614527986141,2.903417404001871,0.44941881166938963,0.610283850270078,176.2860399044,1.322905561592961,8.972649147476659,4.896834441788889,1.853074098455517,192.46511712449805,1.7594379546314598,9.128308525232134,5.346253253458279,1.9775094548213998,43.18147028185169,0.011421259776157378,3.258166488001474,0.4963387388718585,0.702407964850573,319.8174691549332,0.4865855357666078,7.117266333771113,3.6760628638498067,1.3680860326781155,362.9989394367849,1.509621928518563,7.340086903148844,4.172401602721665,1.4135733591374429
c<D>r<103>R<THR>,102.63319360473734,1.3803546667260753,3.9790576694950004,1.900614696384025,0.6674878120912201,48.837705518399325,2.829995793218922,7.545299958832203,4.069808793199944,1.2510718934142293,64.16664731937907,3.414074804378353,5.788560061434899,4.277776487958604,0.6059455631711697,111.28938059117829,1.3265257188282717,3.9790576694950004,1.6610355312116163,0.5801978356636548,127.82272887809305,1.2286753138280302,5.788560061434899,1.8260389839727578,0.7812752275107635,82.68636582875783,2.2447597738186054,5.0444357371938136,2.9530844938842082,0.8238014582624131,135.37239396386929,1.2286753138280302,5.0444357371938136,1.6309926983598708,0.6415820369001676,30.354602754616646,0.012219490238436492,4.827214990339662,0.5727283538606914,0.9888539936685887,262.5045014174908,0.4865855357666078,14.680981718674502,4.952915121084732,2.1915189917614666,292.85910417210744,1.5766768525140797,15.48475321323571,5.525643474945423,2.2197326348483943,10.782084760828955,0.013609552707684713,2.1981075625753554,0.6738802975518097,0.7572673360981568,189.34421664255393,6.448463406723079,18.31518212484025,11.83401354015962,4.492317874271948,200.12630140338288,6.796397437825537,18.413007271940618,12.50789383771143,4.419097003980278,23.776569719206208,0.06569986068215172,8.591394886125581,1.3209205399559005,1.8643470335107948,156.8224809893478,4.65502588219465,15.196250569488711,8.712360054963767,3.7650016497562806,180.59905070855402,4.940069001630022,16.142363084632013,10.033280594919667,3.8557629271651432,31.38137831580556,0.01307989835324097,5.245514136705488,0.560381755639385,0.8717353234268981,258.4621337541429,0.4865855357666078,12.83385320086677,4.615395245609695,1.7771144538731034,289.8435120699484,1.5104110083261433,14.280023717971288,5.175777001249079,1.8909341342609267,39.51455617780672,0.011604048761484798,3.789107911072225,0.5199283707606147,0.7815024139719757,367.3463806303815,0.4865855357666078,15.196250569488711,4.833505008294493,2.984151421258301,406.8609368081882,1.5766768525140797,15.538239461053301,5.353433379055108,3.0172357210695795,21.492343097683502,0.013381614527986141,5.06992643691062,0.6512831241722273,1.024267248958096,221.53551761845017,2.151622053970641,16.189769221077086,6.713197503589399,3.8264475550551866,243.02786071613366,2.943541809310573,16.27425722577702,7.364480627761626,3.869622104411321,39.39233821158661,0.011903245572378651,4.56299022641014,0.5050299770716232,0.8034737692046393,375.48827214002074,0.4865855357666078,15.196250569488711,4.813952206923343,3.043305199437782,414.88061035160734,1.5104110083261433,15.538239461053301,5.318982183994966,3.015754683487694
c<D>r<104>R<PHE>,113.16835554836788,1.3803546667260753,3.7457370008398048,1.855218943415867,0.6617270776723316,47.34889898315632,2.657075622609751,6.277673036574244,3.9457415819296933,0.9963460960055324,57.067795110330906,3.414074804378353,4.949238162038983,4.07627107930935,0.44590118611457946,120.70375624605103,1.3261634624822347,3.7457370008398048,1.6311318411628517,0.5730782603222188,133.43298405657728,1.2290032619507356,3.6386631770647626,1.7556971586391747,0.6387994994298755,75.69841050531099,2.244980027525907,4.848521652204981,2.803644833530037,0.6995590727141978,139.68837751895876,1.2290032619507356,3.6386631770647626,1.569532331673694,0.5028421142702598,39.27354926469715,0.010978166621145036,4.797156043567279,0.613649207260893,0.9893955794804522,322.7990980289753,0.4865855357666078,11.177786182445644,5.043735906702739,1.489690937793595,362.07264729367245,1.9269145044215423,11.188764349066789,5.657385113963632,1.6046079865336995,8.243018021178703,0.01943242776448173,3.035522358954065,0.6869181684315585,0.7841783994760639,110.82648502077298,5.611048610344369,15.348457909226454,9.235540418397749,2.540530418454731,119.06950304195169,6.949499428008922,15.445891009292549,9.922458586829308,2.240804697587675,15.057986083351945,0.49024244578770837,2.880452792263604,1.0038657388901298,0.6436435418876078,104.00848825269549,4.815653245218584,11.00947062994419,6.933899216846366,2.165495524412365,119.06647433604743,5.966244138964549,12.902514679058804,7.937764955736496,2.341488793174308,35.76854186885724,0.010978166621145036,3.554297587839386,0.5419476040735945,0.824121146874318,311.8565646625812,0.4865855357666078,11.335700995398511,4.725099464584564,1.729506909506266,347.6251065314385,1.5104110083261433,11.414855370955948,5.267047068658159,1.7813632358854106,42.49991992565269,0.010025655503446806,3.6631801768750325,0.5312489990706586,0.7245888332554098,333.977728402926,0.4865855357666078,10.0220618867952,4.174721605036575,1.2542335501726616,376.47764832857865,1.9269145044215423,10.179407609556922,4.705970604107233,1.3487816601396534,16.585964393775722,0.01789815555876695,2.842888479187115,0.5923558712062758,0.7222474901978422,145.73726461658237,2.151622053970641,11.00947062994419,5.204902307735084,2.6092278764152264,162.3232290103581,2.8046339858620954,11.940767559526199,5.797258178941361,2.5914257737544752,37.977398727316356,0.010025655503446806,2.9000223946734245,0.48072656616856146,0.6706271474550787,315.9521622704619,0.4865855357666078,10.0220618867952,3.9993944591197708,1.3963669959627403,353.9295609977782,1.5104110083261433,10.07169375324947,4.480121025288332,1.4337311299096402
c<D>r<105>R<GLY>,116.3691492494333,1.3902753036604076,4.315023265551639,1.876921762087634,0.6543016899179646,66.57827030166077,2.2999358011647986,5.327452442960572,3.6987927945367094,0.703531028719119,68.09627789287092,2.1725787992420957,5.179005180410095,3.78312654960394,0.7598865014569375,129.32630738112306,1.3256078863116036,3.697330594760576,1.596621078779297,0.4761994905500125,139.17871207896792,1.225297447748615,3.502739746642881,1.7182557046786162,0.5611232951108461,99.30208066967452,2.1725787992420957,4.848521652204981,2.6838400180993114,0.5985551860523505,151.0104357665002,1.225297447748615,2.9245209586595617,1.510104357665002,0.3407681667645101,39.070616818789965,0.010978166621145036,4.928933540104192,0.5919790427089389,1.0945193636166215,331.9174492209978,1.450389838829551,11.177786182445644,5.029052260924209,1.4577206847578494,370.9880660397877,1.926944818795136,11.39875511728771,5.621031303633147,1.691233456000435,17.982968007627044,0.040022328138428875,4.219178955097188,0.7492903336511268,1.0023636751452263,211.93487999077374,4.4094830369264315,18.424756845946465,8.830619999615573,3.640547170472318,229.9178479984008,4.955962900968226,18.695002282083593,9.5799103332667,3.4361282503136357,22.962994114057388,0.027723084555429267,5.798399990765407,0.7918273832433582,1.0837635665630116,222.70000747735082,3.561808975235408,15.225225939764243,7.67931060266727,3.3297335253685096,245.66300159140823,3.73547800420112,15.458551159568138,8.471137985910628,3.281095192846495,39.16793246834042,0.010978166621145036,5.492845876575572,0.5086744476407846,0.9389145598059945,360.76325595343667,1.450389838829551,11.335700995398511,4.685237090304373,1.7367419636599073,399.93118842177716,1.793286337803607,11.414855370955948,5.193911537945158,1.8144532243924747,44.476122547432226,0.010025655503446806,4.696298356558957,0.5423917383833198,0.8387504338950957,338.3688970923998,0.9981722104873967,10.18473811445076,4.126449964541461,1.4691404158164005,382.845019639832,1.3644355235074408,10.220314833158834,4.66884170292478,1.6320528072769374,32.39648754516755,0.01789815555876695,3.4354774919758064,0.6611528070442357,0.8788925594857162,287.3209915465121,2.058146181640282,16.722921156324958,5.86369370503086,3.2261857006733643,319.7174790916797,2.8046339858620954,16.822458812943395,6.524846512075096,3.134476040169337,42.72130065089797,0.010025655503446806,3.8931724912739405,0.48001461405503343,0.7840187039469124,345.82527231057486,0.9981722104873967,10.18473811445076,3.885677216972751,1.617166998754534,388.54657296147286,1.3644355235074408,10.220314833158834,4.365691831027785,1.6889207630736758
c<D>r<106>R<ARG>,111.47599134162228,1.391375501512707,4.296826535217769,1.9557191463442505,0.7151367415546518,65.18675249105203,2.2951445866089393,6.585550510437407,3.6214862495028908,1.102391579513602,80.8698211290718,2.1725787992420957,5.766725217463342,3.850943863289133,0.8357405460889095,124.72755098482243,1.3256078863116036,3.8620350752126966,1.6411519866424005,0.5608088625802009,146.4913320570497,1.2268023120084766,4.455593848757789,1.8543206589499963,0.7008160790461554,112.16753394116554,2.1725787992420957,5.495855541731195,2.804188348529139,0.7604698515576027,159.00553762458102,1.2268023120084766,4.455593848757789,1.6225054859651125,0.5638990097478793,48.015887093642306,0.010377263482771681,7.028418023455615,0.8730161289753147,1.5715369089463194,318.0367492719687,3.4378745854265276,12.244923081062552,5.782486350399431,1.7646684579086978,366.05263636561097,3.7699932305273274,12.375388504780908,6.655502479374745,2.1361411926411313,16.31586287208445,0.02761678404897694,3.353299720378711,0.741630130549293,0.7759530671730054,228.31006491994538,1.3224283214310084,21.16709102984345,10.37773022363388,5.681538954351607,244.62592779202978,1.7607930180143763,21.19470781389243,11.119360354183172,5.728034481763293,34.5558663467108,0.027723084555429267,7.748100861720207,1.0163490101973764,1.616254321038164,299.66349722361724,3.2671029292669918,23.41877004636791,8.81363227128286,4.363991161695112,334.219363570328,3.302280402992883,23.87670396148468,9.829981281480237,4.3633284079108945,43.45763038916795,0.010479562044546142,6.069259365324163,0.6390827998407052,1.2071440573013943,360.28284180405325,1.22813597592949,12.244923081062552,5.298277085353725,2.2430702190018654,403.74047219322125,1.3069490525626994,12.375388504780908,5.9373598851944305,2.46438112736445,59.43311219090289,0.011626865593992619,6.311883413142214,0.6831392205850907,1.1514697589991225,418.0443508323914,1.420361962076882,10.18473811445076,4.805107480832085,1.782499205545873,477.47746302329426,1.4354935110105167,10.734977184705205,5.488246701417175,1.9817945328921538,42.40202977463114,0.016255550998506507,3.81023851993897,0.6839037060424377,0.8960255781323953,394.87832029394593,1.3224283214310084,17.66719599817441,6.3690051660313864,3.2820322495865484,437.28035006857715,1.7607930180143763,18.60240619687901,7.052908872073825,3.378885946572421,56.258310405324416,0.011552131981483527,6.3449845014695985,0.5625831040532442,1.046239225301449,444.7881022375661,1.22813597592949,10.18473811445076,4.447881022375661,1.9639946681655411,501.04641264289046,1.3069490525626994,10.734977184705205,5.0104641264289045,2.1298044921908
c<D>r<107>R<GLY>,118.50469577562498,1.3138162132503868,4.715676228946347,2.079029750449561,0.9110865550079669,53.425420922847884,2.6461939711545726,6.627205666096739,3.8161014944891347,0.9581853263395631,78.69196676901906,2.203330476030671,5.234756367873971,3.7472365128104315,0.6116821602828109,129.57848596744734,1.2229721296073786,4.715676228946347,1.7997011939923242,0.8505060797978673,148.48850431088724,1.225297447748615,4.566070456322702,1.8796013203909776,0.7647449425291405,99.86096638055965,2.203330476030671,5.7140811311939395,2.7739157327933235,0.7629637958647434,159.22995058592036,1.2229721296073786,4.566070456322702,1.6939356445310676,0.7097902087502402,40.29899484974065,0.010479562044546142,4.928933540104192,0.4741058217616547,0.8111381936216211,516.3630573007421,0.7563322746282779,13.425302910633846,6.0748594976557895,2.479826238035321,556.6620521504826,0.8095221652493902,13.665173907291422,6.548965319417443,2.5743288677060794,16.57547530578619,0.04841097500254321,4.7219282446296145,0.9750279591638934,1.307514701310703,140.77911127436028,4.308202178640848,17.378412244077058,8.281124192609427,3.327344512503695,157.35458658014647,4.955962900968226,17.837432010155354,9.256152151773321,3.185910463458994,31.656547168701405,0.014516929138032708,4.283881581614509,0.8555823559108487,0.8736509788080788,273.69879463156855,3.2671029292669918,17.377802792344838,7.397264719772123,3.1878539035024467,305.3553418002699,3.302280402992883,17.413006293289804,8.25284707568297,3.0479748487320224,38.8039502710586,0.010479562044546142,4.540799165306552,0.4512087240820768,0.7086315969537555,490.5295910171713,0.6158888438876602,16.46598653520076,5.7038324536880385,2.898268652869537,529.3335412882301,0.8095221652493902,16.500159372336427,6.1550411777701175,2.962669263613437,52.05081500408942,0.010025655503446806,5.746604479479759,0.47753041288155434,0.8076275049473908,508.75323281813075,0.7563322746282779,11.230283065241853,4.667460851542484,1.796400618594197,560.8040478222202,0.8095221652493902,11.667517515500748,5.144991264424039,1.9454976014663332,33.06308858284419,0.011211391617210964,3.270771759456383,0.6482958545655723,0.8487103354238873,293.1181737146828,2.1382057094097604,17.12817184895434,5.747415170876134,3.3220249096718066,326.1812622975271,2.8046339858620954,17.172829197803846,6.395711025441708,3.2804694326590784,50.44392985911703,0.010025655503446806,5.746604479479759,0.44249061279927215,0.7735151852835725,534.4477704709766,0.6158888438876602,16.46598653520076,4.688138337464707,2.4607673805225017,584.8917003300936,0.8095221652493902,16.500159372336427,5.130628950263979,2.5116522267806656
c<D>r<108>R<THR>,131.36322108280447,1.3138162132503868,4.715676228946347,1.8766174440400638,0.6716830800310807,72.31360373656528,2.199409480267446,4.829318092769254,3.443504939836442,0.6132516034856602,76.64488161965299,2.203330476030671,4.319802212142875,3.6497562676025233,0.5177123737544573,150.8155251680481,1.2229721296073786,4.715676228946347,1.6392991866092186,0.5980406827121444,159.93784361346107,1.2266289689658882,4.02117533671643,1.7384548218854463,0.5822532973765986,112.82268509463667,1.5963252383873867,3.809500410243174,2.623783374293876,0.40681295182447613,177.44364728234098,1.2229721296073786,3.809500410243174,1.5565232217749208,0.46003922567996286,47.04385330001394,0.010479562044546142,5.616445079154524,0.49519845578962046,0.8334513892465817,502.9266416793505,0.7563322746282779,13.425302910633846,5.293964649256321,2.302206318710092,549.9704949793645,0.8095221652493902,13.665173907291422,5.789163105045942,2.3849563321711,21.04649159261982,0.04841097500254321,4.7219282446296145,0.7794996886155489,1.0090715888439727,181.41140931626006,1.3080470068061913,16.401890579147448,6.71894108578741,2.785166275456761,202.45790090887994,1.6681947561714312,16.533086441550175,7.498440774402961,2.7988109392960996,30.857811443236923,0.02531218193355045,3.296998411280793,0.7912259344419724,0.6934079452893638,236.41129016444052,3.2671029292669918,9.558708219062517,6.061827952934372,1.378146483875367,267.2691016076774,3.302280402992883,10.79174713723398,6.853053887376343,1.4199116357191572,56.59355695165388,0.010304187593062508,5.9304809220926025,0.5716520904207463,0.997943215267862,470.76317860852015,0.5862809818809183,13.425302910633846,4.755183622308285,2.27398552976022,527.356735560174,0.8095221652493902,13.665173907291422,5.3268357127290304,2.4434353233173436,56.36748906223964,0.010768403169248764,3.457398444859491,0.44383849655306806,0.6577973176292292,533.0767365421511,0.7563322746282779,10.18473811445076,4.197454618442135,1.5951719470160932,589.4442256043906,0.8095221652493902,10.220314833158834,4.641293114995201,1.644749190360293,41.504359583683744,0.011176835739176383,5.19098578483808,0.6194680534878171,0.9597343293682591,284.7604342285924,1.3080470068061913,8.677981776153352,4.25015573475511,1.6185822196848432,326.2647938122761,1.6681947561714312,9.683244088579645,4.869623788242927,1.7460651565072396,59.47388767934528,0.011510908644110529,4.1340392371390475,0.4471720878146262,0.7259372979220954,529.446390144234,0.5862809818809183,10.18473811445076,3.980799925896496,1.701062573776046,588.9202778235795,0.8095221652493902,10.220314833158834,4.427972013711123,1.7004883156854103
c<D>r<109>R<SER>,117.33854256270321,1.3138162132503868,4.677942164463145,1.9556423760450534,0.7592435165431575,57.78275544423803,2.199409480267446,6.375292628906439,3.6114222152648767,0.9219594455003005,70.04564818973745,2.715878179748138,4.272211626037826,3.6866130626177607,0.44619817887128677,126.59493114510053,1.2229721296073786,4.159111483248768,1.6440900148714355,0.6194305824369698,140.460450412378,1.2266289689658882,3.675241501576171,1.755755630154725,0.5996876599415131,92.3955832486734,1.5963252383873867,3.6150258252283574,2.5665439791298166,0.39435467125168705,148.90478686048598,1.2229721296073786,3.675241501576171,1.5351008954689276,0.4432989262326896,40.69102717463343,0.01018905087235078,4.897314843212868,0.5150762933497903,0.856608365827788,423.6706175478873,0.7563322746282779,13.425302910633846,5.362919209466927,2.2018876485174306,464.36164472252074,0.8095221652493902,13.665173907291422,5.877995502816718,2.409118633102748,19.222332270052704,0.046147458744862035,6.0182248584981295,0.8737423759114865,1.281570291314728,172.3073959611482,1.3080470068061913,19.11260933317186,7.832154361870372,4.657323348088517,191.52972823120095,1.6681947561714312,19.94973991377715,8.705896737781861,4.878924065646962,32.09405239037211,0.02531218193355045,4.449576088743793,1.0029391371991285,0.9713466181207974,191.6193974410777,3.7274251977920727,9.357523527020604,5.988106170033678,1.2273469251748443,223.7134498314498,5.232028622958602,10.79174713723398,6.991045307232806,1.3086671622719988,40.01936293952631,0.01018905087235078,5.415333584002697,0.48804101145763795,0.8971970622478141,386.6726783718127,0.6158888438876602,13.425302910633846,4.715520467948935,2.1874673055491254,426.69204131133904,0.8095221652493902,13.665173907291422,5.203561479406574,2.4129393989170707,42.69926231404476,0.01018905087235078,3.917924713309742,0.4269926231404476,0.6256153454653016,402.9128865870018,0.7563322746282779,7.726583132168017,4.029128865870018,1.4479135139753765,445.6121489010466,0.8095221652493902,8.997973770562858,4.456121489010466,1.5657336597421294,31.683460308787964,0.011176835739176383,5.158349138794165,0.6741161767827226,1.0435389091773162,186.16113357283103,1.3080470068061913,8.345747922460319,3.9608751824006605,1.6217940535770288,217.844593881619,1.6681947561714312,9.65060744253573,4.634991359183383,1.753112131206932,41.79142099486897,0.01018905087235078,3.917924713309742,0.4221355656047371,0.7321836583634623,370.61016094459677,0.6158888438876602,8.345747922460319,3.743536979238351,1.5973286662549366,412.4015819394658,0.8095221652493902,8.388295561441282,4.165672544843089,1.6607209331155988
c<D>r<110>R<LEU>,125.95450954666282,1.384006881054999,3.9688516377738163,1.879918052935266,0.6340031264754227,51.49314012334396,2.199409480267446,4.19550425758412,3.432876008222931,0.5550406727871072,71.35334515109906,2.6265025831874382,4.721978091640584,3.755439218478898,0.5179809848792972,134.6813310457613,1.2568987617002711,3.9688516377738163,1.622666639105558,0.5334086298059028,153.44606652151947,1.2266289689658882,3.9688516377738163,1.763747891051948,0.5925235353636187,90.66731349655117,1.5963252383873867,3.43719700732989,2.5904946713300334,0.3851027383606076,161.4671755196519,1.2266289689658882,3.9688516377738163,1.5676424807733194,0.4783700203202314,49.397813407522264,0.01024528371620903,2.770706049866819,0.5369327544295899,0.6756590441931101,461.9625864959072,0.48844103072611134,7.971600580966026,5.021332461912035,1.2072043703346018,511.3603999034294,1.5855800309461756,8.06026387969613,5.558265216341624,1.2078352115677855,16.003782505482818,0.044725975340366375,2.600842367713847,0.8001891252741409,0.7600382185998216,119.61155000819153,1.3080470068061913,8.200766696732046,5.980577500409576,1.522066799937846,135.61533251367436,1.6681947561714312,8.497101983411461,6.780766625683718,1.4871505211983664,26.302335385145803,0.0383703389641612,2.445446719840125,0.8767445128381934,0.5564719684074934,172.94856218157247,4.524861387299325,9.831713686897238,5.764952072719082,0.9355197123592884,199.25089756671832,4.8639819171048915,10.348546490637581,6.641696585557278,0.8210845356327506,49.7419840486869,0.01024528371620903,2.8560978239609067,0.5181456671738219,0.6053737903236571,436.62338693316093,0.48844103072611134,7.971600580966026,4.54816028055376,1.2321473044752143,486.36537098184783,1.5855800309461756,8.06026387969613,5.066305947727582,1.2871652676914296,55.11228153347228,0.011077467870302282,3.2212928419391993,0.4792372307258459,0.6066440950823642,478.30770962613104,0.48844103072611134,7.971600580966026,4.159197475009835,1.2677657080929379,533.4199911596033,1.5855800309461756,8.06026387969613,4.638434705735682,1.2809876983281592,28.791533397446152,0.012220584792709488,2.9218540878262296,0.587582314233595,0.8325439389216542,184.1110456468616,1.3080470068061913,10.187515950791173,3.75736827850738,1.6564704976456501,212.90257904430774,1.6681947561714312,10.361114925820871,4.344950592740974,1.6206485098317966,55.124005125215504,0.011150878318386681,2.9156674318662352,0.4835439046071535,0.6493586629031131,440.08465754999276,0.48844103072611134,7.971600580966026,3.8603917328946733,1.3868326765523074,495.20866267520825,1.5855800309461756,8.06026387969613,4.3439356375018265,1.4047176779772854
c<D>r<111>R<ILE>,116.36112463821965,1.3554535103666736,4.242004825961878,1.9722224514952482,0.7248521776211645,57.79257748308737,2.142319599959861,4.549209707620287,3.399563381358081,0.7097216708618967,64.39476359423851,2.810484313948508,5.108600032551986,3.787927270249324,0.5234240156539385,127.26064136132088,1.2568987617002711,4.242004825961878,1.6527356020950763,0.5986934231512,139.27506514845595,1.2266289689658882,4.001946482484286,1.8087670798500772,0.6308694613979794,93.54493757323303,1.5963252383873867,4.297529884903267,2.6727125020923723,0.5262033447419064,149.7899214478606,1.2266289689658882,4.001946482484286,1.5767360152406378,0.5019943699730657,44.165946681743776,0.01024528371620903,3.035529986690147,0.6309420954534826,0.7416738840904886,355.68421813273994,1.214758543590733,10.765476073617037,5.0812031161819995,1.3920877874163542,399.8501648144838,1.336363975543521,10.865712076874608,5.712145211635483,1.4092417917483477,16.911440888086787,0.031020624017832787,2.5178251480032046,0.8455720444043393,0.752708086131153,136.9730337991894,1.3080470068061913,15.752903369434762,6.84865168995947,2.6646275720854122,153.88447468727617,1.6681947561714312,15.807170112694521,7.694223734363808,2.5455830991506674,19.92294077021273,0.04437887825056208,1.7711842265851807,0.6869979575935424,0.4562606898092275,188.87869998729036,4.435977967507824,14.212555090603075,6.513058620251392,2.205216073786153,208.80164075750312,4.559035930385984,14.697618442246245,7.2000565778449355,2.221908330589534,43.01006024916369,0.01024528371620903,2.8560978239609067,0.581217030394104,0.6891692616268288,337.86888022148264,0.47559963291951135,10.765476073617037,4.565795678668684,1.3665357944443974,380.87894047064634,1.3027130051992728,10.865712076874608,5.147012709062788,1.4290270825362867,51.75718952816606,0.01209429766155079,3.298737590742384,0.5815414553726523,0.6995796661389129,342.21575150672084,1.214758543590733,6.627643530531316,3.8451208034463016,1.029544989446326,393.972941034887,1.336363975543521,7.323023691641801,4.426662258818955,1.1380751234899475,30.02062019969307,0.012220584792709488,4.569830222838389,0.6126657183610831,0.9172883335231028,179.29545297894458,1.3080470068061913,8.994025723480263,3.659090877121318,1.4182039858228415,209.31607317863765,1.6681947561714312,9.992961148665925,4.271756595482401,1.6467165485996234,49.42871015892841,0.011150878318386681,3.001455790668018,0.5553787658306563,0.6813932813647107,311.2901766176246,0.47559963291951135,6.24773296118201,3.4976424339058942,1.1070700934909137,360.71888677655306,1.3027130051992728,7.025741891567435,4.053021199736551,1.2204340811195409
c<D>r<112>R<VAL>,126.06057460065107,1.3554535103666736,3.4650240129892915,1.8008653514378723,0.5178558924325269,61.30803478867553,2.142319599959861,4.262688214892644,3.406001932704196,0.5171056114024163,65.6087639636451,2.810484313948508,4.337973855368689,3.6449313313136167,0.40153260394976775,137.89950368320947,1.3209999784114257,3.4650240129892915,1.549432625654039,0.3904819904021371,149.5002676417664,1.223221632612509,3.314596037003094,1.679778288109735,0.4918608036688164,95.78710472564991,2.142319599959861,3.4001277870427677,2.5888406682608083,0.30725595028857877,160.49590998719643,1.223221632612509,3.314596037003094,1.486073240622189,0.31357667639699877,45.28473110575764,0.01024528371620903,3.1812238833699595,0.5522528183628981,0.7232132022230067,362.39695035542024,1.214758543590733,7.00270884252609,4.4194750043343936,1.2596071594401903,407.6816814611779,1.336363975543521,7.052312191394549,4.971727822697291,1.3022751174228946,18.854465644429887,0.031020624017832787,5.52523555443269,0.9923402970752572,1.276385844542115,132.73152378809033,5.173827240976664,9.908596727638951,6.985869673057386,1.3953079668814445,151.5859894325202,6.033664034760173,10.699062795409354,7.978209970132641,1.465770442219836,22.377554020856365,0.024334662499553517,7.0184995196070865,0.7991983578877273,1.2516792339758673,178.0636067112453,4.435977967507824,12.171775059997572,6.359414525401618,1.5467337083516264,200.4411607321017,4.559035930385984,12.270591547258174,7.158612883289346,1.7309983280681123,45.93993610993384,0.01024528371620903,2.646770372447122,0.5469040013087362,0.6457710425477332,346.59619871016173,0.47559963291951135,6.079505214321443,4.12614522274002,1.1382838017064552,392.5361348200955,1.3027130051992728,6.11716255384246,4.673049224048756,1.118778167081038,52.10610321282903,0.010188004064836775,2.553462856938715,0.4915670114417833,0.6431194762135085,378.8920493522131,1.214758543590733,6.445359783905587,3.5744532957755957,0.9836706917569021,430.9981525650422,1.336363975543521,6.461268060639843,4.066020307217379,1.022977707791554,30.617511465170487,0.012220584792709488,7.904860838308654,0.6803891436704552,1.3139728149878496,159.61767547038477,1.9077625354404972,10.636649443107672,3.5470594548974392,1.5337578405230154,190.23518693555525,2.451642238937956,10.861035031108527,4.227448598567895,1.731033101178812,52.49912464907668,0.011150878318386681,2.6951650107010767,0.5468658817612154,0.6880029463324564,316.8164695327363,0.47559963291951135,6.052590899742654,3.3001715576326696,1.0756383954352562,369.3155941818129,1.3027130051992728,6.115688863642848,3.8470374393938847,1.073852260910998
c<D>r<113>R<HIS>,113.79940943154978,1.3554535103666736,4.26495652330983,1.9620587833025824,0.7897017687316378,59.468687896102956,2.142319599959861,5.7213618535569815,3.7167929935064348,0.7855805217605425,57.52779160423623,2.1891951597697044,4.337973855368689,3.5954869752647642,0.6209044154378597,126.47155870802038,1.3209999784114257,4.10539877125068,1.6862874494402718,0.6559880249010298,133.75932694554504,1.223221632612509,3.9242086953849435,1.7834576926072672,0.6608949778353179,88.66256622294314,2.142319599959861,3.7174558880671933,2.686744430998277,0.41270185717889185,145.14574602318615,1.223221632612509,3.5855825598441897,1.5776711524259364,0.47862701431720595,36.851002127765604,0.01024528371620903,3.035529986690147,0.5190281989826141,0.7006224377206034,381.13522844586964,1.214758543590733,16.876976718460355,5.368101809096755,2.6761942281719224,417.9862305736352,1.336363975543521,16.907955445429486,5.887130008079369,2.658815529032587,16.38777718298646,0.031020624017832787,4.34789024419395,0.7448989628630209,1.0297976546388607,190.59580221600345,5.5014039810960185,19.52894715837192,8.663445555272885,2.9239366612440687,206.9835793989899,6.033664034760173,19.674430992586817,9.408344518135904,2.862923740602971,19.259927259773086,0.024334662499553517,5.195277383934819,1.2037454537358179,1.5556206065738238,129.62534584620562,4.435977967507824,15.4147862096263,8.101584115387851,3.4456740824117524,148.88527310597868,4.559035930385984,15.987969780315158,9.305329569123668,3.8873310616475694,37.36446858759156,0.01024528371620903,3.099375707946743,0.5189509526054383,0.7384582437679055,353.48087692271747,0.47559963291951135,16.876976718460355,4.909456623926632,2.4008412459269994,390.845345510309,1.3027130051992728,16.907955445429486,5.42840757653207,2.264764804756629,39.77108043157227,0.010188004064836775,2.615691021970626,0.446866072264857,0.5896311691068001,360.8025484487732,1.214758543590733,12.966692910454185,4.053961218525542,1.8985196862214546,400.5736288803455,1.336363975543521,13.007899201600093,4.500827290790399,1.898985233312565,26.493744440476238,0.01177784780089386,4.14717621454929,0.6308034390589581,0.9883884772176097,211.55072944479502,2.0999301917663615,10.970103033579107,5.0369221296379765,2.178029631152409,238.04447388527126,2.505879146930194,11.222490377872646,5.667725568696935,2.3361287664543293,41.465364233473,0.011972633147910194,2.8586561605041982,0.5183170529184125,0.6740327966190776,312.77835055785204,0.47559963291951135,9.012452036507057,3.9097293819731505,1.7884107798181024,354.2437147913251,1.3027130051992728,9.027697482094275,4.428046434891564,1.6297624708713019
c<D>r<114>R<PRO>,109.48713740584017,1.3554535103666736,4.047884635853899,1.887709265617934,0.7113233268136564,60.15765283667778,3.2626426270863305,5.7213618535569815,4.0105101891118515,0.8087671086086042,57.034846676352245,2.1891951597697044,5.779649425957621,3.802323111756816,0.8144064132799091,120.67132714819027,1.3209999784114257,3.6256230705991395,1.6306936101106793,0.5352539926206152,130.94800671742814,1.223221632612509,3.680197856859673,1.7695676583436235,0.6457039515999891,87.9552576897436,2.1891951597697044,4.37352562493913,2.837266377088503,0.5970224741968782,141.21646111429885,1.223221632612509,3.4745619232374567,1.5690717901588762,0.4475363370402444,31.100908140333978,0.01078581781728083,2.143832080554116,0.47847550985129195,0.6000428387657143,338.9775936783219,1.214758543590733,11.986648604569382,5.215039902743414,2.0971075594625908,370.07850181865587,1.336363975543521,12.132830780927772,5.693515412594706,2.0773692854614865,16.461276514124606,0.010744185339412127,3.536712422550245,0.8230638257062303,1.0164213859545743,216.7542594017143,5.551810116315437,17.298804712391075,10.837712970085715,3.687235379805138,233.2155359158389,6.033664034760173,19.657624288456482,11.660776795791945,3.8510079514656326,21.130286062547498,0.19966445211058215,7.618785646084643,1.4086857375031665,1.9548571271702209,109.44208730427385,4.5839344284977415,14.455573514660728,7.296139153618257,2.7326651926697263,130.57237336682135,5.924350012799294,15.497243176012027,8.704824891121424,3.1442032866653395,32.533104310646934,0.01078581781728083,3.099375707946743,0.5083297548538583,0.6999193272661863,304.39154471318284,0.5807282019668492,11.986648604569382,4.756117886143482,1.8735773166057608,336.9246490238298,1.3190016887259373,12.132830780927772,5.26444764099734,1.7948581622855637,35.772955053519,0.01078581781728083,3.121440696839981,0.4111833914197586,0.590105144899875,383.8346424351214,1.214758543590733,12.173474324116114,4.411892441783005,2.1397802611480556,419.6075974886404,1.336363975543521,12.198275985122265,4.823075833202763,2.1057913295474777,25.66772481657693,0.01177784780089386,5.297736655962282,0.6581467901686392,1.13071849605113,223.26861804888222,2.0999301917663615,16.45090530015659,5.724836360227749,3.0930025660974465,248.93634286545912,2.505879146930194,16.957144505136206,6.382983150396388,3.3590262538337052,40.59164297010979,0.01078581781728083,2.6928819698385826,0.5204056791039716,0.6905109107935011,325.29817992622156,0.5807282019668492,11.986648604569382,4.17048948623361,1.8800387017321818,365.8898228963314,1.3190016887259373,12.132830780927772,4.690895165337582,1.795541402677964
c<D>r<118>R<ASN>,64.42053050193327,1.3849233874128613,6.440802944500655,1.952137287937372,1.0027320019054258,20.96240757785127,2.9120291817752633,4.360428790910633,3.493734596308545,0.4623006257738415,49.36265163771257,3.095875863074029,5.779649425957621,4.487513785246597,0.7638559607936264,68.69050159099143,1.3251933747834814,6.440802944500655,1.7172625397747858,0.9123934466020985,81.48381350323936,1.2266452728149568,3.924252779072349,1.810751411183097,0.7611673011435584,55.80936853945266,2.241684643559908,5.779649425957621,3.100520474414037,0.9968088658076838,85.21255245305872,1.2266452728149568,3.924252779072349,1.6387029317895907,0.6674505330554596,10.184651419854983,0.011494092481471263,1.345349578176375,0.424360475827291,0.44540807245012864,156.87773325356375,1.4629269142542398,14.342796570086648,6.536572218898489,4.118397581689312,167.06238467341873,1.582585244749671,15.242927902550157,6.960932694725781,4.28792660136623,0.16268657362397754,0.011554112033087094,0.15113246159089044,0.08134328681198877,0.06978917477890167,15.790808758845742,6.974527031344223,8.816281727501519,7.895404379422871,0.9208773480786476,15.95349533246972,7.125659492935114,8.827835839534606,7.97674766623486,0.851088173299746,11.727018207013714,0.011453841373942453,2.90192858403611,0.9020783236164396,0.7339871565953534,128.4505633178842,5.183776693805157,16.136819587562968,9.88081256291417,3.2567733232803073,140.1775815248979,5.857236962267622,16.14827342893691,10.782890886530607,3.5329930180797637,9.577559006096777,0.037653532172960524,1.3274699592609753,0.4353435911862171,0.4213293209950916,155.09850870909395,0.5806625250124853,14.342796570086648,7.049932214049725,4.311109536695507,164.6760677151907,1.5166692798098287,14.466747505228208,7.485275805235941,4.356044255563588,12.814490196686208,0.011494092481471263,2.3388439051273746,0.29801139992293507,0.44542031580356495,232.59542390214665,1.4629269142542398,14.342796570086648,5.409195904701085,3.642284264531185,245.40991409883287,1.582585244749671,14.646806270698429,5.707207304624021,3.68202330711659,7.921880092393751,0.02067203906923254,1.6140593022411114,0.37723238535208337,0.4291113096290917,123.67172775437848,2.396111839891091,13.541954785256166,5.8891298930656415,3.6162537026459187,131.59360784677224,2.57540483247234,14.257610454532477,6.266362278417726,3.837395559709512,13.120969128765857,0.01206659122964826,2.3388439051273746,0.31240402687537755,0.4807774760863198,229.1576612871495,0.5806625250124853,14.342796570086648,5.456134792551178,3.696119496622185,242.27863041591536,1.5166692798098287,14.466747505228208,5.768538819426556,3.701843044863172
c<D>r<119>R<PRO>,78.70044257367545,1.4930265801041063,5.788295091864217,1.9195229896018402,0.8481638927486653,33.89885773050678,2.795326518232998,4.4372017478205565,3.389885773050678,0.4773653013502751,55.32472114817642,2.191329214055157,4.6542115146822365,3.4577950717610264,0.7292906384094996,85.49578686659946,1.325880213867188,5.788295091864217,1.644149747434605,0.7447144528583304,99.20539436311145,1.2266452728149568,5.6531403713132855,1.7104378338467492,0.7489309018532082,70.22675922743223,2.191329214055157,3.3262985298124383,2.60099108249749,0.3794441483133128,105.48635438546108,1.2266452728149568,5.6531403713132855,1.5287877447168272,0.6218583859137488,17.092786522220706,0.011494092481471263,3.0795385618875564,0.449810171637387,0.6965436316731759,211.47890661191468,1.459531681198314,14.996662039910916,5.565234384524071,3.1145627803752447,228.57169313413542,1.5784665473691175,15.242927902550157,6.015044556161459,3.3076982165960476,7.46670202101533,0.10409177670430836,6.562915657382948,1.8666755052538324,2.7201275393826077,30.576610612153672,5.958814527773939,8.740373350717164,7.644152653038418,1.0535676355291563,38.043312633169,6.1019203660650945,14.166645708088911,9.51082815829225,2.940835038525958,15.72732944173445,0.011453841373942453,7.503781644746303,0.9251370259843794,1.7137856340428006,124.12076905609956,4.025614921211854,16.136819587562968,7.301221709182327,2.9843270716982104,139.848098497834,5.0747515764373965,16.14827342893691,8.226358735166706,3.0237631802290297,16.98767198438729,0.012453249872301342,3.0795385618875564,0.4591262698483051,0.7142922545964844,199.08016908425543,0.5806625250124853,13.023131060577725,5.380545110385282,2.8652808904789793,216.06784106864274,1.5166692798098287,13.450524204359635,5.839671380233588,3.001019760303173,20.655146504086524,0.011494092481471263,3.3990014022017956,0.33314752425946004,0.5624384378892455,270.03566257202056,1.459531681198314,14.996662039910916,4.355413912451945,2.5442234019181957,290.69080907610703,1.5784665473691175,15.095709936666664,4.688561436711404,2.699389067171324,13.810924101215518,0.016270896413209,6.0976678202645225,0.3945978314633005,1.0411191218470948,158.62839736416936,2.396111839891091,11.420986767939212,4.532239924690553,2.209269184334865,172.43932146538486,2.57540483247234,11.43725766435242,4.926837756153853,2.368609448704508,20.70123282531237,0.01206659122964826,3.3990014022017956,0.3450205470885395,0.5724335165312041,245.0502668029858,0.5806625250124853,12.40728809720622,4.084171113383096,2.1577395879183796,265.7514996282982,1.5166692798098287,12.421546484700244,4.429191660471636,2.300395299874023
c<D>r<120>R<ASP>,81.66616595218579,1.3538478066855644,4.0002027950010515,2.094004255184251,0.8145002514699656,36.92879690884096,2.1420689861777515,6.42576451630624,3.6928796908840957,1.1293840618128566,47.14059879507901,2.191329214055157,5.082933521332268,3.6261999073137696,0.8338931268973163,86.731034184538,1.3211263149640473,3.9262716905019746,1.73462068369076,0.6934050844190872,99.83654205471592,1.2294125277263683,4.0002027950010515,1.8837083406550175,0.7645710441674748,64.2312466337122,2.1420689861777515,4.318667867127674,2.676301943071342,0.48636416560693885,103.85677473367515,1.2294125277263683,3.9262716905019746,1.6227621052136743,0.5888541024476666,18.573647477537037,0.012756404444683511,2.5077014745202355,0.45301579213504967,0.6262528052346392,201.1008327756972,1.213883275414446,8.863811596611413,4.904898360382859,1.6664335234485856,219.67448025323424,1.3347588628247005,9.0739808383527,5.357914152517909,1.8627210112934647,3.524038484291517,0.03288965007880584,1.2316106396964521,0.44050481053643964,0.4060110888631051,71.676774579636,5.958814527773939,11.691717491810778,8.9595968224545,2.021891793159009,75.20081306392751,6.1019203660650945,12.545824243671529,9.400101632990939,2.1754654330245398,11.6335896177407,0.044298999013919094,1.8186627761630376,0.7755726411827133,0.5384449627990843,96.1563704879145,4.025614921211854,11.319058399232745,6.4104246991943,1.7294713419337244,107.7899601056552,5.0747515764373965,11.405652215911097,7.185997340377013,1.6836837559194318,20.475207001717855,0.012453249872301342,2.661109575692471,0.5118801750429464,0.6552263795383765,181.172665299463,0.47520056173743797,6.6798029996725745,4.529316632486575,1.4927706880552325,201.64787230118088,1.301311996180599,9.0739808383527,5.041196807529522,1.6602901670384955,24.545560353709725,0.010453206076357802,4.357402399884111,0.3896120691065036,0.64509703500428,244.75072921456194,1.213883275414446,7.984090430397373,3.8849322097549517,1.4444331656034606,269.2962895682717,1.3347588628247005,8.086926277074962,4.274544278861455,1.5452147892127168,10.704212611881173,0.019126158525248016,2.7067325207340254,0.396452318958562,0.5937124506994704,119.74543350016302,2.368019055703371,8.740373350717164,4.435016055561594,1.9841211971573631,130.44964611204418,2.532440649842665,8.870526886487223,4.8314683745201545,2.051669660531432,24.76537693193294,0.010453206076357802,4.357402399884111,0.4269892574471197,0.6898061847437118,209.45104017031372,0.47520056173743797,6.641551194366912,3.61122483052265,1.390295995270907,234.21641710224668,1.301311996180599,7.446300743975181,4.03821408796977,1.5010076936134782
c<D>r<121>R<PRO>,121.95030807876063,1.3851027056142051,3.9887325865459577,1.8761585858270866,0.7190358443755318,50.404962288743,2.717909793872566,6.42576451630624,3.877304791441769,1.0083869328656907,77.11324586631845,2.191329214055157,5.789366647259035,3.6720593269675454,0.8915519104351718,129.37436203698783,1.3250743531300317,3.9648920454341154,1.6376501523669347,0.5733882382155251,151.54523025400619,1.228897489095406,3.9648920454341154,1.74189919832191,0.6196065891751786,94.16065904311282,2.191329214055157,4.318667867127674,2.6903045440889377,0.4824666404472714,158.39305771371713,1.228897489095406,3.9648920454341154,1.568248096175417,0.47696179255859045,44.82869409848493,0.01002319355752146,4.683443063027898,0.5401047481745173,0.8364313604478417,390.9676621684339,0.4863126431891942,12.03963535373805,4.710453761065469,1.5813732613222902,435.7963562669188,1.5761480134847012,12.063384405345143,5.250558509239985,1.6155816102163287,9.498471721827762,0.03288965007880584,2.7238576160027916,0.6332314481218508,0.7805780726540803,137.58413627867867,5.128388285042092,15.914105160531108,9.172275751911911,3.1763237344057456,147.0826080005064,6.1019203660650945,18.124855326502406,9.80550720003376,3.3654935541528745,30.787409318709848,0.014212358406934023,7.027256676160185,0.9931422360874145,1.2702794538531443,201.2642323673481,4.025614921211854,12.822608280510394,6.492394592495099,1.9187386284080867,232.0516416860579,4.782700895516365,19.84986495667058,7.4855368285825135,2.7331583477332333,43.85431814717761,0.011785432948260954,4.653447639374399,0.46653529943805966,0.7545759439044861,404.6031416536953,0.4863126431891942,9.124857128632357,4.304288740996758,1.3086877447250018,448.45745980087287,1.5101975383260906,9.236303945677378,4.7708240404348174,1.3971047812864308,51.531237896499285,0.010453206076357802,4.357402399884111,0.4367054059025363,0.6490863492827403,467.03942049487705,0.4863126431891942,7.984090430397373,3.9579611906345513,1.2675607819234316,518.5706583913764,1.5761480134847012,8.086926277074962,4.394666596537088,1.3064817311249517,29.558120873850594,0.013598074444072683,10.074639694256202,0.6717754744056953,1.5731114301192617,189.60548612144248,1.9401285133290003,9.445794526476675,4.309215593669148,2.077001445285126,219.16360699529307,2.5014773029922197,16.871872975209353,4.980991068074842,2.7203763338268048,49.86037637808413,0.010453206076357802,4.357402399884111,0.41206922626515813,0.6315655616317551,438.3646783891945,0.4863126431891942,7.612771048728973,3.6228485817288805,1.2628133705730793,488.22505476727866,1.5101975383260906,7.646297975666844,4.034917807994039,1.3175641473552542
c<D>r<122>R<ALA>,137.44651543300023,1.3538478066855644,3.8180765706773,1.739829309278484,0.5684439911199627,50.55406272436868,2.1420689861777515,6.42576451630624,3.6110044803120482,0.9682157442277146,61.29083483748141,2.191329214055157,5.082933521332268,3.6053432257342006,0.7620607136399732,144.25539087442803,1.3211263149640473,3.7561331511641116,1.5346318178130642,0.42509981958392223,159.03926790954606,1.227771725279343,3.7561331511641116,1.6395800815417119,0.5034942550267317,83.81488622619635,2.1420689861777515,4.318667867127674,2.619215194568636,0.4300402104077836,165.13152796423304,1.227771725279343,3.7561331511641116,1.474388642537795,0.3255103237165459,53.42065617217256,0.01002319355752146,4.936362828690125,0.5342065617217256,0.8264629839041154,433.1907313823049,0.4853990567398796,8.863811596611413,4.331907313823049,1.4988936179727803,486.61138755447746,1.3347588628247005,9.0739808383527,4.866113875544775,1.4897740532652117,9.35984223499865,0.03288965007880584,2.7238576160027916,0.6239894823332434,0.7128800346342857,130.96987418039043,5.128388285042092,18.560596651474043,8.731324945359363,3.3895708459145864,140.3297164153891,6.1019203660650945,19.009636842236645,9.355314427692607,3.2714059267441487,21.95053211740476,0.044298999013919094,2.1001713575866754,0.9543709616262939,0.5796844624974532,136.781362454788,4.025614921211854,9.6353569767316,5.9470157589038255,1.4197585954457177,158.73189457219277,4.782700895516365,10.513506316996747,6.9013867205301205,1.5159645188058901,52.9743135587396,0.010939255440344908,4.974660557664656,0.47298494248874645,0.7426410160251397,452.9889533437845,0.47520056173743797,6.952236937996531,4.04454422628379,1.2538141977501298,505.96326690252414,1.301311996180599,9.0739808383527,4.517529168772537,1.2785830229977226,60.16930361237922,0.010453206076357802,4.254148154960617,0.4891813301819449,0.6866672669906794,445.4671126751473,0.4853990567398796,7.984090430397373,3.6216838428873763,1.1579281515462376,505.63641628752646,1.3347588628247005,8.086926277074962,4.110865173069321,1.1216849732109173,21.4478047901495,0.013598074444072683,3.0774868832399616,0.4874501088670341,0.714077559250269,202.93018521768226,1.9401285133290003,18.560596651474043,4.612049664038233,3.046163439762722,224.37799000783176,2.5014773029922197,18.672462604186588,5.099499772905268,2.9835287439040674,57.55524960037899,0.010453206076357802,4.429009544165651,0.4427326892336846,0.6737311257989129,448.6281561955766,0.47520056173743797,6.760185451385951,3.450985816889051,1.1531109993157107,506.1834057959556,1.301311996180599,6.998306829461412,3.8937185061227355,1.10518422180444
c<D>r<123>R<VAL>,142.20552883055845,1.3849692910698177,4.008893331116023,1.7556238127229438,0.6255438526578936,39.32872653218825,3.040909471995524,6.919473836099501,3.932872653218825,1.0654918111282505,74.90823270766202,3.3466672459464806,6.583622657608034,4.161568483759002,0.8696237902552454,147.12526943713013,1.321577898239774,4.008893331116023,1.5991877112731536,0.5485258337983441,172.6948184671936,1.2274726290333615,3.8491147106996118,1.7269481846719361,0.6377942574195264,86.14713616566416,2.237331262766592,6.583622657608034,2.9705909022642816,0.9940374768178977,175.89968365683086,1.2274726290333615,3.8491147106996118,1.584681834746224,0.5357094509122791,58.9504911297304,0.01002319355752146,3.137446552625166,0.589504911297304,0.7240873025924695,484.22671899549096,0.4844972934897669,12.606505167787873,4.842267189954909,1.8871897363358774,543.1772101252213,1.5993949683234354,13.46516087608968,5.431772101252213,1.836388381432637,6.792924032965062,0.011999771517864133,2.739264543860978,0.5660770027470885,0.739190546757537,115.90370279411104,5.128388285042092,22.249518322864105,9.658641899509254,4.836293791783731,122.6966268270761,6.3696543136623,22.33512861146752,10.224718902256342,4.656491369251171,27.255255628639517,0.23218290410717302,3.681185824517218,1.1356356511933132,0.800055069619497,222.52299037706325,5.068913113023882,23.847524774613703,9.271791265710968,4.962128224133264,249.77824600570278,6.206544402801639,24.25150783186086,10.407426916904283,4.901986300265634,54.63995974266953,0.010939255440344908,2.8536279638278073,0.5356858798300934,0.6420291045081755,474.38886871468594,0.4844972934897669,12.606505167787873,4.650871261908685,1.9031778359970717,529.0288284573555,1.526206413160456,12.658966471485927,5.1865571417387795,1.801486851765116,71.54384437624388,0.010453206076357802,2.5401356797431554,0.5503372644326453,0.6225676373337838,527.1966753082752,0.4844972934897669,9.979604381959689,4.055359040832886,1.466618724103651,598.7405196845191,1.5993949683234354,11.14662040300675,4.605696305265531,1.5216073153180776,21.809225024210605,0.01781163436551303,3.0774868832399616,0.4956642050956956,0.6598892200256683,313.12280991405737,2.046163033464836,23.847524774613703,7.116427498046758,5.351885431170705,334.932034938268,2.793239655708893,23.98934036681794,7.612091703142454,5.310054580915716,65.44021938914932,0.010453206076357802,2.539080288129579,0.5072885223965063,0.6234761467773192,526.1777677433315,0.4844972934897669,10.80947232966082,4.078897424366911,1.7232643439280848,591.6179871324808,1.526206413160456,10.876284123331612,4.586185946763417,1.7006899443272827
c<D>r<124>R<TYR>,133.16966545595446,1.3849692910698177,4.008893331116023,1.9024237922279208,0.7258745355764747,61.048529653686316,2.7032868145219533,6.271226992839568,3.8155331033553948,0.9513005575281103,68.70128553387823,2.200572846486403,5.397753970636833,4.041252090228132,0.7550695255674696,144.0282375737458,1.321577898239774,4.008893331116023,1.6554969836062736,0.5943804078605033,154.8609195254915,1.2273777707798426,4.008893331116023,1.7597831764260399,0.6763093675021036,97.72862324513488,2.200572846486403,5.397753970636833,2.8743712719157317,0.8270194668302822,165.14133797744805,1.2273777707798426,4.008893331116023,1.5727746474042672,0.523176037885394,51.67260846519257,0.01002319355752146,4.028620310107794,0.5382563381790892,0.7983264349321276,483.7277919349176,0.4853990567398796,12.606505167787873,5.038831165988725,1.6599416602762032,535.4004004001101,1.5993949683234354,13.46516087608968,5.577087504167814,1.7615264910327249,13.852307306662313,0.011999771517864133,2.739264543860978,0.6022742307244484,0.7111401587667033,267.4739616317074,5.128388285042092,23.562016600492143,11.629302679639453,5.009531604890147,281.32626893836976,6.3696543136623,23.774013112654938,12.231576910363902,4.928693394830753,28.891032342669067,0.043707423979596705,5.795731995761265,1.2037930142778779,1.2994081043640573,214.1641865097447,3.682837768312311,14.417548917968816,8.923507771239363,2.977097552417943,243.05521885241376,3.7265451922919075,15.284023266242002,10.12730078551724,3.1254844173826375,49.61904894298546,0.010939255440344908,3.5046721012036928,0.5278622227977177,0.7010836464689737,463.94632667563474,0.4853990567398796,12.606505167787873,4.935599219953561,1.9865664553981628,513.5653756186202,1.526206413160456,12.658966471485927,5.463461442751279,1.9599602910688783,57.62012776407087,0.010076391561174347,2.7164835798419276,0.488306167492126,0.6605798465565305,522.3908598895039,0.4853990567398796,11.982140279466876,4.42704118550427,1.8309977349110136,580.0109876535748,1.5993949683234354,12.056248702206846,4.915347352996397,1.904958689179689,32.684294498588685,0.011688215279303193,5.561059644968079,0.5539710931964184,0.9439446648559406,408.23406579450125,2.0063871417980863,15.918656021387733,6.919221454144089,4.029868909750586,440.91836029308996,2.7415533082088555,16.4002587095473,7.473192547340508,4.152083247063474,58.375121784464056,0.010076391561174347,2.8328503027202494,0.5076097546475136,0.6831548402824399,506.10223118521526,0.4853990567398796,11.982140279466876,4.400888966827959,2.004660148546078,564.4773529696794,1.526206413160456,12.056248702206846,4.908498721475473,2.0230214439114538
c<D>r<125>R<GLN>,103.57831606641649,1.3849692910698177,3.858692722804513,1.918116964192898,0.7014444767451171,45.49872262112049,2.880133832826562,6.271226992839568,4.136247511010954,1.046207081376431,67.42310764663,2.200572846486403,5.68133739063595,3.9660651556841175,0.791495281364312,110.85867455058204,1.321577898239774,3.858692722804513,1.679676887130031,0.6325248235563794,128.6253139600164,1.2274726290333615,3.655339381422864,1.7864626938891166,0.6573619326474142,83.33924697722713,2.200572846486403,4.524407908977596,2.873767137145763,0.6405756743971104,134.9248263579959,1.2274726290333615,3.655339381422864,1.6062479328332846,0.5521193669349753,30.28898118248824,0.010265244005029928,4.028620310107794,0.5714902109903441,0.7939480069333149,318.2958716533958,3.1286728329550897,12.606505167787873,6.005582484026336,1.7117423397586946,348.584852835884,3.2876912341351128,14.494399394531236,6.57707269501668,2.011454553025706,11.100052138352508,0.024950979851251276,3.2772445932343075,0.7400034758901672,0.8736245331912842,137.81022306348473,5.837787629776358,13.653658917832445,9.187348204232315,2.040848011086624,148.91027520183724,6.473305860937868,13.866713552993955,9.927351680122483,2.291602406033467,23.54851281083229,0.013258165841257608,4.340749575436021,0.8410183146725817,0.856480693513042,255.76891450647759,3.682837768312311,17.803063798615767,9.134604089517056,3.31183642022226,279.31742731730986,3.7265451922919075,17.86659027647593,9.975622404189638,3.190459748946122,28.357023762017757,0.012031241507978407,2.3852331156252244,0.5063754243217456,0.616310527846212,345.9956242116043,2.1480286586077,12.606505167787873,6.178493289492934,2.281613814962659,374.352647973622,2.37046542755889,14.494399394531236,6.684868713814679,2.355685981208329,39.357069095456836,0.010076391561174347,3.216161548789234,0.5466259596591228,0.7358955923876417,345.2051682507263,1.8495271362626227,11.982140279466876,4.794516225704531,1.9679660266706256,384.5622373461831,1.8748079823040138,12.056248702206846,5.341142185363655,1.9975009842280216,27.35882270106489,0.011688215279303193,3.520666500985776,0.5947570152405411,0.8727450485765337,306.11016788903225,2.0063871417980863,15.918656021387733,6.654568867152875,3.434291406499151,333.4689905900972,2.990307585087721,16.4002587095473,7.249325882393417,3.4752430269439953,36.042838506121925,0.010076391561174347,3.1879033258324334,0.49373751378249214,0.6890628110890156,351.9127009570518,1.8495271362626227,11.982140279466876,4.820721930918518,2.2075345418328767,387.95553946317375,1.8748079823040138,12.056248702206846,5.3144594447010105,2.1863935715011933
c<D>r<126>R<LEU>,112.72975767116395,1.3856697083835527,3.9056087508402166,1.8480288142813763,0.6108195641537515,63.05043396125834,2.2953232292856467,5.380464624982568,3.7088490565446084,0.7315204910241048,65.65625908862145,2.4237611800889622,4.727598359388835,3.8621328875659677,0.5908097866375995,127.10213916136239,1.321577898239774,3.9056087508402166,1.6088878374856,0.5113647586949076,139.5632488894445,1.2277900777204698,4.108634066068913,1.7666234036638546,0.619808014719621,98.15558278980728,2.242630812855659,4.108634066068913,2.8044452225659224,0.5900055086267094,153.15729297287035,1.2277900777204698,4.108634066068913,1.5789411646687666,0.49908628526736487,36.09744341322518,0.010265244005029928,3.596362143488208,0.4569296634585466,0.7347274842189411,410.13082829363407,0.48687479537261424,8.843513411728281,5.191529472071317,1.4650209690991718,446.2282717068593,1.5746209654358974,9.067021365069753,5.648459135529865,1.430653658305565,12.513870142396511,0.012271433874097681,2.0390586218767943,0.4813026977844812,0.5454914747828771,250.09813180646415,1.3276385025449144,20.873096511147196,9.619158915633237,4.490309471126029,262.6120019488606,1.7632440067866888,21.190963844582107,10.100461613417716,4.489137071408515,22.875600766145947,0.06592187794491267,5.056805353579673,1.089314322197426,1.3210997273311713,175.8567875996357,4.558190364685288,20.514097031633355,8.374132742839796,3.9868358720608015,198.73238836578165,6.155978466045607,20.637749367408013,9.46344706503722,3.6612828235754638,40.07476321015644,0.012031241507978407,2.9528192780759426,0.4947501630883511,0.7103621435671263,401.89864133603146,0.48687479537261424,13.398748650234893,4.961711621432487,1.7869888232121056,441.9734045461879,1.5144980271518205,13.4128880308558,5.4564617845208385,1.7302757138386606,52.192185253758225,0.010265244005029928,3.216161548789234,0.5799131694862025,0.7643904579119505,399.59799241652877,0.48687479537261424,9.209914221863073,4.439977693516986,1.6731519943740099,451.790177670287,1.5746209654358974,9.25716796584627,5.019890863003189,1.6639339152014652,25.745100916835458,0.011688215279303193,3.7757417422204114,0.4857566210723671,0.7217310826923493,328.0327982412532,1.3276385025449144,19.604793424408854,6.1892980800236455,4.23919539759742,353.7778991580887,1.7632440067866888,19.713956131817145,6.6750547010960135,4.208226914065586,52.79524291348141,0.012031241507978407,3.1879033258324334,0.5676907840159291,0.7336675645840813,395.6510012462327,0.48687479537261424,8.616286773682987,4.254311841357341,1.6974276419971077,448.44624415971407,1.5144980271518205,8.733479312323494,4.82200262537327,1.6735513051370847
c<D>r<127>R<ARG>,104.30753084732842,1.3856697083835527,4.319625926274799,1.862634479416579,0.6370505960771975,68.31073563406102,2.259182804437011,5.747729771434777,3.5953018754768955,1.038347165919035,48.47135964952979,2.4237611800889622,5.871237406939493,4.039279970794149,0.9376216540383512,116.76791821097714,1.3243502988922442,3.4288551588510106,1.5364199764602255,0.3660086846603621,119.81602463620355,1.22975637852414,4.319625926274799,1.7364641251623703,0.5970648139165299,87.55495500954183,2.2468594114859064,4.561266029739374,2.736092344048182,0.5889758761602124,131.92443043732143,1.22975637852414,3.092579012913922,1.482296971205859,0.29627100738706813,32.973566228820204,0.010265244005029928,3.1352236181143818,0.44558873282189465,0.6898867836034513,383.4626878245884,0.48687479537261424,10.698906193943515,5.181928213845789,1.586342956461405,416.43625405340856,1.865321974191057,11.32052647543777,5.627516946667683,1.7131114784950339,24.3368343414711,0.014997224919248708,5.966279172718359,0.9360320900565807,1.441712307912038,227.91535696901929,1.3276385025449144,17.642165687748502,8.765975268039202,3.783634631847476,252.2521913104904,1.7632440067866888,18.35502852911823,9.702007358095784,3.9378296576240346,13.12377752467032,0.02219483041400494,3.0796021729976317,0.9374126803335943,0.8734805229840762,114.45310991617225,5.031918037579317,12.458626960595211,8.175222136869447,1.98761830415301,127.57688744084257,6.468015308495865,12.633637686382023,9.112634817203041,1.7958253643947069,36.75537293107787,0.012031241507978407,3.3348640757170696,0.5034982593298338,0.7751763318749418,347.42307872869765,0.48687479537261424,10.285027593203267,4.759220256557502,1.8252572342637676,384.17845165977553,1.394402247896763,12.175519434643544,5.262718515887336,2.019093291684828,39.61389869148557,0.010265244005029928,3.216161548789234,0.5144662167725399,0.738319720575147,331.54270109673905,0.48687479537261424,10.698906193943515,4.305749364892715,1.7630546199921868,371.15659978822464,1.865321974191057,10.798167924900518,4.820215581665255,1.7759020243451324,24.643312953772956,0.013625716917038844,3.4788877204360666,0.5731003012505339,0.6847749605061245,240.8070866159544,1.3276385025449144,13.282489937706487,5.600164805022195,2.680048953682987,265.4503995697273,1.7632440067866888,13.616084193031863,6.173265106272728,2.748039352730842,40.50307364573972,0.012031241507978407,3.1879033258324334,0.5473388330505368,0.7557357920651429,287.47983412452214,0.48687479537261424,10.285027593203267,3.884862623304353,1.8700754389306724,327.9829077702619,1.394402247896763,11.508796465646512,4.43220145635489,1.9464074630254626
c<D>r<128>R<ARG>,100.5877389579926,1.3856697083835527,3.5960110723223435,1.8627359066294926,0.6006295774434461,65.79744434789153,2.259182804437011,6.184728071961816,3.463023386731133,1.0676257272545997,56.187311643463296,2.1951704699599266,5.870674256699306,3.7458207762308864,0.9891624622064153,116.15325245203026,1.3243502988922442,3.4288551588510106,1.5696385466490574,0.4354906177486563,119.10609922616742,1.22975637852414,3.4288551588510106,1.7015157032309631,0.5249910427319294,95.01210134283566,2.1951704699599266,4.561266029739374,2.7146314669381617,0.5848718703396412,135.193830490446,1.22975637852414,3.4288551588510106,1.5021536721160667,0.3696599451310986,34.31720546510937,0.010607404235191353,4.686273069470078,0.5362063353923339,0.8754237176935752,318.4823748336104,0.48687479537261424,10.698906193943515,4.976287106775162,1.7633039472761376,352.7995802987198,1.865321974191057,10.798167924900518,5.5124934421674965,1.7818198953159925,22.1471488671206,0.03358719149539979,5.887862005703395,0.885885954684824,1.3414530042436372,195.46862535837283,1.3243743167652156,17.642165687748502,7.8187450143349135,3.6303985384317543,217.61577422549342,1.7607033692107488,18.35502852911823,8.704630969019737,3.9384549519164183,15.875441289037521,0.01675840723077293,4.508235583320346,0.7559733947160725,1.0828761197482346,176.33652523594145,4.027166035743903,13.275053243049172,8.396977392187688,2.444030294408144,192.21196652497898,4.579758717265693,13.311733807250413,9.15295078690376,2.3688006997063216,38.68724514321304,0.01284878619639418,4.686273069470078,0.5774215693016872,0.9006494707694257,284.8024578245023,0.48687479537261424,8.939846850929825,4.250782952604512,1.5769007769278887,323.4897029677153,1.394402247896763,9.930118498213066,4.828204521906199,1.727346337050579,38.170858828012854,0.010607404235191353,4.909004057285436,0.4771357353501607,0.7932541768905181,331.579498343536,0.48687479537261424,10.698906193943515,4.1447437292942,1.89237908335752,369.7503571715488,1.865321974191057,10.798167924900518,4.62187946464436,1.8778288429148604,34.36724809776431,0.013625716917038844,6.614143738938562,0.8182678118515312,1.4012587785758726,203.2975969312384,1.3243743167652156,9.749803734146553,4.840418974553295,2.406674154871751,237.66484502900266,1.7607033692107488,10.381754074210406,5.658686786404825,2.652554100953586,43.84455238352305,0.01284878619639418,4.909004057285436,0.5549943339686462,0.8636806987099745,264.8784441455274,0.48687479537261424,7.7935888969198,3.3528916980446506,1.4100280764179283,308.72299652905053,1.394402247896763,8.524055487165018,3.9078860320132978,1.5439291412115086
c<D>r<129>R<SER>,99.50274539346006,1.3856697083835527,3.993838452449165,1.8426434332122232,0.6087831256137886,49.127542889102266,2.259182804437011,4.569381674791839,3.275169525940151,0.6894509438077734,69.73878215687776,2.19571790692386,5.59045896278896,3.874376786493209,0.9616003815643617,108.39983662107441,1.3243502988922442,3.993838452449165,1.5485690945867774,0.43766105154052076,128.5107798425738,1.2283197150781031,4.482212956713324,1.7604216416790932,0.6399589315309804,89.39980414624786,2.19571790692386,4.330462738482994,2.6294060043014076,0.4562614288321343,135.64700719091564,1.2283197150781031,3.5988303070044503,1.524123676302423,0.41730232239159776,30.096656231816585,0.010607404235191353,4.686273069470078,0.5189078660658032,0.8370219029473429,283.4261714958545,0.48687479537261424,10.698906193943515,4.88665812923887,1.7845382293030736,313.5228277276711,1.865321974191057,10.798167924900518,5.4055659953046735,1.7875577642030953,8.727309271568974,0.04159198940800479,3.021478159127831,0.6233792336834981,0.7599694635162596,106.81396779182643,1.3243743167652156,20.204362438271573,7.629569127987602,4.454582510975152,115.5412770633954,1.7607033692107488,21.3350806070868,8.2529483616711,4.5369138764328385,21.50409214201197,0.036680564201240884,4.508235583320346,0.9349605279135639,1.1666974252193143,192.5204821059698,4.027166035743903,16.625768298656112,8.370455743737818,2.94451423906584,214.02457424798177,4.579758717265693,16.825635017133955,9.305416271651382,2.785584678324019,31.00853479504845,0.010858817084359096,4.686273069470078,0.5440093823692711,0.83530475290052,247.168399094964,0.48687479537261424,7.764998480097404,4.336287703420421,1.5962066665356165,278.17693389001244,1.394402247896763,9.930118498213066,4.8802970857896915,1.7143607906734248,40.344574875542285,0.010607404235191353,4.909004057285436,0.5043071859442786,0.7881542486470485,337.42626793922045,0.48687479537261424,10.698906193943515,4.217828349240255,2.118347001296728,377.77084281476266,1.865321974191057,10.798167924900518,4.722135535184533,2.1132009850045947,23.80440804929591,0.012138567450270088,6.614143738938562,0.6264317907709449,1.1500399856947303,186.4297862735042,1.3243743167652156,9.811896734111144,4.906047007197479,2.4496738567351963,210.2341943228001,1.7607033692107488,10.381754074210406,5.532478797968424,2.6187276747970354,38.21408929385773,0.010858817084359096,4.909004057285436,0.5164066120791585,0.8150018464867644,265.3162334344339,0.48687479537261424,9.561135536162112,3.5853545058707286,1.7567849036010252,303.5303227282917,1.394402247896763,9.621313603729988,4.101761117949888,1.8224188707286002
c<D>r<130>R<LYS>,56.35614263774211,1.5117346240716947,4.476121972345864,2.012719379919361,0.7712103995859049,31.97180614876507,2.259182804437011,4.742915216800146,3.197180614876507,0.8499128094124003,45.9018429867842,2.4237611800889622,5.59045896278896,3.825153582232017,1.0078035054784285,63.220299229994964,1.3243502988922442,3.5960110723223435,1.6210333135896144,0.5015737515060451,73.46385314263964,1.22975637852414,4.482212956713324,1.7918012961619423,0.683308507057509,62.02152762334814,2.2473739673734414,4.330462738482994,2.6965881575368758,0.5189497944196708,80.02216048315009,1.22975637852414,3.301914420818617,1.53888770159904,0.4079374084637809,11.31141360964903,0.010607404235191353,4.686273069470078,0.5141551640749559,0.9743887573104527,97.11403953574268,1.812729398269994,7.661980731231779,4.4142745243519395,1.46906227079476,108.42545314539169,1.865321974191057,7.835196815902124,4.9284296884268946,1.654558080996766,1.97776807664159,0.10398644068480145,0.7629894039417788,0.3296280127735983,0.2266653982657202,32.54480327264133,1.3243743167652156,9.149349225534536,5.424133878773556,2.6898776240065883,34.52257134928292,1.7607033692107488,9.335255198787754,5.753761891547153,2.6538442933178934,8.940967728959958,0.036680564201240884,2.1229519891528064,0.5960645152639972,0.6478179910686677,113.18616859348666,3.5307213074722767,13.275053243049172,7.54574457289911,2.555809575946261,122.1271363224466,4.401989317087011,13.311733807250413,8.141809088163107,2.5862628958012728,11.899557219235628,0.014989013229996573,4.686273069470078,0.5666455818683632,1.076911025232433,74.98793711801761,1.275976735965969,7.357201907097078,3.570854148477029,1.6225301074714429,86.88749433725323,1.394402247896763,7.835196815902124,4.137499730345392,1.900949137301859,13.651423053047097,0.010607404235191353,4.418192925425693,0.35924797508018674,0.7178924982921123,138.75633902514414,1.526160041114963,9.559971353927722,3.651482605924846,1.8357719700399284,152.40776207819124,1.865321974191057,9.965103742265594,4.010730581005032,1.922680428122697,12.21948895137455,0.0461170494391574,4.375196101712472,0.488779558054982,0.8324352422568251,110.93419906892098,1.3243743167652156,9.57254853001838,4.437367962756839,2.311213833511017,123.15368802029553,1.7607033692107488,9.879288660323564,4.9261475208118215,2.520038527752673,15.872819876525586,0.01595986575082975,4.418192925425693,0.4535091393293025,0.8517142995544437,99.01211935046585,1.275976735965969,8.53951272089489,2.8289176957275957,1.407716042693121,114.88493922699145,1.394402247896763,8.756310987446803,3.2824268350568984,1.670727259794554
c<D>r<131>R<SER>,59.18306591668943,1.5166929378476124,4.229935156095954,1.9091311586028847,0.7109169293992421,33.70189565137112,2.259182804437011,5.30612546799039,3.3701895651371117,0.9426460427878048,38.85007801415405,2.19571790692386,5.039235351296178,3.5318252740140044,0.900533326895198,66.64150850349206,1.3243502988922442,4.121702324209538,1.5867025834164776,0.5380630681640712,75.61299686192079,1.22975637852414,3.8703409148963797,1.7584417874865301,0.6340252639485925,61.257181274468145,2.19571790692386,4.6139513504552445,2.784417330657643,0.6752209173532326,82.3881883413869,1.22975637852414,3.731903618695616,1.5257071915071647,0.42664580647766925,12.39098442149701,0.010607404235191353,4.686273069470078,0.49563937685988035,0.9277684276221766,139.03704683740284,1.812729398269994,10.698906193943515,5.561481873496113,2.266128504821245,151.42803125889986,1.865321974191057,11.02233487695352,6.057121250355994,2.3399895506069077,5.852730855943673,0.04159198940800479,3.435177117587669,0.6503034284381859,1.0036357453276046,74.22825361485195,2.687009107139829,12.87188895866825,8.24758373498355,2.58624314448149,80.08098447079563,3.038378378102004,12.913480948076256,8.897887163421736,2.7643057794433084,8.207683206961471,0.06258872012125316,3.7642646398072337,0.9119648007734968,1.1567170909681554,63.01776154022237,3.5307213074722767,12.706270677493208,7.001973504469152,2.8569496204230864,71.22544474718384,4.401989317087011,12.833713596615407,7.913938305242649,2.989204445094146,13.524482821620918,0.014989013229996573,4.686273069470078,0.5635201175675383,0.997700899783688,97.19131026761409,1.275976735965969,7.764998480097404,4.049637927817254,1.751194178138807,110.71579308923499,1.394402247896763,9.930118498213066,4.613158045384791,2.094239314083418,17.751625368693727,0.010607404235191353,4.418192925425693,0.43296647240716407,0.7815937428724874,177.4029190328325,1.526160041114963,10.698906193943515,4.326900464215427,2.341691672979144,195.1545444015262,1.865321974191057,10.798167924900518,4.759866936622591,2.402396799393912,17.917109037352834,0.013625716917038844,6.614143738938562,0.7465462098897014,1.348329818627232,123.90360473312967,2.2705109638711747,9.749803734146553,5.162650197213736,2.5802087597410552,141.8207137704825,2.342919447014029,10.381754074210406,5.909196407103438,2.894497556347019,16.6471416238517,0.01595986575082975,4.418192925425693,0.42684978522696665,0.748358357147069,125.7680844229207,1.275976735965969,7.7935888969198,3.224822677510787,1.5518076860240149,142.4152260467724,1.394402247896763,8.524055487165018,3.651672462737754,1.8014332719150832
c<D>r<132>R<SER>,47.05085838395177,1.5184793050122425,3.3032404040410683,1.8096483993827603,0.4913620161651955,28.422025961058065,2.259182804437011,5.30612546799039,3.552753245132258,1.016261397516919,41.35365595352676,2.19571790692386,6.166302696029811,3.7594232685024327,1.0197439145173752,53.43824809231874,1.3257849994194775,3.3032404040410683,1.526807088351964,0.31300417017253784,63.36984613577496,1.2301202508475817,3.092579012913922,1.6676275298888146,0.4694183464892907,57.72850155491195,2.19571790692386,4.561266029739374,2.8864250777455975,0.674336355183981,69.75723584414192,1.2301202508475817,3.092579012913922,1.4841965073221683,0.29583382880845926,9.412105296651827,0.010683073950019661,4.686273069470078,0.5536532527442252,1.0986935434212812,101.37659303270566,3.1489237464320468,12.448124678272734,5.963329001923862,2.2531324644707404,110.78869832935747,3.497125034902954,12.587167447946841,6.516982254668086,2.2535483057758348,5.969994296782884,0.04159198940800479,3.435177117587669,0.8528563281118406,1.1294292579826788,66.93010920832796,7.955961454799819,12.87188895866825,9.56144417261828,1.4938152909466977,72.90010350511085,8.20921855666926,12.913480948076256,10.414300500730121,1.6027776852340478,8.744821561212817,0.03304744836862206,3.7642646398072337,0.7949837782920742,1.016791354475069,84.2817169262859,3.5307213074722767,19.355108604181183,7.66197426602599,4.638755507662633,93.02653848749871,4.401989317087011,20.15950766267888,8.456958044318064,4.627585275841159,9.563512051864556,0.012595744020171384,4.686273069470078,0.5977195032415348,1.17544044355181,73.8214868704481,1.275976735965969,12.448124678272734,4.613842929403006,2.515118241510796,83.38499892231265,1.394402247896763,12.463234870148852,5.21156243264454,2.7520221540399996,12.91196913778046,0.010683073950019661,4.418192925425693,0.4303989712593487,0.8179063503950327,132.4636024758444,1.7062153047100423,8.916178037697136,4.41545341586148,2.2535992030598906,145.3755716136249,1.8529342783241738,9.930118498213066,4.84585238712083,2.414273805752909,17.486812118497916,0.061296693370957556,6.614143738938562,0.7948550962953598,1.3943802550657378,121.86774896311499,2.3810415073285327,9.731363884265193,5.539443134687045,2.6088573052517776,139.3545610816129,2.717558806930814,10.381754074210406,6.334298230982404,2.897602087623862,12.579972620059884,0.012595744020171384,4.418192925425693,0.3931241443768714,0.8333321940988767,116.22920176831961,1.275976735965969,8.916178037697136,3.632162555259988,1.836367158918314,128.80917438837952,1.394402247896763,9.930118498213066,4.02528669963686,2.154223169483039
c<D>r<133>R<ASP>,70.55565506089005,1.3856697083835527,3.7294954982232293,1.9069095962402716,0.6358620805501987,41.04920191948435,2.259182804437011,5.307055477648248,3.7317456290440316,0.9668579519785419,59.70827036888252,2.19571790692386,5.6008385930424,3.9805513579255014,0.9318278166144845,78.95845867310547,1.3257849994194775,3.7294954982232293,1.6113971157776625,0.5228251292128652,94.83018877790812,1.22975637852414,5.3111286802396025,1.789248844866191,0.7248941397492129,80.08962761179436,2.19571790692386,5.3111286802396025,2.9662825041405316,0.7912142774664912,103.23299239012356,1.22975637852414,5.3111286802396025,1.5881998829249777,0.6163720705837378,16.249195154283655,0.010683073950019661,4.686273069470078,0.6018220427512465,0.9378489969481877,148.6306186865864,2.6636573003927424,9.370294014400542,5.504837729132829,1.6846411810242745,164.87981384087004,2.728519598120032,9.930118498213066,6.106659771884075,1.6743032577946877,7.778616997667034,0.04159198940800479,3.435177117587669,0.7071469997879122,0.9139926538047142,112.64683948580631,6.00458037197518,17.012236636378308,10.240621771436937,3.0780191941175747,120.42545648347334,6.277904958263638,17.896589129735236,10.94776877122485,3.126721968424682,13.343747389278512,0.019501247469527527,3.7642646398072337,0.784926317016383,0.9099881131173173,137.86735270817982,3.5307213074722767,19.355108604181183,8.109844276951755,3.987774408347292,151.2111000974583,4.401989317087011,20.15950766267888,8.894770593968136,3.9802734764300656,16.18372839184338,0.016405114003587684,4.686273069470078,0.539457613061446,0.9121651523164842,140.17007984850187,1.275976735965969,9.370294014400542,4.672335994950062,1.5239792940236825,156.35380824034524,1.394402247896763,9.930118498213066,5.211793608011508,1.7248664195707961,24.639970157694208,0.010105164786640586,4.806921708575111,0.5730225618068421,0.9697766195325328,194.84709177854717,1.8539678128059336,11.253309724114843,4.531327715780167,2.134237362938525,219.4870619362414,2.100775086667214,11.434156343218438,5.104350277587009,2.1577705225316883,24.45682418580953,0.013625716917038844,6.614143738938562,0.7193183584061627,1.18477253378851,197.56149489178273,2.3810415073285327,9.977315435806304,5.810632202699492,2.473734770927168,222.01831907759228,2.717558806930814,10.565762232547556,6.529950561105656,2.616066708906079,24.072663654864424,0.02213897490278427,4.806921708575111,0.5233187751057483,0.8380717158023967,174.08336347468884,1.275976735965969,7.7935888969198,3.7844209451019313,1.4735469636583762,198.15602712955328,1.394402247896763,8.524055487165018,4.30773972020768,1.672250651478964
c<D>r<134>R<LYS>,96.52874581406972,1.3698149242947748,3.7613546993859295,1.8563220348859562,0.6539781687967944,56.48177489993802,3.062115197987711,5.697819969678391,4.034412492852716,0.8634975002385303,61.05255581374098,2.19571790692386,5.170554898609761,4.070170387582732,0.7356962360708719,108.02765636020148,1.3257849994194775,3.7613546993859295,1.612353080003007,0.5505303618730892,117.77396714524407,1.2292697714552265,3.865556407323997,1.7319701050771188,0.6169563226400632,87.76940220996279,2.19571790692386,4.561266029739374,2.925646740332093,0.6674573554811283,129.27287769137584,1.2292697714552265,3.865556407323997,1.5575045504985041,0.5098810165049295,31.282599855470036,0.010683073950019661,3.5512892630796937,0.6133843108915693,0.8270239582070819,249.36308761891462,0.48687479537261424,9.370294014400542,4.889472306253228,1.7158408962562652,280.6456874743846,1.386572460151229,10.722415380313134,5.502856617144796,1.8124910099917861,19.479529450460145,0.01185605820597857,6.991063776246554,0.9739764725230072,1.6136095538122432,194.98543571253637,5.16888909801969,17.012236636378308,9.749271785626819,3.244581170178473,214.46496516299652,6.090305559748423,17.896589129735236,10.723248258149827,3.443650478906033,19.92444276273757,0.03304744836862206,4.508235583320346,1.0486548822493458,1.1241831220014737,149.8567007892213,4.9215447402116865,13.986759148190913,7.887194778380068,2.630355991801086,169.78114355195888,4.954592188580309,14.056268236768329,8.935849660629415,2.4616812732666666,30.061479457773046,0.01284878619639418,3.307741876021767,0.5368121331745187,0.7281188359924935,259.56681903710523,0.48687479537261424,9.370294014400542,4.635121768519737,1.4021525094133729,289.62829849487827,1.385046526996584,10.266351754328433,5.1719339016942545,1.4536101184677575,37.35007249762309,0.010105164786640586,4.043877991325478,0.5746164999634321,0.8143284277356289,297.11495917081174,0.48687479537261424,8.597670473854123,4.570999371858642,1.7784005135371055,334.4650316684348,1.386572460151229,9.290448741997544,5.1456158718220735,1.7076136998434515,28.088906810972638,0.01185605820597857,5.7941094931859,0.6383842457039236,0.9882602137839778,267.6258094390538,2.381034760597288,11.181454951203705,6.082404759978496,2.702829046123309,295.7147162500264,2.4914073231861558,11.193311009409683,6.720789005682419,2.8364819097083327,38.16678318158817,0.01284878619639418,2.9255179415766843,0.5696534803222115,0.6911876068148981,266.69240282438693,0.48687479537261424,7.7935888969198,3.980483624244581,1.4643078828234992,304.8591860059751,1.385046526996584,8.524055487165018,4.550137104566793,1.4869819065793595
c<D>r<135>R<SER>,114.91976933796231,1.3698149242947748,3.8991813703897353,1.8535446667413276,0.6396775835871142,68.88932323376746,3.169993320011267,6.310232466106781,4.052313131398086,0.9277077080044384,62.24710979498779,3.0861203868917935,4.727598359388835,4.149807319665853,0.49361710144023074,127.45115677566719,1.3250915249065696,3.8991813703897353,1.59313945969584,0.5288805239472808,136.86524820134198,1.2292697714552265,4.117747849922232,1.7546826692479742,0.639364152542661,94.53088391968048,2.2388476003606748,4.561266029739374,2.8645722399903173,0.6457442450125721,147.3651852831331,1.2292697714552265,3.7613546993859295,1.5350540133659696,0.4491906367612,39.26993782241051,0.010265244005029928,3.5512892630796937,0.5530977158085988,0.7310981364577219,397.38683188454655,0.48687479537261424,12.48181208488677,5.596997632176712,1.9637215046344905,436.6567697069571,1.919886823643553,13.29100952166591,6.150095347985311,2.0520986281265943,33.21195798117374,0.03358719149539979,5.887196838705455,1.2773829992759131,1.6770918123377676,252.24633732291517,5.16888909801969,17.075744948799695,9.701782204727506,2.8799802602061044,285.4582953040889,6.277904958263638,17.381592917376608,10.979165204003419,3.282996318657128,25.46160449534146,0.06950908857741567,5.617189601371232,1.2730802247670732,1.378963863379918,150.53942838654177,5.290638935440256,13.986759148190913,7.526971419327088,2.3188896796589487,176.00103288188322,6.468291522278458,14.056268236768329,8.800051644094161,2.156201008032712,42.389549643857386,0.01197244429815214,3.3348640757170696,0.5651939952514318,0.7738263203348852,398.1273436533519,0.48687479537261424,10.285027593203267,5.308364582044692,1.707737529359156,440.5168932972093,1.385046526996584,12.175519434643544,5.873558577296124,1.9013872617329561,50.66961167895846,0.010265244005029928,5.377295618497008,0.5891815311506797,0.9483614578579637,407.6404094645785,0.48687479537261424,10.698906193943515,4.740004761216029,1.8621523077412407,458.310021143537,1.919886823643553,10.798167924900518,5.3291862923667095,1.8402313154431098,30.506542195253605,0.021946397358303393,5.377295618497008,0.6933305044375819,0.9880939910967899,257.4282496152265,2.381034760597288,15.789354233146298,5.850642036709693,3.0079469829074243,287.93479181048014,2.4914073231861558,16.241398840018835,6.543972541147276,3.1307332667762933,47.72572035910045,0.01284878619639418,4.607656444344897,0.5820209799890299,0.8490792402607438,344.983642774413,0.48687479537261424,10.285027593203267,4.207117594809914,1.5653309127695536,392.7093631335135,1.385046526996584,11.508796465646512,4.789138574798945,1.697927832189524
c<D>r<136>R<VAL>,129.1153878209838,1.3698149242947748,3.858692722804513,1.8445055402997688,0.6780496240286611,60.42175062762888,2.880133832826562,6.271226992839568,4.028116708508592,0.8779315374686885,63.75881639794511,2.4237611800889622,5.68133739063595,3.9849260248715694,0.706268342352861,140.85976192282504,1.321577898239774,3.858692722804513,1.6379042084049424,0.5966365084822312,151.4352108393933,1.2277900777204698,3.7613546993859295,1.7406346073493484,0.6147783696247638,86.70489501514868,2.237331262766592,4.2289634674688354,2.7095279692233962,0.5405005111227488,162.50805888624356,1.2277900777204698,3.7613546993859295,1.5777481445266366,0.512947347477291,48.95083434360599,0.010265244005029928,3.5512892630796937,0.504647776738206,0.6792556227177976,520.9922948716187,0.48687479537261424,14.70348058298714,5.371054586305347,1.8915223806748425,569.9431292152248,1.386572460151229,14.837759783561747,5.875702363043554,1.8419572231482264,19.39204513396534,0.027147605911572725,3.5686610635471467,0.8814565969984245,1.0318473070504701,200.78636770285993,5.16888909801969,14.440813887765444,9.126653077402723,2.5028082125594273,220.17841283682526,6.496332790405673,14.717559965942888,10.008109674401148,2.652952829827739,19.669783147817398,0.013258165841257608,3.0796021729976317,0.8195742978257249,0.6482618009661695,195.49601907467945,5.250457398536355,13.440432384196356,8.145667461444978,2.8413496463187196,215.16580222249684,6.318704651108992,13.924895416046247,8.965241759270702,2.6251646589462068,50.304092866458596,0.011932112480589119,3.231064997862889,0.5351499241112616,0.6852238879671313,486.5128195071818,0.48687479537261424,11.668491365189084,5.175668292629593,1.657367851613094,536.8169123736405,1.385046526996584,12.346358733782594,5.710818216740857,1.6178607648522767,57.968971113271365,0.010265244005029928,3.216161548789234,0.5468770859742582,0.6670697497698087,473.7368077358399,0.48687479537261424,9.209914221863073,4.469215167319244,1.413175051551441,531.7057788491112,1.386572460151229,9.25716796584627,5.016092253293502,1.3627042782663947,21.948487861586216,0.011688215279303193,2.9931573911245053,0.5487121965396554,0.6875612368053224,216.4039917790758,2.0063871417980863,11.969779542116385,5.410099794476895,2.6708672825953697,238.352479640662,2.342919447014029,12.083394340040115,5.9588119910165505,2.7063712397228867,55.47737232175525,0.012031241507978407,3.1879033258324334,0.5492809140767846,0.6779453531083569,431.55073415067363,0.48687479537261424,8.647484304287218,4.272779546046274,1.529675397506431,487.0281064724289,1.385046526996584,8.688906661363257,4.822060460123058,1.5048878364984755
c<D>r<137>R<CYS>,135.89358809793774,1.3881558482732006,3.8991813703897353,1.8874109458046908,0.6873654786952711,58.4004335344746,2.880133832826562,6.271226992839568,3.89336223563164,0.8493566283961487,57.067639308625594,3.332785387154794,5.68133739063595,4.076259950616114,0.6234709276004041,145.6003418792761,1.321577898239774,3.8991813703897353,1.6545493395372284,0.6107454358713178,152.67411262628028,1.227771725279343,3.8991813703897353,1.7548748577733364,0.6164751206049927,81.19383456434676,2.237331262766592,4.0819336845364305,2.706461152144892,0.5052869254897079,161.73412348829387,1.227771725279343,3.8991813703897353,1.5702342086242125,0.5065499689542142,55.84843854243695,0.010265244005029928,2.9938595536538575,0.5370042167542015,0.6971880452583985,566.3286293846413,0.4844972934897669,9.979604381959689,5.445467590236936,1.3917490701978783,622.1770679270783,1.9205780206490346,11.14662040300675,5.982471806991137,1.3221842623286781,20.22923873162446,0.019502633112583823,3.5686610635471467,0.8428849471510191,1.0425840477790345,204.00275553405208,5.16888909801969,13.653658917832445,8.500114813918836,2.187065115097642,224.23199426567655,6.3696543136623,13.866713552993955,9.342999761069857,2.3398270632748934,18.393788339683844,0.013258165841257608,3.681185824517218,0.8758946828420878,0.7744289059492315,183.9316372577839,5.250457398536355,17.612261521317123,8.758649393227804,3.6507745651781796,202.3254255974677,6.318704651108992,17.844444425424296,9.63454407606989,3.6809010802467452,55.20951470093742,0.011932112480589119,2.9938595536538575,0.581152786325657,0.7058382396732404,493.95879695076474,0.4844972934897669,10.80947232966082,5.199566283692261,1.4990826067720004,549.1683116517023,1.9205780206490346,10.876284123331612,5.780719070017919,1.433721386719526,58.966388153896816,0.010265244005029928,3.216161548789234,0.551087739756045,0.6602712767076947,481.9624367098006,0.4844972934897669,9.979604381959689,4.504321838409352,1.4270065518681223,540.9288248636973,1.9205780206490346,10.152181555166734,5.055409578165396,1.4018694771667364,23.680453242985582,0.011688215279303193,2.9931573911245053,0.6071911087945021,0.7516293831895855,228.48730838906135,2.0063871417980863,17.870906096344697,5.858648933052855,3.7862660703911937,252.16776163204693,2.893811717832868,18.052882182761408,6.465840041847358,3.746449303070842,55.6983697955157,0.011764800314459478,3.1879033258324334,0.5925358488884649,0.7362774859650866,400.93191430107004,0.4844972934897669,10.80947232966082,4.265233130862447,1.5188485634774729,456.6302840965857,1.9205780206490346,10.876284123331612,4.857768979750912,1.4928345310949105
c<D>r<138>R<LEU>,140.36044080588564,1.3863513368359788,3.8229715556960175,1.922745764464187,0.7351879247237019,42.53839839388154,2.295011192623703,4.46662422031193,3.544866532823462,0.4973065428468469,73.61519976752187,3.150665740196668,5.68133739063595,4.089733320417881,0.6641786747146492,145.89075537089593,1.321577898239774,3.697109742117466,1.69640413221972,0.6566315677564256,168.44923217986621,1.227771725279343,3.655339381422864,1.8309699149985459,0.7012516061985878,88.35354011084746,2.242630812855659,5.68133739063595,2.8501141971241117,0.8259216463889282,172.50865777285043,1.227771725279343,3.655339381422864,1.6429395978366708,0.5910741885079205,62.79442957138811,0.011655142978041155,3.137446552625166,0.5606645497445367,0.7119324239805316,572.2189262355851,0.4844972934897669,7.484963750184761,5.109097555674866,1.0196556915848338,635.0133558069732,1.9205780206490346,7.59627284630717,5.669762105419403,0.907431372890977,9.532285647542967,0.019502633112583823,3.576343296910988,0.6354857098361978,0.9627765915772504,99.53562295652478,4.388637263802593,8.98279680572523,6.635708197101652,1.287775902746653,109.06790860406772,4.914030585506896,9.002299438837813,7.271193906937849,1.1910841106625607,21.888845310429865,0.029304734693038625,2.0381031688229267,0.7547877693251678,0.5182708367405437,272.2265971800018,4.577586116005477,20.514097031633355,9.387124040689718,5.080296288901729,294.11544249043163,5.315524275746274,20.637749367408013,10.141911810014884,4.902041041573922,59.57166886823661,0.011932112480589119,2.8536279638278073,0.5673492273165391,0.6786495987962866,490.30435846645423,0.4844972934897669,7.484963750184761,4.669565318728136,1.0017188761247717,549.8760273346909,1.9205780206490346,7.59627284630717,5.236914546044675,0.9781842461645779,73.76966959371214,0.01070241300674013,3.809344779334074,0.5674589968747088,0.6691448652717203,566.957994426813,0.4844972934897669,8.616286773682987,4.361215341744716,1.1522109399538107,640.7276640205251,1.9205780206490346,8.688906661363257,4.928674338619424,1.15187592000688,26.47946307639298,0.011688215279303193,2.9931573911245053,0.7355406410109162,0.8533259325239262,212.555682923449,2.0063871417980863,16.630786335922494,5.9043245256513615,4.812472439226675,239.035145999842,2.793239655708893,17.068122434614498,6.639865166662278,4.892913083212393,67.39394644941734,0.011764800314459478,3.809344779334074,0.5524093971263716,0.6939610751294245,512.148796378,0.4844972934897669,8.616286773682987,4.1979409539180335,1.2826131001616743,579.5427428274173,1.9205780206490346,8.688906661363257,4.750350351044404,1.2917996397690599
c<D>r<139>R<PHE>,141.69637693549922,1.3851027056142051,3.936469660096469,1.816620217121785,0.6637973671312675,43.1334769451638,2.795326518232998,4.46662422031193,3.5944564120969833,0.4002505840307263,56.68291406113013,2.720068542441886,4.637413207886889,3.778860937408675,0.5383441393209636,147.33916905173885,1.321577898239774,3.936469660096469,1.619111747821306,0.5825341189477087,164.0279941661468,1.227771725279343,3.936469660096469,1.7449786613419873,0.6339545840470427,72.25939251992149,2.2449467407712245,3.088509575104194,2.580692589997196,0.2742845622671931,168.72683610536737,1.227771725279343,3.936469660096469,1.576886318741751,0.529021365337775,62.13071501978219,0.011556163172519618,3.137446552625166,0.5547385269623409,0.7148549056294323,535.4707946333085,0.4844972934897669,10.475773495445537,4.780989237797398,1.4758262767590844,597.6015096530907,1.913261712234526,11.001641077705553,5.3357277647597385,1.397688465665896,10.642618439953234,0.019502633112583823,3.576343296910988,0.7601870314252309,1.0654771361845652,96.11561188094197,5.018671833406415,8.98279680572523,6.865400848638712,1.0917326888956842,106.7582303208952,6.3696543136623,9.002299438837813,7.625587880063942,0.8157424723994918,15.541139224002258,0.07220930796202207,1.8484228981649196,0.7400542487620123,0.49112263827565666,117.81129199411589,4.489059025498136,6.374864777757466,5.610061523529328,0.4711873552663264,133.35243121811817,4.782700895516365,7.241667744331275,6.350115772291342,0.5546307500741525,58.9835525290842,0.01147416249765465,2.8536279638278073,0.49986061465325593,0.6444274301937424,526.9310937068574,0.4844972934897669,10.475773495445537,4.465517743278452,1.2937138957966081,585.9146462359416,1.913261712234526,11.001641077705553,4.965378357931709,1.2715067719475872,66.66975266362952,0.010453206076357802,2.596197544823358,0.5128442512586886,0.627890500252439,535.4132255245033,0.4844972934897669,10.475773495445537,4.11856327326541,1.3697340045749398,602.0829781881328,1.845979536153211,11.001641077705553,4.631407524524098,1.3235756863254349,17.44868538255582,0.011688215279303193,3.008933548375005,0.6016788062950282,0.8144332682335131,95.9025796746912,1.9401285133290003,6.094650341042325,3.3069855060238345,1.0911287153258906,113.35126505724702,2.5014773029922197,6.183278542729589,3.9086643123188627,0.9803585798240534,61.33786294174297,0.010453206076357802,2.5467540626573886,0.4682279613873509,0.6149116177189858,515.495673869274,0.4844972934897669,10.475773495445537,3.9350814799181224,1.4459322658408797,576.833536811017,1.845979536153211,11.001641077705553,4.403309441305473,1.4200459766254303
c<D>r<140>R<THR>,127.20449132983119,1.3851027056142051,4.0514215302431715,1.843543352606249,0.6879570475001443,63.21844253692049,2.2942372435039258,5.252500567900686,3.5121356964955828,0.6896630172216008,71.96954322465639,2.191329214055157,5.285006725792873,3.5984771612328195,0.7142872112025325,141.16158911360267,1.3220926699230664,3.721218466948249,1.6041089672000304,0.5410970324292679,153.5264888181442,1.227771725279343,3.4897871138271164,1.7058498757571579,0.5916888033555451,103.9590688167418,2.191329214055157,5.082933521332268,2.665617149147226,0.49029933454597313,166.08389109664884,1.227771725279343,3.4897871138271164,1.5237054229050353,0.4013591290470939,48.04317264293029,0.011708505462085128,3.4416392451318867,0.5165932542250569,0.7895090884218187,447.6939789486305,0.4863126431891942,9.784493333176215,4.813913752135812,1.5817081430973552,495.7371515915608,1.5784665473691175,9.841035814585926,5.330507006360869,1.5462215585689065,14.668442175975661,0.019502633112583823,3.118834450732445,0.7334221087987831,1.0082434710090995,130.64634843748718,1.3313082849126658,9.425314261032327,6.5323174218743585,1.6786959978473435,145.31479061346283,1.762517617167945,9.891550296579503,7.265739530673142,1.553358766130587,24.81946867429939,0.010960482964929241,2.2119334024479205,0.6707964506567403,0.6564791334575362,240.90481630939303,3.946515266769893,15.382146409073357,6.510940981334946,2.2671115591735727,265.7242849836925,4.578642282519578,15.502616544632819,7.181737431991689,2.1876580861469224,48.656061005302426,0.01147416249765465,3.4416392451318867,0.4423278273209311,0.7126128396915224,486.38043848866255,0.4863126431891942,7.179678797203451,4.421640349896932,1.1822657091687725,535.036499493965,1.518788888352253,7.3552893366010945,4.863968177217864,1.1289298875945302,55.62437788152676,0.010453206076357802,4.031933911988284,0.45970560232666746,0.7201109846627349,481.2526926462906,0.4863126431891942,8.670186561845185,3.9772949805478564,1.3042272414764364,536.8770705278174,1.5784665473691175,8.714710918735127,4.437000582874524,1.2630706541582866,29.748242340918893,0.014404911208045768,3.62876751124133,0.5408771334712525,0.8183620701517709,244.11037280850633,1.3313082849126658,15.382146409073357,4.438370414700115,2.700965222570845,273.8586151494252,1.762517617167945,15.502616544632819,4.979247548171367,2.6094965645204242,54.90379616944946,0.010453206076357802,4.031933911988284,0.4427725497536247,0.7398652602732819,463.6013246837347,0.4863126431891942,8.607089136255127,3.738720360352699,1.374932756805931,518.505120853184,1.518788888352253,8.62592884836169,4.181492910106323,1.3124229730860628
c<D>r<141>R<ASP>,125.32657175405919,1.384922363343602,5.056434345050159,1.928101103908603,0.8000972855337211,49.82104223395668,2.2942372435039258,5.252500567900686,3.5586458738540485,0.7997296102046973,75.85711201106719,2.191329214055157,5.082933521332268,3.6122434290984375,0.7329864111258024,132.24333718099237,1.3250743531300317,4.085112002759076,1.6530417147624046,0.6246722645615422,151.14388687125273,1.22783702991725,3.7754280621573013,1.7372860559914107,0.6404943465795699,94.90721747436979,2.191329214055157,5.082933521332268,2.636311596510272,0.5115763658028949,158.58796658570563,1.22783702991725,3.7609207259069812,1.5547839861343689,0.5017837891372013,47.7053204255146,0.011708505462085128,3.238247458976341,0.5547130282036581,0.8027989506820287,419.8668828148975,0.4914039426594172,13.023131060577725,4.88217305598718,1.9664550712737932,467.57220324041214,1.5784665473691175,13.095583715869319,5.436886084190839,2.090738511362756,10.155821168378083,0.03288965007880584,2.7238576160027916,0.6770547445585389,0.8389374438692344,118.34986781829048,1.3313082849126658,23.450798304359523,7.889991187886031,4.54039430804362,128.50568898666856,1.762517617167945,23.664685946583297,8.56704593244457,4.440248908011784,26.325078534998827,0.037892951500782424,2.5811227060339625,0.7742670157352596,0.6967664882191641,228.19391983352216,3.946515266769893,12.643551152291366,6.7115858774565345,2.2746324566395186,254.518998368521,4.782700895516365,14.257610454532477,7.485852893191795,2.372358280643463,43.9928460038725,0.01147416249765465,3.0004008945851073,0.45825881254033857,0.6692455836024598,437.8088928868283,0.4914039426594172,13.023131060577725,4.560509300904461,1.7591296415293805,481.8017388907008,1.5166692798098287,13.095583715869319,5.0187681134448,1.7958802517668793,50.94413160970686,0.010453206076357802,3.152744187787916,0.4548583179438112,0.7005688629003523,429.035283057161,0.4914039426594172,8.695861227516616,3.8306721701532234,1.2685067918535387,479.97941466686785,1.5784665473691175,11.03470513264399,4.285530488097034,1.379087608501507,25.62729619849977,0.014404911208045768,3.899647888051385,0.5230060448673423,0.8446915177104679,225.58790400088128,1.3313082849126658,12.643551152291366,4.603834775528189,2.4840028224614996,251.21520019938106,1.762517617167945,14.257610454532477,5.126840820395532,2.5378299349002584,51.04001258667624,0.010453206076357802,3.251576972353128,0.4516815273157189,0.6951150514104485,410.7058900643815,0.4914039426594172,8.695861227516616,3.634565398799836,1.3012566730955708,461.74590265105775,1.5166692798098287,11.03470513264399,4.086246926115555,1.3712877845458327
c<D>r<142>R<PHE>,129.24221537408295,1.3884317409408795,4.0002027950010515,1.8463173624868991,0.6734036845614076,52.36953611336828,2.6570027017576883,7.7681422182752256,3.740681150954877,1.2145557828450941,72.90973919818079,2.191329214055157,4.810300332674848,3.6454869599090394,0.7156309000713029,136.45231965589366,1.3250743531300317,3.9887325865459577,1.605321407716396,0.5498402229593768,155.208586413547,1.22783702991725,3.7754280621573013,1.7055888616873298,0.5836984682066169,93.65671360869273,2.191329214055157,4.502849370353791,2.6759061031055063,0.45847150760496835,162.04831417688777,1.22783702991725,3.695157372876205,1.5287576809140355,0.44003515438887997,46.27090395600409,0.011708505462085128,2.803978910032697,0.5258057267727737,0.7197220154557663,414.92468760020165,0.4863126431891942,10.460244361778678,4.71505326818411,1.6796020463184052,461.1955915562057,1.5784665473691175,11.35534729244835,5.240858994956883,1.7237099505643256,12.616641620854434,0.03288965007880584,2.7238576160027916,0.7885401013034021,0.9986730661001382,136.83432758141498,5.104532966599436,16.92515000086223,8.552145473838436,3.7666565275161146,149.4509692022694,5.92225888650167,18.124855326502406,9.340685575141837,4.067174596470545,24.357293082373012,0.044298999013919094,7.027256676160185,0.9021219660138152,1.3181733081995037,212.9060291095775,4.025614921211854,22.097804635773173,7.885408485539908,4.1819197604550755,237.26332219195052,4.782700895516365,22.693827547373694,8.787530451553723,4.575061876849376,41.78461514597838,0.01147416249765465,2.91257102162092,0.4096530896664547,0.5892013010042535,441.2811813789003,0.4863126431891942,9.124857128632357,4.326286091950003,1.457064180768668,483.0657965248788,1.5101975383260906,9.236303945677378,4.735939181616459,1.4459136513252526,55.71108547841208,0.010639660827450825,2.5926723374577207,0.4802679782621731,0.6416388631262856,439.8222228044715,0.4863126431891942,7.612771048728973,3.791570886245444,1.1435808059731778,495.53330828288364,1.5784665473691175,7.646297975666844,4.271838864507617,1.1832640922432418,29.360464640549502,0.019126158525248016,10.074639694256202,0.652454769789989,1.5912177697572918,193.19124308461141,1.9401285133290003,22.097804635773173,4.293138735213587,3.1104998415794074,222.55170772516095,2.5014773029922197,22.131196021857868,4.945593505003576,3.5558346827477054,52.35920333880687,0.010639660827450825,2.5926723374577207,0.4291737978590727,0.5919261679279186,429.85387248039024,0.4863126431891942,7.612771048728973,3.5233923973802477,1.181263038874529,482.2130758191972,1.5101975383260906,7.646297975666844,3.952566195239321,1.1883690914412366
c<D>r<143>R<ASP>,101.31994336072646,1.3903248698046586,4.029066443146838,1.8762952474208603,0.681140449210389,56.654504592879874,2.6570027017576883,5.134362609689626,3.540906537054992,0.7184670153857454,60.267265037941776,2.1973832267708167,4.810300332674848,3.766704064871361,0.6753001912793909,117.89648976739394,1.3251933747834814,4.029066443146838,1.6605139403858302,0.6019655924692547,121.06475958406013,1.2266452728149568,4.029066443146838,1.7051374589304242,0.5906666925553689,87.99357382579512,2.1973832267708167,3.7123693651102845,2.6664719341150036,0.3971073091356689,136.75765215975133,1.2266452728149568,4.029066443146838,1.5540642290880833,0.47118494471840994,30.267458394527182,0.011785432948260954,2.8866005612017513,0.5404903284736997,0.7637100447534686,277.38451909362357,0.4914039426594172,10.460244361778678,4.953294983814707,1.6972444158388162,307.65197748815075,1.5784665473691175,11.35534729244835,5.493785312288407,1.7755923878648023,13.14623372905071,0.034103994894435274,6.562915657382948,0.9390166949321935,1.6983458765088055,99.54940074190927,5.104532966599436,9.456624132836623,7.110671481564948,1.165654385111566,112.69563447095996,5.92225888650167,14.166645708088911,8.04968817649714,2.021373473151976,21.697694085617492,0.011453841373942453,5.651413251251759,1.0848847042808747,1.5820040012892538,144.89409628599788,3.885211350197096,16.136819587562968,7.244704814299894,2.661499602498059,166.59179037161536,4.9787809070457705,16.14827342893691,8.329589518580768,2.7492080289564527,32.99185972659268,0.0109785479640081,3.3551556549670067,0.48517440774401,0.7223074973505924,306.2622644632629,0.4914039426594172,9.124857128632357,4.503856830342102,1.5068019694574997,339.2541241898556,1.5166692798098287,9.236303945677378,4.9890312380861115,1.5386099061464718,33.8231929339832,0.011785432948260954,3.544202956956843,0.4509759057864427,0.695060466936008,299.9687541355297,0.4914039426594172,8.780672928864988,3.9995833884737295,1.41170530789574,333.7919470695129,1.5784665473691175,8.849769551339287,4.450559294260172,1.4422038371221244,22.54518538585463,0.016270896413209,7.28060093501097,0.5243066368803402,1.2243394341297362,195.37126158723459,2.396111839891091,11.420986767939212,4.543517711331037,2.21145588335768,217.9164469730892,2.57540483247234,11.43725766435242,5.067824348211377,2.3500857823458046,36.41249851071527,0.0109785479640081,3.580776352682035,0.41853446564040536,0.6553562951884818,331.06584341398593,0.4914039426594172,8.233963320870316,3.8053545219998384,1.4072035633593,367.4783419247012,1.5166692798098287,8.252366542317018,4.223888987640244,1.3922860960222343
c<D>r<144>R<SER>,104.28011798595526,1.3554535103666736,4.512713025106991,1.9311132960362085,0.7734292762884712,54.2088399831637,2.142319599959861,5.134362609689626,3.6139226655442465,0.7283019420224532,56.67489029035667,2.1973832267708167,4.834800697639258,3.7783260193571113,0.6756950427353647,117.32813663257481,1.3209999784114257,4.4459055403280665,1.6761162376082115,0.6820582815124049,123.49634115897435,1.223221632612509,3.9242086953849435,1.764233445128205,0.6584828403712583,86.05701002296502,2.142319599959861,3.8156255957114045,2.776032581385968,0.49814274670225717,135.30095013332019,1.223221632612509,3.8890748680014484,1.573266862015351,0.5130116288721083,30.497037474241424,0.011785432948260954,4.889531823289552,0.6777119438720316,0.9952606526813709,237.38076393553706,0.4914039426594172,16.47833348428435,5.2751280874563795,2.4487252346944564,267.8778014097785,1.336363975543521,16.80519654106223,5.952840031328411,2.4887920069752236,11.802095812778392,0.03936478777282737,4.34789024419395,0.7868063875185595,1.1986213087246524,118.13380303404188,5.837912287691324,10.84031639139016,7.875586868936125,1.6494210476643851,129.9358988468203,5.92225888650167,11.951620294899913,8.662393256454687,1.962633433563459,13.802078123544229,0.016270896413209,2.5734806088392403,0.657241815406868,0.5803321057532373,151.66910158311657,3.661600324875508,15.793028039528508,7.222338170624599,2.669504929500956,165.4711797066608,4.794052394665056,16.816721653867265,7.879579986031466,2.6337999175388966,30.40433681880277,0.011785432948260954,3.50129746589609,0.5334094178737327,0.8204470765935467,270.86287522268617,0.47559963291951135,16.47833348428435,4.75198026706467,2.256731662081318,301.26721204148896,1.3027130051992728,16.80519654106223,5.285389684938403,2.222074084082466,33.546291996625115,0.011785432948260954,2.8379202260377436,0.4861781448786249,0.6041814991343222,291.44585224001844,0.4914039426594172,16.47833348428435,4.22385293101476,2.1102717275910585,324.9921442366436,1.336363975543521,16.80519654106223,4.710031075893386,2.095965963500213,18.836501738719008,0.01177784780089386,3.600213398902314,0.4094891682330219,0.722344525677051,230.23313211469667,2.401634983429176,11.420986767939212,5.005068089449928,2.2324126526533457,249.06963385341567,2.5941350328391177,11.43725766435242,5.414557257682949,2.1943276036417885,32.137248928978856,0.011785432948260954,1.727956852154934,0.40680061935416273,0.4738023958436757,316.4940716786459,0.47559963291951135,16.47833348428435,4.006254071881594,2.0301072352494356,348.6313206076248,1.3027130051992728,16.80519654106223,4.413054691235756,1.9696646629900791
c<D>r<145>R<GLN>,61.08195791874079,1.3554535103666736,5.153279158958094,1.970385739314219,0.8562571976305492,36.00281886049298,2.142319599959861,5.134362609689626,3.6002818860492978,0.8844082869901987,43.753604665846716,2.1973832267708167,4.796707345668661,3.646133722153893,0.6640660632793053,71.88211377751915,1.3209999784114257,4.581945140025827,1.7114788994647416,0.753277044215053,81.31316569335475,1.2292104028771724,5.153279158958094,1.8480264930307897,0.834926871663699,63.349042504885254,2.142319599959861,3.964232203441279,2.7543061958645763,0.5257391759724324,90.63421114977527,1.2292104028771724,4.581945140025827,1.6478947481777322,0.677900398091775,12.752623432566686,0.010718424107121649,4.889531823289552,0.671190706977194,1.1814092356047925,106.03857482110493,1.214758543590733,9.177594316063733,5.5809776221634175,1.9815535028708338,118.79119825367162,1.336363975543521,9.209853488259673,6.252168329140612,2.076885713639529,2.460717867282135,0.03936478777282737,0.9575547637892168,0.30758973341026685,0.31459649231944015,61.91801082337133,5.837912287691324,10.663039845841013,7.739751352921417,1.7285754252545866,64.37872869065347,5.92225888650167,10.74892245793341,8.047341086331684,1.6741409982133841,9.994475490024113,0.0819587478204955,2.5734806088392403,0.6246547181265071,0.6122131897472423,101.59724797094259,3.661600324875508,8.780672928864988,6.349827998183912,1.5694676132867238,111.5917234609667,4.794052394665056,9.531383877257035,6.974482716310419,1.4382586613370942,13.831757303377127,0.011785432948260954,3.50129746589609,0.47695714839231473,0.878330523501657,132.69002944029512,0.47559963291951135,7.893138187881959,4.5755182565619,1.6115600152734184,146.52178674367227,1.3027130051992728,7.949512926248147,5.052475404954216,1.6589479728312293,16.407123512606017,0.010718424107121649,2.4863924328314164,0.42069547468220553,0.5649064171620689,176.16509345078225,1.214758543590733,9.177594316063733,4.517053678225186,1.799174169358667,192.57221696338829,1.336363975543521,9.188312740170854,4.937749152907392,1.8465091040557804,13.642648932529573,0.021948835984240134,2.472534906715941,0.42633277914154916,0.5578134375903278,134.94083050751215,2.401634983429176,7.704088549233347,4.216900953359755,1.4929624065151057,148.58347944004174,2.5941350328391177,8.442597362290348,4.6432337325013044,1.6174894826387467,16.95037477669805,0.011785432948260954,1.793315502982873,0.33900749553396103,0.48548125692014027,201.59008154789603,0.47559963291951135,7.893138187881959,4.03180163095792,1.6239115584152555,218.54045632459412,1.3027130051992728,7.949512926248147,4.370809126491882,1.61268566481737
c<D>r<146>R<THR>,94.60154582954114,1.3884317409408795,4.115003013363347,1.819260496721945,0.666309042892185,50.10832014011918,2.6570027017576883,6.0269778570285775,3.8544861646245527,0.9062711025181553,54.4202704673319,2.1973832267708167,4.834800697639258,3.887162176237993,0.6299138231023822,107.02080024270974,1.325776458333347,3.9254132736514675,1.621527276404693,0.561949424990808,114.42342143421172,1.2292104028771724,3.9314032748582735,1.7078122602121153,0.6053604369917608,78.67826619958673,2.1973832267708167,3.811740377397912,2.809938078556669,0.521716003748424,125.85005508324248,1.2292104028771724,3.530158807908763,1.5537043837437343,0.46173529716716627,27.304372452574142,0.011556163172519618,3.8072228270836526,0.5935733141863944,0.8528929331867049,245.01724091848246,0.4914039426594172,10.460244361778678,5.326461759097445,1.7895032834271611,272.3216133710566,1.9277247924089893,11.35534729244835,5.92003507328384,1.8796333159315022,6.16287264544403,0.03936478777282737,1.7502736195650712,0.5135727204536692,0.5080014822478166,108.96230038704198,5.837912287691324,15.914105160531108,9.080191698920165,3.305371167668038,115.125173032486,5.92225888650167,17.66437878009618,9.593764419373834,3.6769308472664863,14.897621286450933,0.0819587478204955,3.4638944616863103,0.7448810643225466,0.832909929011182,127.51316565765046,3.661600324875508,9.956298859375238,6.375658282882523,1.556343539988278,142.41078694410137,4.794052394665056,10.128808907162162,7.120539347205069,1.532828532282614,29.674485998875703,0.011556163172519618,3.6635763068919243,0.529901535694209,0.8801350918214371,272.02919768234915,0.4914039426594172,9.124857128632357,4.857664244327664,1.6985732507971916,301.7036836812249,1.5101975383260906,9.236303945677378,5.387565780021873,1.7560948492904276,31.49353497076536,0.011556163172519618,2.7753508916665437,0.4435709150812023,0.6220245950794563,312.6325853750295,0.4914039426594172,7.672155229020063,4.403275850352529,1.4850936419374916,344.1261203457949,1.9277247924089893,8.371904346700383,4.846846765433731,1.4727322627623503,16.45566756200008,0.021948835984240134,1.7808274983867083,0.45710187672222446,0.5195703292143913,151.8802034001401,2.401634983429176,7.704088549233347,4.21889453889278,1.4453652625932798,168.33587096214015,2.5941350328391177,8.21622353113179,4.675996415615004,1.6014481600740869,34.379936572324794,0.011556163172519618,2.7753508916665437,0.4142161032810216,0.6063584749786831,344.3049799168484,0.4914039426594172,7.893138187881959,4.148252770082511,1.5547559490152392,378.68491648917325,1.5101975383260906,7.949512926248147,4.5624688733635335,1.5543122126806088
c<D>r<147>R<ASN>,102.72528106306753,1.3884317409408795,3.9686871843811202,1.9382128502465572,0.7255556081920423,43.31811180789147,2.6570027017576883,5.895626779423416,3.93801016435377,1.0072426961368601,53.32563245530273,2.2170768938373366,4.136878387810335,3.5550421636868488,0.4772768714529832,108.81897753776185,1.2837812200598033,3.9254132736514675,1.674138115965567,0.6029127488467168,121.0140859740838,1.2030606178875474,3.817741386483503,1.7538273329577363,0.6271891266101493,74.55189754257229,2.1888599394372457,3.811740377397912,2.7611813904656404,0.476994751730823,127.06610188525971,1.2030606178875474,3.530158807908763,1.5687173072254286,0.4843363649339401,33.907764257870866,0.011225689026259644,4.940208866580807,0.7371253099537145,1.1412213122549804,246.95183568861012,0.4914039426594172,9.421369327156754,5.368518167143698,1.8001136760148702,280.85959994648107,1.9277247924089893,9.65468292032006,6.105643477097415,1.9567768266554983,11.66836500125736,0.041730166988102724,5.278083381622455,0.8975665385582585,1.4363386247805692,120.50949851837049,4.54556013081401,12.569894931434646,9.269961424490038,2.391189004639733,132.17786351962786,4.864557809596306,13.829558850733726,10.167527963048297,2.633073290947873,20.05972742435047,0.013076070753170299,5.871761259025982,0.9552251154452605,1.4372629091913187,127.7796366632956,3.661600324875508,10.567672483238312,6.084744603014077,1.6962047859563376,147.83936408764606,4.754698740153971,10.784473656365401,7.039969718459337,1.8250187417387405,34.276403656844174,0.011225689026259644,4.478119535160538,0.6995184419764117,1.1163248157824308,244.3054624455608,0.4914039426594172,9.421369327156754,4.985825764195119,1.8454271268500726,278.58186610240494,1.7850921485428506,9.432595016183013,5.685344206171529,1.9790979867258884,39.09271697199366,0.011556163172519618,3.5180867939186555,0.5923138935150555,0.7875310676497811,285.68637989480067,0.4914039426594172,7.672155229020063,4.328581513557586,1.5048911192051118,324.77909686679436,1.9277247924089893,8.371904346700383,4.920895407072642,1.4813425223314154,20.520984698922664,0.012454301649317934,4.0569995483742165,0.5700273527478518,0.8329076356961025,143.9639316349958,2.1923702842332204,6.682088216400189,3.998998100972105,1.1886593591998298,164.48491633391845,2.928246790826933,7.61788160458803,4.569025453719957,1.2999246393267148,38.1407037448071,0.011556163172519618,3.0361213198449803,0.5371930104902408,0.740935611258635,282.9886768711949,0.4914039426594172,7.515144684974985,3.985756012270351,1.4521171178286378,321.1293806160019,1.7850921485428506,7.636604602539549,4.52294902276059,1.4848714699106291
c<D>r<148>R<VAL>,129.51041896809207,1.3884317409408795,3.9686871843811202,1.9622790752741222,0.7641040636879528,60.05979265508219,3.3609483958418362,6.647310959258426,4.2899851896487275,1.0266149572681167,68.98902300057095,2.2170768938373366,5.348958131724738,3.631001210556366,0.644821898959647,138.86837969431784,1.2837812200598033,3.936469660096469,1.7144244406705906,0.6455368248544823,154.45513098027445,1.2089355386324472,3.936469660096469,1.7959898951194704,0.6960615020140483,94.99588568417579,2.1888599394372457,4.960828281349092,2.793996637769876,0.6220192355993432,163.85227795138547,1.2089355386324472,3.936469660096469,1.6222997816968858,0.5754905788984332,53.69837647167694,0.010163570911895903,4.940208866580807,0.6884407239958582,1.0793870392316178,422.9396163731492,0.4914039426594172,12.490321041763536,5.422302774014733,1.8208624820941917,476.6379928448262,1.9277247924089893,12.507505822099368,6.110743498010592,1.917959983494515,14.802646577055999,0.04809406367114377,3.6312579519410875,0.8223692542808888,1.016845906488983,217.50513031280934,6.353343708870852,19.136570192362342,12.08361835071163,3.7261176011898476,232.30777688986535,7.037787146819346,19.455238753350507,12.90598760499252,3.713770505284908,23.266090939330432,0.013076070753170299,4.940649209892138,0.9306436375732173,1.179584568582064,168.1443677471234,3.8063125614398814,12.84703680973871,6.725774709884936,2.2734851561042975,191.4104586864538,4.126664289889188,13.382306382837005,7.656418347458152,2.331018647708492,55.39413222930129,0.010163570911895903,5.1060514718306536,0.7288701609118591,1.129926354678578,397.0208572639974,0.4914039426594172,9.421369327156754,5.223958648210492,1.6512661088820602,452.4149894932988,1.9277247924089893,9.432595016183013,5.9528288091223525,1.7390600894614192,59.810645750398365,0.010163570911895903,4.38474222733762,0.5696251976228416,0.8148827992953055,477.3924877083216,0.4914039426594172,13.103633600586363,4.546595121031634,1.8078349442382118,537.20313345872,1.9277247924089893,13.261082940771924,5.116220318654476,1.8024302157448457,23.244023451870838,0.010995042618600959,4.2073116190908255,0.5534291298064485,0.9174442311096135,219.50444626937133,2.224700502883934,20.42681746506514,5.226296339746936,3.798043500970256,242.74846972124217,2.5884431019333505,20.625615718985987,5.7797254695533855,3.860072867065773,59.78635866056088,0.010163570911895903,4.38474222733762,0.548498703307898,0.8328525413068081,482.5053525088331,0.4914039426594172,13.103633600586363,4.426654610172781,1.8196779593447456,542.2917111693938,1.6146316541637875,13.234327220666003,4.975153313480677,1.8224308351069802
c<D>r<149>R<SER>,92.92725425076787,1.3610642556211485,4.058117860525792,1.9771756223567634,0.7922494730138959,45.5168838791338,2.1405486694811278,5.050735658669843,3.5012987599333694,0.6816859581832593,68.41800234185949,2.9254626686170724,5.348958131724738,3.801000130103305,0.5843329626459003,102.76975304278307,1.2837812200598033,3.5811699900011127,1.6847500498816896,0.5862012923175972,121.46772888349669,1.2089355386324472,3.797822489675791,1.8404201345984348,0.71667485300994,89.23263235098312,2.1405486694811278,5.348958131724738,2.7885197609682226,0.6474831346117089,132.76137555127661,1.2089355386324472,3.797822489675791,1.6595171943909577,0.6083405308581994,26.764633738659263,0.010163570911895903,5.26645885721539,0.7647038211045504,1.3009510493399794,171.24996090085347,1.2136279408496193,8.47662216187291,4.892856025738671,1.3660576209580608,198.01459463951272,1.3307180710329582,9.657432894638283,5.65755984684322,1.787411628943733,11.023195945000337,0.10410118137611946,6.188675383532235,1.2247995494444819,1.8295618599944043,81.70125709827744,6.541766225189576,10.979691127891783,9.07791745536416,1.2656419847526774,92.72445304327778,8.79370496193975,12.730441608721812,10.302717004808642,1.1440869428841323,23.64370608297518,0.010990580635102276,4.0568338122784695,0.8756928178879696,1.123725454874461,202.42899635680556,3.8063125614398814,18.093324557728238,7.497370235437243,2.8555532143119,226.07270243978073,4.126664289889188,18.119683633597084,8.373063053325213,2.7450540177006744,27.804807916650745,0.011019071095699218,5.540352752158675,0.662019236110732,1.2118468833934615,188.81556967634629,0.4779277440875376,8.47662216187291,4.4956088018177685,1.720157032141314,216.62037759299702,1.2912076441049296,9.657432894638283,5.1576280379285,1.988677314204577,33.48511993979362,0.010163570911895903,4.0568338122784695,0.5151556913814404,0.7634917878302995,285.05926075155435,1.2136279408496193,11.140186924927548,4.385527088485452,1.8330693968041,318.544380691348,1.3307180710329582,12.461747366150135,4.900682779866893,1.974869879066228,23.584214463552982,0.010995042618600959,4.0568338122784695,0.5615289157988805,0.8734669779714855,208.6518089354836,2.2681036052326817,11.140186924927548,4.967900212749609,2.405431742135947,232.23602339903655,2.5103057272306275,12.461747366150135,5.52942912854849,2.611421076371513,34.323579794098606,0.010995042618600959,4.0568338122784695,0.4834307013253325,0.6968251985391324,274.3090217640513,0.4779277440875376,11.140186924927548,3.863507348789455,1.6879463340182999,308.63260155814993,1.2912076441049296,12.461747366150135,4.346938050114788,1.8727168430364778
c<D>r<150>R<GLN>,115.43565819562426,1.3610642556211485,4.359700427936623,2.061351039207576,0.8437183944789829,63.579925406835066,2.1405486694811278,5.709563267517335,3.739995612166769,0.9976070524219871,96.52920076110888,2.0962646451618583,4.9268635954172915,3.861168030444355,0.6970794939872207,129.81364925145036,1.2837812200598033,4.359700427936623,1.7542385033979777,0.7326313465102171,150.42831404537569,1.1859418961387251,3.797822489675791,1.8344916346997036,0.6979709918146955,120.08304265229323,2.0962646451618583,4.572168209256021,2.7926288988905403,0.6328456227980145,164.1595893274051,1.1859418961387251,3.797822489675791,1.6415958932740509,0.5766917131426279,39.456974735414704,0.010163570911895903,8.44638885393335,0.6922276269371,1.286289324089997,329.89639621732,1.2136279408496193,13.877117790955026,5.78765607398807,2.4560437039682452,369.35337095273474,1.3307180710329582,16.37045806655744,6.47988370092517,2.800704850882795,19.327129921003216,0.017996147806368157,6.3529589352820395,1.0737294400557342,1.5859766691099886,197.36224603724372,5.1536372769362515,16.997950438858425,10.964569224291317,3.3673402738916414,216.68937595824696,5.86108540735796,17.29093743530223,12.038298664347053,2.8764099059297483,57.137754280002135,0.010176559974802046,10.285509233901585,1.298585324545503,1.976446182461577,365.13677589006727,3.8063125614398814,18.081766272136747,8.298563088410619,2.9830879757372197,422.27453017006945,4.699256108151361,18.10338789363294,9.597148412956123,3.1475608021830195,47.33499652549772,0.010151352980311223,8.44638885393335,0.7634676858951246,1.3964027495270463,333.55928870897037,0.4779277440875376,13.877117790955026,5.379988527564039,2.882823787230815,380.89428523446804,1.2912076441049296,16.37045806655744,6.143456213459162,3.147781910671606,58.39718736174272,0.010163570911895903,6.886643705736434,0.6083040350181533,1.0596602020683272,433.74842842335994,1.2136279408496193,11.140186924927548,4.518212796076666,1.9580959535748947,492.1456157851027,1.3307180710329582,11.92371697405598,5.126516831094819,2.1612158891855167,54.99828789638372,0.010459061757877919,6.4930437838853425,0.7856898270911961,1.266896869444817,430.8486591748714,2.2681036052326817,14.007558292729527,6.154980845355306,2.814201519308417,485.8469470712551,2.5103057272306275,14.38726420403492,6.940670672446501,2.9846783243443027,60.957800361332474,0.013960702662594748,6.886643705736434,0.6484872378865156,1.1157322475561515,375.99080939683586,0.4779277440875376,11.140186924927548,3.9999022276259133,1.9036178976944722,436.94860975816835,1.2912076441049296,11.92371697405598,4.648389465512429,2.0931440330618107
c<D>r<151>R<SER>,112.63496119199773,1.391157738096518,3.890703579880749,1.846474773639307,0.5865351031430991,67.70923583653389,2.5956142355343115,5.709563267517335,3.5636439913965208,0.7665350051501101,82.20056837347755,2.1942187134916216,6.083506924361252,3.914312779689407,0.8127534629674715,128.45430128598787,1.2918401348489348,3.890703579880749,1.5858555714319489,0.459998131087607,139.47337665774376,1.2256787290321365,3.2461657331444753,1.6804021284065513,0.4982907686762088,111.54829290396177,2.1942187134916216,4.545935978631458,2.720690070828336,0.5797199904360403,155.67191388796826,1.2256787290321365,3.2461657331444753,1.511377804737556,0.37151948580618915,33.348463375935665,0.010163570911895903,4.45269982773252,0.5850607609813274,0.8735248897581706,296.58057013574523,1.4794155237659652,12.087248403702006,5.2031678971183375,1.9943228933435477,329.9290335116809,1.5748704677187235,12.683750437305765,5.788228658099666,2.007824261071975,24.79987823321862,0.010300646867662522,6.458551217504443,1.0333282597174425,1.7780563790753563,276.48731607101,3.0201364821207335,19.484050179296503,11.520304836292084,4.794875622996698,301.2871943042286,3.2248338251880124,19.53340859073007,12.553633096009525,4.521130184861266,35.609314382432174,0.010176559974802046,7.967959469498474,0.9370872205903203,1.4645894608066339,313.5855902731314,3.8063125614398814,18.081766272136747,8.252252375608721,3.3767261709365073,349.19490465556356,4.699256108151361,18.10338789363294,9.18933959619904,3.613356180876455,34.12324427971122,0.010151352980311223,4.920414100658807,0.4489900563119898,0.803593463149904,362.79896921642387,0.574186924869764,13.80459389072439,4.773670647584525,2.5425207051637053,396.9222134961351,1.4955820631372756,13.852056040934459,5.222660703896515,2.540329737023064,41.26863114357538,0.010163570911895903,3.285528685491564,0.45854034603972643,0.6603321576838622,378.7465246663443,1.4794155237659652,10.846566986748257,4.208294718514937,1.5985044516533367,420.01515580991975,1.5748704677187235,10.961295382620131,4.666835064554664,1.5458090688970247,38.56368986267416,0.010459061757877919,4.996159513736538,0.5671130862157965,0.7898550024912716,381.08537782761226,1.995427049675527,15.411738886628882,5.604196732759004,3.092948597409873,419.6490676902864,2.201753376519437,15.435080002208675,6.1713098189748,3.096821565900485,42.2962960503931,0.011412920462584353,3.285528685491564,0.4106436509746903,0.596838881476248,380.86079229943397,0.574186924869764,10.846566986748257,3.6976775951401355,1.576159421280031,423.15708834982706,1.4955820631372756,10.961295382620131,4.1083212461148255,1.5612529949782357
c<D>r<152>R<LYS>,105.4275475528036,1.355186083330414,3.890703579880749,1.849606097417607,0.6295166322756816,70.13930176915758,2.6315166307434086,4.615740974110773,3.6915421983767147,0.5436636101424747,64.07971085093675,2.1942187134916216,4.782433419063722,3.769394755937456,0.6552487640094279,123.95112254466008,1.2918401348489348,3.815949023619127,1.6097548382423388,0.5050487611949263,127.98734160068538,1.2158729833661883,3.6013577386334514,1.7064978880091384,0.5594964907185874,101.27409385482122,2.1942187134916216,4.195043707622526,2.737137671751925,0.5204883827744096,146.17863517155362,1.2158729833661883,3.4393342858449167,1.5387224754900382,0.42826109958527003,25.912942682388607,0.010163570911895903,3.548461224807589,0.5288355649467062,0.7075519176470318,266.0275212726796,1.4794155237659652,12.837387157264914,5.429133087197544,2.369597848686879,291.94046395506825,1.5748704677187235,13.021239167040086,5.95796865214425,2.5416937025470148,25.987606086967006,0.020737906011024876,6.12842879584408,1.082816920290292,1.5696650164074557,247.35410529517696,4.949509284927444,17.751338415515022,10.306421053965707,3.2133832549295103,273.34171138214396,5.612408215425322,18.24563519299427,11.389237974255998,3.012905530597631,26.883970475307553,0.010176559974802046,5.269283476063794,0.995702610196576,1.2496556865123845,208.24724679584045,4.036282170960476,14.241612938255457,7.712860992438535,2.569208561285162,235.13121727114802,4.699256108151361,14.266550115181396,8.708563602635111,2.791828008135511,29.210265941255308,0.010151352980311223,2.9595900466078646,0.4788568187091034,0.6513734378629349,305.1023873311943,0.574186924869764,12.875874883211566,5.00167848083925,2.6181712868194005,334.3126532724496,1.4955820631372756,12.891535935130998,5.480535299548354,2.6329116685497085,36.48985672892162,0.010163570911895903,2.714709431946841,0.4865314230522883,0.6522882282521255,306.5799318078863,1.4794155237659652,9.472777942232497,4.08773242410515,1.4025135272278675,343.06978853680795,1.5748704677187235,12.12156476282099,4.5742638471574395,1.5195127836044084,36.00627717546106,0.010459061757877919,8.376509697668908,0.6546595850083828,1.3176811539421627,301.6491169954152,2.161510262985985,11.452737374309947,5.4845293999166405,2.393200818192115,337.65539417087626,2.5361804141950284,11.857866966705615,6.139188984925023,2.4682626564942884,38.76601237695971,0.013960702662594748,3.5017073294341516,0.43557317277482815,0.6328629496434933,338.67112701623853,0.574186924869764,11.740884152584158,3.8052935619802084,1.602885588771705,377.4371393931982,1.4955820631372756,11.755514525530259,4.240866734755036,1.6179653767689315
c<D>r<153>R<ASP>,90.38662186891142,1.3891084861830427,4.318052157989504,1.9649265623676395,0.7741485953357237,46.586214529529286,2.6315166307434086,6.320630007090738,3.8821845441274405,1.0922387412857142,62.683689346549784,2.1942187134916216,4.397866219042445,3.4824271859194322,0.6606090246338667,98.69241625477723,1.325857421899574,4.318052157989504,1.6727528178775801,0.6135924506693456,114.5221735338597,1.224352166764269,3.668387505447374,1.7618795928286108,0.633897851674024,86.7646186029264,2.1942187134916216,4.487810754242155,2.7988586646105293,0.6220172916779412,123.41470876799875,1.224352166764269,3.4393342858449167,1.582239855999984,0.48865336170383894,26.07170136523083,0.010150222910545459,4.914908870848613,0.6685051632110469,0.9958099026475293,249.196678246386,0.4860600616011652,15.304731181851139,6.389658416574,3.4237209211976243,275.2683796116169,1.9217173703245227,15.35135909192386,7.05816357978505,3.432275020615749,14.874072647720313,0.0523118500104065,5.439216669005198,1.2395060539766927,1.6926009333971654,150.0906420367631,5.1536372769362515,17.751338415515022,12.50755350306359,3.5027133152737617,164.9647146844834,5.86108540735796,17.87339068853764,13.747059557040282,3.404696118696442,19.298077601612842,0.010176559974802046,2.445692605508805,0.6654509517797532,0.7479177785100406,192.1269599133458,2.62374738361018,15.38448645719933,6.62506758321882,2.4265532012998925,211.42503751495863,2.656138151638517,15.398236385677539,7.290518534998574,2.393856712437944,22.281007076321085,0.010151352980311223,4.326037692648889,0.46418764742335594,0.7771946672295371,287.07103533323794,0.4860600616011652,15.304731181851139,5.980646569442457,3.5625736381665614,309.35204240955903,1.5145885746139065,15.35135909192386,6.4448342168658135,3.5683358979504964,41.069778369625745,0.010150222910545459,6.8789611515145435,0.612981766710832,1.0467447014401994,284.0789196710915,0.4860600616011652,8.106330296191473,4.239983875687933,1.3906435380033602,325.1486980407173,1.9217173703245227,12.12156476282099,4.8529656423987655,1.6558758948827388,23.374551788388874,0.013006711218763733,2.1671129829954534,0.4674910357677775,0.4745721433357378,282.6067564231612,2.5242943448411097,11.968024197660782,5.6521351284632235,2.477590786041747,305.98130821155,2.656138151638517,12.226748864078683,6.119626164231001,2.4843942732179203,36.54438485537547,0.011412920462584353,6.7659416838089435,0.4872584647383396,0.9118001080813409,304.1965733043703,0.4860600616011652,11.740884152584158,4.055954310724937,1.7443384130480062,340.74095815974573,1.5145885746139065,11.755514525530259,4.543212775463276,1.8883923204306399
c<D>r<154>R<SER>,74.13744906271174,1.3837844952510654,6.156658595458914,1.9509855016503088,0.9634189965532126,36.52034776902639,2.6315166307434086,6.768378646119009,4.0578164187807095,1.475044138394414,75.37985829679978,2.1942187134916216,6.230396500321225,3.768992914839989,1.027579713114852,82.83942610633065,1.325857421899574,6.156658595458914,1.7258213772152218,0.9063928270588558,104.51416130055611,1.2196694005329969,4.703039312131748,1.7714264627212901,0.7225761803584196,87.24934651741967,2.1942187134916216,5.128590938548401,2.9083115505806556,0.8177045270805099,112.73682415797667,1.2196694005329969,4.223725125933401,1.6338670167822706,0.6589064661413938,22.353224610748114,0.010150222910545459,4.914908870848613,0.9313843587811714,1.1896407424691189,185.82988969201205,0.4886993819127383,17.93223695527672,7.742912070500502,4.146551344782496,208.18311430276015,1.9147912853229003,18.74053605106845,8.674296429281673,4.230129190561927,8.210126934312505,0.0523118500104065,4.121336029700451,1.1728752763303578,1.4528216245402126,99.96739815738073,12.160011593765375,17.751338415515022,14.281056879625819,1.979270322645063,108.17752509169323,13.15172449374398,18.24563519299427,15.453932155956176,2.000636156736412,38.98442149350598,0.013749928478208773,8.22819766282043,1.1813461058638175,1.8032697687212798,252.04792024857906,2.0502831799549313,19.371489321948843,7.637815765108456,3.5007472683683543,291.03234174208507,2.6396887919516754,21.28953179049318,8.819161870972275,4.025972298952733,19.611186148113358,0.010151352980311223,4.326037692648889,0.5942783681246472,0.991750955897507,237.80173509735278,0.4886993819127383,17.93223695527672,7.206113184768266,4.025459721451326,257.4129212454661,1.7567532816304041,18.74053605106845,7.800391552892913,4.168176285948741,41.73438649020078,0.010150222910545459,6.227522039925635,0.7728590090777921,1.219758495204258,304.48449220163565,0.4886993819127383,12.527803747179462,5.638601707437697,3.011280417043762,346.21887869183644,1.9147912853229003,13.176587779930358,6.4114607165154895,3.3201797180347277,29.390404210674134,0.013006711218763733,6.963197187418505,0.7943352489371388,1.4143696853477958,229.0680615453264,2.0502831799549313,19.371489321948843,6.191028690414227,3.745368533028391,258.4584657560005,2.6396887919516754,19.93619691382009,6.985363939351365,4.105142370534094,35.87770604395067,0.0119518116281645,5.551878651040923,0.5605891569367292,0.971892671528604,355.8971039260181,0.4886993819127383,12.527803747179462,5.560892248844032,3.1990234257216823,391.77480996996866,1.7567532816304041,13.176587779930358,6.12148140578076,3.4095418613625488
c<D>r<155>R<ASP>,66.80630830910792,1.3837844952510654,4.195070951191537,1.80557590024616,0.6374641743180255,30.87894119420103,2.7603992737170855,5.1512153765308515,3.8598676492751287,0.8240285116542029,54.9279393330911,2.1942187134916216,4.635467412834849,3.432996208318194,0.8290755686395249,72.5825543204659,1.325857421899574,3.6994006829325055,1.5778816156623023,0.4846003063853616,92.21695873312163,1.2292697714552265,3.7534182508029756,1.707721458020771,0.5921572547057263,69.0088443400545,2.1942187134916216,4.2289634674688354,2.76035377360218,0.5487858523431941,98.03105619911429,1.2292697714552265,3.295599437178609,1.5560485110970521,0.475274245363278,14.436214275299818,0.010150222910545459,3.2157509389587364,0.4812071425099939,0.7326146349023449,161.06991969752715,0.4886993819127383,8.0197219113507,5.368997323250905,1.6147849568291297,175.506133972827,1.9147912853229003,8.436985171643045,5.8502044657609,1.48416170800261,1.8137413345117466,0.2097724913843244,1.3214243620740795,0.6045804448372488,0.5077550865523522,25.4991727590114,7.3313977022553445,9.827429069702703,8.4997242530038,1.0252135454181601,27.312914093523148,8.550118478437678,10.109973550756045,9.10430469784105,0.7123502827173716,13.597468085167744,0.01904339081934836,2.445692605508805,0.5911942645725106,0.7317856323378591,142.70640268345505,2.0502831799549313,9.374040394470512,6.2046262036284805,1.8583541908707102,156.3038707686228,2.6396887919516754,9.40965065933343,6.795820468200992,1.7291981705183526,12.683007281266558,0.0119518116281645,2.533000690622522,0.4091292671376309,0.6228560911848896,161.4380688748539,0.4886993819127383,8.0197219113507,5.20767964112432,1.617342590306672,174.12107615612052,1.9147912853229003,8.221264324534038,5.616808908261953,1.4593840103314921,23.28041056873946,0.010150222910545459,3.1163013548944933,0.41572161729891893,0.5904666945557714,247.12036474008852,0.4886993819127383,8.509220149285284,4.412863656073009,1.5439186152929927,270.400775308828,1.9147912853229003,8.577606128926647,4.828585273371928,1.4407858478013338,13.203033002959605,0.03239076802833729,2.9172506792477364,0.5078089616522925,0.5992718858819492,114.95904233125879,2.0502831799549313,11.040117182777976,4.421501628125338,2.1233633431928536,128.1620753342184,2.6396887919516754,12.74960937947142,4.92931058977763,2.198953999159439,21.579900406669164,0.0119518116281645,2.1720737679320212,0.392361825575803,0.5671823577235356,225.76958773372434,0.4886993819127383,8.509220149285284,4.1049015951586245,1.6341349705619685,247.34948814039348,1.9147912853229003,8.577606128926647,4.497263420734427,1.5568010889045538
c<D>r<156>R<VAL>,116.52590439000141,1.3698149242947748,4.707267792390338,1.820717256093772,0.7242746205329141,46.362341894201855,2.6315166307434086,7.547220389737759,3.8635284911834877,1.2440662268999285,66.99910341218893,2.1942187134916216,4.3001531729844364,3.5262686006415227,0.6912433217788979,124.24741681455481,1.3229249643349377,4.707267792390338,1.613602815773439,0.6298113543002131,140.20764996137737,1.2256787290321365,3.8727144553945654,1.6691386900163974,0.5513068736574369,87.64517714840343,2.1942187134916216,4.2289634674688354,2.7389117858876073,0.5363086660444317,147.9873734054918,1.2256787290321365,3.8727144553945654,1.5256430247988846,0.4495054727405001,39.484349247266366,0.010150222910545459,3.2157509389587364,0.5806521948127407,0.7919761987287947,354.99861397610476,0.4860600616011652,12.45086057827416,5.220567852589776,2.0455913240263,394.48296322337114,1.386572460151229,13.407010199021752,5.801220047402516,1.9952971698002764,13.59803480623027,0.012109967938148003,6.458551217504443,1.0460026774023286,1.8497624219373592,153.2779228351859,6.490582553085915,19.861847327477335,11.790609448860454,4.970395755018944,166.8759576414162,6.86507039602413,19.873957295415483,12.836612126262784,5.098824371444143,19.674314913428105,0.01904339081934836,2.480612680299396,0.7026541040510038,0.6899178593845064,173.0108827657436,2.0502831799549313,12.729951208611055,6.178960098776557,2.083407982470737,192.68519767917172,2.6396887919516754,13.734704071149439,6.881614202827562,2.04066087674975,37.17232892434305,0.010151352980311223,3.1188616797720954,0.48275751849796167,0.6852247359706789,383.9653936115336,0.4860600616011652,12.45086057827416,4.9865635533965404,2.004943308401261,421.13772253587666,1.385046526996584,13.407010199021752,5.469321071894502,1.9467500118221321,49.519924915338514,0.010150222910545459,3.1163013548944933,0.5105146898488506,0.6831359464245675,404.95870363076955,0.4860600616011652,7.624281366753166,4.1748319961935,1.3197113326771965,454.47862854610804,1.386572460151229,7.861129046113184,4.685346686042351,1.2657180025744723,21.504278427794134,0.013960702662594748,2.9172506792477364,0.5120066292331936,0.5541274252156351,246.81588746587857,2.0502831799549313,18.983545931351955,5.8765687491875855,4.227136438930794,268.32016589367265,2.6396887919516754,19.224037603090256,6.388575378420778,4.216103787345734,44.867607339981284,0.0119518116281645,3.0743364135301556,0.4442337360394186,0.6403483559913558,394.15837170168686,0.4860600616011652,6.916890057446395,3.902558135660266,1.3681747480504025,439.02597904166805,1.385046526996584,7.198560620079599,4.346791871699684,1.3368061065123968
c<D>r<157>R<TYR>,120.32177580440593,1.3698149242947748,3.968001492969288,1.9406738032968698,0.7624272767082708,40.86878346440197,2.7603992737170855,5.709563267517335,4.086878346440197,0.9441997238900621,67.27978640936112,2.792149425526245,5.211305769424168,3.9576344946683015,0.6121666962725107,125.9101402668328,1.3229249643349377,3.968001492969288,1.7247964420114081,0.7010036124342044,143.50193908484346,1.2256787290321365,3.7355615732720917,1.7937742385605433,0.6734420289065767,82.29176371691487,2.2388476003606748,5.211305769424168,2.9389915613183883,0.7638769917531625,149.12495336820584,1.2256787290321365,3.7355615732720917,1.6387357512989653,0.602838459752151,41.11572673274437,0.010150222910545459,3.338309206369818,0.6229655565567329,0.7918990904971716,329.88127281437767,0.4886993819127383,12.45086057827416,4.998201103248147,1.9664204145180735,370.9969995471221,1.386572460151229,13.407010199021752,5.62116665980488,1.9093436275368592,4.807814836403591,0.017996147806368157,1.8581579562394666,0.43707407603669013,0.5218895656433534,107.8427685187354,6.337595532597561,17.751338415515022,9.803888047157763,3.93842637784863,112.65058335513899,6.86507039602413,17.87339068853764,10.240962123194453,3.7479448732589553,16.81472090557047,0.0222580565846755,2.4712210308792635,0.7643054957077487,0.6189709029956727,176.3630165048649,4.8503965073014115,16.490157658439784,8.016500750221132,3.7834444894588555,193.17773741043538,5.195479370588636,18.961378689319048,8.780806245928881,3.9059162447657525,39.100155498181756,0.0119518116281645,2.5720347197698823,0.5585736499740251,0.6701450423958715,365.5983179612858,0.4886993819127383,17.840344647653183,5.222833113732654,2.62516749986259,404.6984734594676,1.385046526996584,17.979100115088727,5.78140676370668,2.5499632771398772,51.42833553288331,0.010150222910545459,2.954775072721369,0.5778464666616102,0.7126434631564968,354.9005402069179,0.4886993819127383,15.09245668103813,3.987646519178853,1.5477755061220144,406.3288757398013,1.386572460151229,15.33245867593692,4.565492985840463,1.5390239413033666,22.36584618330739,0.01868749417577309,4.417964708802684,0.6777529146456784,0.8729116338457902,226.049932891475,2.158284321979636,16.676445232579,6.849997966408334,4.262695590232069,248.4157790747824,2.9440914507526674,17.09300106583515,7.527750881054012,4.3950020362486315,48.926922377825505,0.0119518116281645,2.954775072721369,0.5756108515038295,0.7111884188551589,338.6974959216484,0.4886993819127383,11.493483112622243,3.9846764226076283,1.5728078797311469,387.62441829947386,1.385046526996584,12.649840109723247,4.560287274111457,1.5603687373387602
c<D>r<158>R<ILE>,120.30644971759506,1.3725750873346025,3.772567923963436,1.7956186525014188,0.5822429510909441,41.90089106475756,3.4148486478118345,6.813333252311274,4.190089106475756,1.0917153707968743,68.15541686593298,2.8976078403848153,5.323009210844373,4.009142168584293,0.6671491314495185,124.20978558771552,1.3229249643349377,3.772567923963436,1.5924331485604553,0.4910539003384933,150.08982082662925,1.2256787290321365,4.130142032104119,1.7657625979603442,0.6710749353871446,78.07956939420735,2.2388476003606748,4.608644530778212,2.7885560497931197,0.6446171814964468,153.25643031771605,1.2256787290321365,4.097140583210404,1.5964211491428755,0.5736675046710021,45.8951157153416,0.010163570911895903,3.1061562857878053,0.6953805411415395,0.8672143412068946,313.4887183482646,0.4844972934897669,8.612599645607588,4.749829065882797,1.2684020447835853,359.38383406360623,1.8913552987199291,8.779646990894758,5.445209607024337,1.1175624003592373,10.014621662636266,0.017996147806368157,3.2330871964512653,0.8345518052196889,1.1076759254375288,154.39218709812803,5.014956359657845,18.883340404751152,12.866015591510669,4.919729139674978,164.40680876076428,6.705333321407149,18.9642904796237,13.700567396730357,4.827985332769656,24.99074972519446,0.01537274283065404,8.853240083419642,1.1359431693270208,1.7779912221577214,172.98509961289005,2.609208998176655,18.081766272136747,7.862959073313184,3.4010857767913483,197.97584933808452,3.2427861076954834,18.136817240344726,8.998902242640206,3.637387014161254,43.420839419985484,0.010196363511742135,3.587402395288522,0.648072230149037,0.8144185357039718,313.61747088022315,0.4844972934897669,11.769969695633336,4.680857774331689,1.4739298081144574,357.03831030020865,1.8913552987199291,11.8745279358142,5.328930004480726,1.3229977346002357,56.906162924078075,0.010163570911895903,3.0243555733316807,0.5748097265058392,0.7007693401389848,412.60637316981064,0.4844972934897669,13.51239057070984,4.1677411431294,1.6485875004667814,469.51253609388874,1.8817559010030163,13.561376874591701,4.74255086963524,1.6432825227468575,19.557680161614485,0.015961136278905386,2.8800319186850754,0.6111775050504527,0.7018598190782889,209.45944226198048,2.158284321979636,16.54379891112262,6.54560757068689,4.238112966498429,229.01712242359497,2.5884431019333505,16.565918629599324,7.156785075737343,4.20351979604416,53.2364077302769,0.012726588214331258,3.0243555733316807,0.6049591787531466,0.7392837124188295,357.5822936424972,0.4844972934897669,13.51239057070984,4.063435155028377,1.7836856086333797,410.81870137277406,1.6146316541637875,13.561376874591701,4.6683943337815235,1.779290846577165
c<D>r<159>R<THR>,117.50247209445328,1.3725750873346025,4.468605496321956,2.025904691283677,0.8470953856408014,63.009764140162105,2.293788787564692,6.798701760087744,3.9381102587601315,1.1288065096876736,69.59702823098782,2.0962646451618583,5.348958131724738,3.479851411549391,0.8769993171390396,131.74903695885263,1.3216966350349546,4.245456308695983,1.7566538261180351,0.7444528439420898,149.01360971428105,1.212124663801162,3.8648223793901737,1.8862482242314056,0.7421554818993766,103.65893159096186,2.0962646451618583,5.348958131724738,2.801592745701672,0.6427606464424286,162.89680216433445,1.212124663801162,3.8648223793901737,1.6968416892118172,0.6513355107683021,46.99878248136969,0.010865295037454814,3.696916006501736,0.6911585659024954,0.8725229997192989,385.1584928375353,1.5197052091079968,14.087672248383114,5.664095482904931,2.235503722202599,432.1572753189049,1.9466196079708753,14.10981324846323,6.355254048807425,2.325071130780579,18.16256827179194,0.07870570611015815,4.4276432591272865,0.8648842034186638,1.2375363895187435,179.99601075774626,1.3261060208751587,15.990987610502316,8.571238607511727,4.086620959627565,198.1585790295382,1.7592301414615519,18.76975862944139,9.43612281093039,4.275937595118018,18.830278579555923,0.01537274283065404,3.687543684034459,0.8559217536161783,0.9008034442640218,129.60568586785666,2.3697970998691744,17.84071451711702,5.8911675394480305,3.285483271762056,148.4359644474126,2.478131000897494,18.03948743046006,6.747089293064209,3.4493935959473556,48.492429564262295,0.010196363511742135,3.0690323515248696,0.5986719699291642,0.7095400891608963,414.6890380063801,1.5197052091079968,12.483744209748238,5.119617753165186,1.8337422448868828,463.1814675706424,1.9466196079708753,12.71304907587649,5.71828972309435,1.9638770066657225,58.21044156033341,0.014625965231898519,5.604661775587708,0.554385157717461,0.8054591737218186,429.33361461484947,1.5197052091079968,10.440846570961185,4.088891567760471,1.4095574830382058,487.5440561751829,1.8817559010030163,11.92371697405598,4.643276725477932,1.6102855631655888,28.695666155474683,0.01868749417577309,2.7913319171744604,0.5217393846449943,0.6005264585712098,258.12157569035776,1.3261060208751587,14.009321818573198,4.693119558006504,2.9144031867494755,286.8172418458325,1.7592301414615519,14.326963881981353,5.2148589426514995,2.936386918107762,61.907108942468234,0.014625965231898519,5.604661775587708,0.5627918994769839,0.7916516908508052,440.0613290114061,1.5197052091079968,11.62490316502408,4.000557536467328,1.6728503285353657,501.96843795387434,1.6146316541637875,11.92371697405598,4.563349435944312,1.8016073603727418
c<D>r<160>R<ASP>,111.25606110721709,1.501087765766309,4.545680445868696,2.0228374746766744,0.8374075455929736,60.510231429125724,2.293788787564692,6.069808141541525,3.7818894643203578,1.0143937090055184,72.60163266145626,2.0962646451618583,4.5999620045876695,3.3000742118843758,0.7183930542788673,123.0555850321945,1.2837812200598033,4.113300572938544,1.709105347669368,0.6428641932632068,139.62531194563266,1.1865955302949511,3.786971141525018,1.7900681018670854,0.6856896449915653,106.63663788160166,2.0962646451618583,3.9309812551723904,2.7342727661949144,0.4769549981672471,152.27221392204586,1.1865955302949511,3.786971141525018,1.602865409705746,0.5371478448415564,44.10916871503736,0.0101320712483437,4.48851082364761,0.7876637270542386,1.1215632535596887,339.87827902722006,1.464525266266719,14.087672248383114,6.069254982628929,2.3089521890869995,383.9874477422574,1.5820003717073383,14.10981324846323,6.8569187096831685,2.567667396453653,15.992218723125468,0.010071265974385568,3.80194860732545,0.7269190328693395,0.9978529158233079,209.40321861205985,1.3261060208751587,17.732399599922246,9.518328118729993,3.951336073205538,225.3954373351853,1.7592301414615519,17.873077968001457,10.245247151599331,4.0505900115332025,26.58777812442606,0.01537274283065404,5.2707468652113825,1.1078240885177524,1.416897337202358,144.6241860521011,2.3697970998691744,12.032679712875506,6.026007752170879,2.114554478435625,171.21196417652715,2.478131000897494,12.36362925752275,7.133831840688631,2.690085808426936,40.17834480245791,0.0101320712483437,4.48851082364761,0.5908580118008516,0.8603575843572614,374.2911134767878,0.5844809700547557,11.983690612503096,5.504281080540998,2.0525281656753562,414.4694582792457,1.5129564844506884,13.110312768581005,6.0951390923418485,2.2693587181328616,46.54272393583511,0.010180064331056116,4.471278363490677,0.4848200409982824,0.7296988332640847,413.36456565542426,1.464525266266719,9.930566638397977,4.305880892244002,1.6907631462054111,459.90728959125937,1.5820003717073383,10.14704762102207,4.790700933242285,1.8164657015661503,36.539662443256496,0.012454301649317934,5.903306384054424,0.6410467095308158,1.034343096400089,265.85790906995135,1.3261060208751587,17.732399599922246,4.66417384333248,2.846644446498565,302.3975715132078,1.7592301414615519,17.873077968001457,5.305220552863295,2.9809482937354748,46.6009640196318,0.013899880919558516,3.8905325066598504,0.45243654387992044,0.6289284015292412,425.8809157524679,0.5844809700547557,9.930566638397977,4.134766172354057,1.7029381655577014,472.4818797720997,1.5129564844506884,10.14704762102207,4.5872027162339775,1.7655231717402875
c<D>r<161>R<LYS>,107.32321831398434,1.3903248698046586,4.385194007940184,1.9513312420724425,0.7541733578283977,70.23633276229349,2.293788787564692,5.950271206900962,3.9020184867940824,0.9803030138091988,75.86329468885287,2.195588069589395,5.326493177433486,3.6125378423263275,0.9019953670199898,122.11723977256867,1.3063967299127521,3.9001078464445924,1.6502329698995766,0.5977531974696798,140.15759329109247,1.2089355386324472,4.069763663543902,1.8202284842999021,0.7007853206010468,110.38296907859917,2.1888599394372457,3.9309812551723904,2.7595742269649794,0.5149613749160284,153.9169130868093,1.2089355386324472,3.8019965596151173,1.603301177987597,0.5454343763077438,38.500587207269476,0.010865295037454814,3.389521255048745,0.6638032277115427,0.9228482317998551,328.97894856476114,1.4345616317523309,10.414229363808772,5.672050837323468,1.7200467228973229,367.4795357720306,1.9277247924089893,11.866143416921656,6.335854065035011,1.8120963043659968,27.472695553046883,0.07266496215017071,4.793359758667874,1.0175072427054401,1.3253909649326694,253.84341401227857,1.3261060208751587,17.94322577008097,9.401607926380688,3.905848478271814,281.31610956532546,1.7592301414615519,18.289755248048507,10.419115169086128,4.104294801805402,24.22626799569352,0.13555370409924627,5.210790983786698,0.8972691850256859,1.1163850081921776,229.9790554191718,2.609208998176655,22.097804635773173,8.51774279330266,4.9367042792393105,254.20532341486532,3.2427861076954834,22.473332723131705,9.415011978328344,4.960025473344047,35.444455278856694,0.010196363511742135,3.522180910246104,0.4789791253899553,0.6664123875127187,385.54086152530454,1.4345616317523309,10.414229363808772,5.210011642233845,1.67500049772874,420.9853168041612,1.9119585233446892,10.451462320650222,5.6889907676238,1.6619741470663671,46.311136689560115,0.012991414822237424,4.471278363490677,0.4979692117157002,0.7207721086663238,415.4802506328833,1.4345616317523309,11.712500133934554,4.46752957669767,1.811768123089627,461.7913873224434,1.8817559010030163,11.92371697405598,4.96549878841337,1.8117872188316302,40.712854550884096,0.012454301649317934,5.9378079897551075,0.7019457681186914,1.2553611598108287,292.04417445881245,1.3261060208751587,22.097804635773173,5.035244387220905,3.7228720940889977,332.7570290096965,1.7592301414615519,22.119605055054535,5.737190155339595,3.8889532406358582,47.735589188367975,0.01147416249765465,3.8905325066598504,0.4726295959244354,0.6764008553918437,422.80314591858723,1.4345616317523309,11.712500133934554,4.186169761570171,1.8155330926101787,470.53873510695524,1.6146316541637875,11.92371697405598,4.6587993574946065,1.806197656422809
c<D>r<162>R<CYS>,109.65052532979053,1.3903248698046586,4.16052863467248,1.9236934268384303,0.6797411140650895,53.01815240645564,2.293788787564692,4.364713227742488,3.5345434937637092,0.5553388263058794,61.09597897916811,2.195588069589395,5.326493177433486,3.818498686198007,0.7916031780211173,118.7872200218434,1.3183015276783767,3.9001078464445924,1.6272221920800465,0.5638610567905218,129.7428527986158,1.2248711976026239,3.5101939799512905,1.753281794575889,0.5727084764490148,84.96471130672859,2.195588069589395,4.43041146557907,2.6551472283352684,0.47607740118248526,138.93418529884977,1.2248711976026239,3.5101939799512905,1.5437131699872197,0.44532421482723406,39.02511180017731,0.01300509984797582,4.071326604991464,0.6614425728843611,0.9542030320629743,323.65474442489335,1.464525266266719,12.448187810349737,5.485673634320226,1.9321677797539287,362.6798562250707,1.5820003717073383,12.664993573487958,6.147116207204588,1.9309193029565237,16.435305463674723,0.023624118530259253,5.4755335817603665,0.6848043943197801,1.1411232158353959,206.1549667354186,1.3261060208751587,12.978091773163442,8.589790280642442,3.05744181896381,222.59027219909333,1.7592301414615519,13.356677174631505,9.274594674962222,3.122684446549149,20.101990302075016,0.02058946271827722,7.929786427673715,0.9137268319125007,1.631826323352014,163.02440748524805,3.3708490085455196,15.793028039528508,7.410200340238547,3.3849222250268673,183.12639778732307,4.020800943119347,15.998319617180911,8.323927172151048,3.557291107002946,34.64434175837615,0.010769095778181637,4.071326604991464,0.5020919095416834,0.7415961475947664,343.3934385347334,0.5844809700547557,12.448187810349737,4.976716500503382,1.6198616457656196,378.03778029310956,1.5129564844506884,12.664993573487958,5.478808410045066,1.6144170748299718,44.48552839699965,0.012991414822237424,4.088549723739444,0.6011557891486439,0.9140449979957546,298.39476088921583,1.464525266266719,8.009315984299974,4.032361633638052,1.3343964996468207,342.8802892862155,1.5820003717073383,8.416049353721856,4.633517422786696,1.4605666086730786,27.241186305070578,0.01122131668060078,7.02036613683034,0.6810296576267645,1.2255362336680016,172.13296817230685,1.3261060208751587,15.793028039528508,4.303324204307671,2.8910040347228736,199.37415447737743,1.7592301414615519,15.998319617180911,4.984353861934435,3.0319255726066734,39.90307432854529,0.010769095778181637,3.967052100302894,0.4926305472659912,0.7250453141298802,307.48936351334714,0.5844809700547557,8.009315984299974,3.796164981646261,1.3748068505084445,347.39243784189244,1.5129564844506884,8.024115461852052,4.288795528912252,1.3848816986806611
c<D>r<163>R<VAL>,95.66146563384046,1.4957730636101205,4.385194007940184,1.9929472007050097,0.8187610052622182,45.662606023014675,3.4659661139319202,5.824962403733944,4.1511460020922435,0.8337780487334711,56.75672613437186,3.150665740196668,4.889050735127835,4.054051866740847,0.5073256005976231,102.31510495874112,1.3183015276783767,4.047884635853899,1.705251749312352,0.7169428846927035,116.130470209264,1.2248711976026239,3.9760190220155285,1.8433407969724445,0.7215569883968252,70.82657109904648,2.2386927924794633,4.3462093181999615,2.7240988884248645,0.5170886874130702,121.57097102938884,1.2248711976026239,3.9760190220155285,1.6209462803918513,0.5853408978028549,34.31777303709357,0.01078581781728083,3.409591497027435,0.6239595097653376,0.8244764751955296,309.3939846166661,1.4652263352218142,10.414229363808772,5.625345174848475,1.6617314206186284,343.71175765375966,1.5845763439399345,10.456993181354415,6.249304684613812,1.6367547262351947,12.060583980086234,0.023624118530259253,4.03649155623247,0.8040389320057489,1.2032644308622191,147.4451718138082,4.877799941254125,17.298804712391075,9.829678120920546,3.361664446614824,159.50575579389442,6.845801512020547,17.358821515200045,10.633717052926295,3.2075782311051273,15.926434234681446,0.02058946271827722,3.9430670680130575,0.7963217117340723,0.9575433720346325,146.39342839599317,4.263575637222857,14.094434267876068,7.319671419799659,2.8625950599654675,162.3198626306746,4.578642282519578,14.365946355313305,8.115993131533731,3.119982708554356,27.88531171350688,0.010769095778181637,2.2731901317211616,0.435707995523545,0.5306912924800703,329.612600675129,0.5807282019668492,10.414229363808772,5.15019688554889,1.5514383146458097,357.4979123886359,1.5173355834648974,10.451462320650222,5.585904881072436,1.5268380918545117,38.0754463049301,0.01078581781728083,4.082330327824863,0.5857760969989245,0.789092505138526,299.73443432893214,1.4652263352218142,9.632580737305261,4.611298989675879,1.6852050687699487,337.80988063386224,1.5845763439399345,9.648221060044014,5.197075086674803,1.6784966451540924,19.16539846204769,0.01122131668060078,6.924240431045369,0.7985582692519871,1.4253035581075852,134.8565987810714,2.2783759410021958,18.18309640951543,5.619024949211308,3.9389118775929837,154.02199724311907,2.9586665305110476,18.20713312689049,6.417583218463295,4.022039109119274,34.49957252638941,0.010769095778181637,4.082330327824863,0.5149189929311851,0.7533626271870084,297.06863812550364,0.5807282019668492,9.632580737305261,4.433860270529905,1.8074537276018703,331.5682106518931,1.5173355834648974,9.648221060044014,4.948779263461091,1.7564367877476879
c<D>r<164>R<LEU>,117.45077019449717,1.3854633989877843,4.16052863467248,1.9254224622048717,0.7158920396391345,58.68644203223239,2.77236293076839,5.5516927161339,3.912429468815493,0.714036683576092,68.03007704587509,2.192532898635122,4.389494400412547,3.7794487247708384,0.5033616168918782,129.37425959114447,1.3183015276783767,3.988606076697142,1.6801851894953828,0.6021838458658378,138.50397601596143,1.2241510156604416,3.771478521941749,1.7312997001995178,0.5915279217304268,89.99812673663739,2.192532898635122,3.508748950139518,2.6470037275481584,0.3644304106578718,149.17453618821747,1.2241510156604416,3.415958591049867,1.5539014186272653,0.42583389136017,42.2321936924978,0.01078581781728083,4.6692927341047685,0.5484700479545169,0.7921288594126575,396.84294971430086,1.9073019120789922,8.1907551146478,5.153804541744167,1.2478041074018018,439.0751434067987,1.9241735085591423,9.476774355923393,5.702274589698685,1.3298072157871694,22.66945916114004,0.013049126935271715,5.924941717716649,1.0794980552923827,1.5816789201123633,197.9476651677869,4.877799941254125,19.798656362597285,9.426079293704138,3.857823770349764,220.61712432892696,5.666420968961226,20.50476614690848,10.505577348996521,4.104315329564581,24.498322231913473,0.02058946271827722,4.934682649887598,0.8166107410637824,1.0249506229110175,210.38830579553905,3.408931414352992,13.25550201360329,7.012943526517969,2.477884140128004,234.88662802745253,3.6174375982373626,13.587587757079422,7.829554267581751,2.4593104400873336,44.39972311033509,0.010769095778181637,3.4575855004441447,0.5162758501201754,0.7303721105841872,412.8107062805134,1.8891340886084436,11.774439846840323,4.800124491633877,1.3812886035987975,457.2104293908485,1.9119585233446892,11.889719894279413,5.316400341754052,1.4134463891280145,46.40922224713912,0.01078581781728083,4.875009203865972,0.5156580249682124,0.7169441276096707,360.3255683408729,1.9073019120789922,7.395229537629348,4.003617426009699,1.1635716785431467,406.734790588012,1.9241735085591423,7.507219845586159,4.519275450977911,1.1776684779704718,24.87443817917859,0.01122131668060078,6.924240431045369,0.6722821129507727,1.2425036638731652,190.1031790651175,2.216860595093749,14.57982442919183,5.137923758516689,3.413396059437168,214.97761724429606,2.9130415982291753,15.08299509625112,5.810205871467461,3.4602429309168814,44.811058998069846,0.010769095778181637,4.825387765873572,0.4818393440652672,0.7574857803760863,355.16457138915666,1.8891340886084436,7.238696562600126,3.8189738859049105,1.1868049417369275,399.97563038722654,1.9119585233446892,7.507219845586159,4.300813229970178,1.1916856985754136
c<D>r<165>R<ASP>,98.70166138184348,1.3854633989877843,4.047884635853899,1.8981088727277593,0.6484591502194511,58.249960737850216,2.3001033526617087,6.769876502101427,3.6406225461156385,0.9790295251687265,66.20064506095476,2.192532898635122,4.830377024978435,3.6778136144974862,0.5491754197355927,109.84200206401368,1.3235001856554487,3.816187849995511,1.5919130733915026,0.4908153099871058,124.23270266428489,1.2241510156604416,3.492157062393909,1.7497563755533083,0.5833853565885613,97.24823417808398,2.192532898635122,5.707351166152008,2.778520976516685,0.6892670100031114,134.9347393850609,1.2241510156604416,3.492157062393909,1.5333493111938739,0.4138411103337109,30.13811531917039,0.010630970366312553,4.253295856666391,0.4709080518620373,0.7250242174913102,328.68664437307575,1.9545667172624235,8.712629833346,5.135728818329309,1.3015059878777582,358.8247596922461,1.9680394111441522,8.772911862665087,5.606636870191346,1.2357289240626066,13.716080858926741,0.02726958772743515,3.7481261880341954,0.914405390595116,1.0638093106456483,118.08998794695162,4.620135579677708,24.863013128421926,7.872665863130108,5.029393561404011,131.80606880587834,4.947359185400254,24.95942998365829,8.787071253725223,4.955833738028597,21.557408639845633,0.02336589324142402,6.120528005432696,0.7185802879948544,1.1592359428161496,219.2932230722015,3.408931414352992,15.613134148834433,7.309774102406717,3.0039282620465637,240.85063171204712,3.6174375982373626,15.763587821195543,8.02835439040157,2.882648309657637,26.261052104065037,0.01078581781728083,3.2330704216911847,0.39789472884947025,0.5385703518936072,308.61771204446245,1.9545667172624235,7.155864556382767,4.676025940067613,0.9639479603366311,334.87876414852747,1.9680394111441522,7.2560401844989,5.073920668917083,0.9058236998053347,38.399608275065155,0.010614258138735622,2.670015478061245,0.4085064710113314,0.5249955642861255,377.6735825446233,1.9545667172624235,8.71464705332346,4.017804069623652,1.1410959540179808,416.0731908196885,1.9680394111441522,8.839020598915639,4.426310540634984,1.122488715627168,23.88680784221422,0.01045461822423821,2.800433365599213,0.41184151452093487,0.5320431926841522,276.218418136074,2.216860595093749,15.613134148834433,4.762386519587483,2.9741688479280963,300.1052259782882,2.6951226318862167,15.763587821195543,5.174228034108418,2.940189770624205,33.699817149386114,0.010527327910216044,2.829629328624015,0.3786496308919788,0.5209559320455037,337.0716576927823,1.9427634280955317,8.71464705332346,3.787321996548116,1.200290680081939,370.7714748421684,1.9680394111441522,8.839020598915639,4.165971627440094,1.1776130253110533
c<D>r<166>R<MET>,109.82450052529306,1.384922363343602,3.7536334777656917,1.8614322122931026,0.5867681790852488,51.745773397643866,2.7162267033576972,4.930877776434505,3.449718226509591,0.6313304389852316,65.95187894554266,2.192532898635122,4.4996276914406295,3.66399327475237,0.5432437114257824,118.58671188745704,1.3235001856554487,3.7536334777656917,1.5811561584994271,0.47045573444516803,136.59934090581893,1.2241510156604416,3.492157062393909,1.751273601356653,0.5896495718347142,90.35220070673859,2.192532898635122,4.26917407408888,2.6574176678452526,0.43439369629987457,143.3387685269069,1.2241510156604416,3.464954973689631,1.5248805162436905,0.3921848558615931,35.755738329143746,0.010630970366312553,3.9073197116389835,0.5181991062194746,0.8173883282813305,351.2071633567782,0.4841577231454721,8.712629833346,5.08995888922867,1.4308038549214714,386.96290168592196,1.9176006782040869,8.772911862665087,5.608157995448145,1.4116998323910763,10.013356963227167,0.016882526877580517,3.7481261880341954,0.8344464136022639,1.1383366269923374,84.29738712211429,4.877799941254125,17.176246593918222,7.024782260176191,3.1966344954303265,94.31074408534145,5.666420968961226,17.193129120795803,7.859228673778454,3.0305044927232827,17.92818034391359,0.02336589324142402,2.9429122348659416,0.640292155139771,0.6920367201344841,205.68874222151635,3.408931414352992,15.613134148834433,7.346026507911298,3.012741049557216,223.61692256542995,3.6174375982373626,15.763587821195543,7.98631866305107,2.90272726859963,35.36983942144198,0.010466975379936905,3.628470988402521,0.5201446973741468,0.7834351769168795,313.2069905552239,0.4841577231454721,8.327246624307918,4.605985155223881,1.26866394191147,348.5768299766659,1.860557639970236,8.517983856066493,5.126129852598028,1.3290731269370613,44.618425581783534,0.010614258138735622,3.628470988402521,0.45069116749276295,0.6198978277055587,398.48570574304676,0.4841577231454721,8.71464705332346,4.025108138818654,1.3183931145676617,443.10413132483023,1.8714226886339171,8.94519685527209,4.4757993063114165,1.3707201571597196,19.59196471741961,0.010222093981757219,2.7340743241877252,0.3628141614336965,0.47373007255881266,235.644772773795,1.9890182180943157,15.613134148834433,4.363792088403612,2.904126843088257,255.2367374912146,2.4544662733085962,15.711657304052808,4.726606249837308,2.843820876235032,41.180693927471246,0.010466975379936905,3.628470988402521,0.4428031605104435,0.640477819106254,353.4805165563621,0.4841577231454721,8.71464705332346,3.800865769423248,1.4350256013675222,394.6612104838333,1.860557639970236,8.94519685527209,4.243668929933691,1.480823696524481
c<D>r<167>R<ARG>,65.53458079921559,1.5097176948867375,3.6956257248797337,1.9274876705651645,0.6077679860370659,37.923068043275755,2.294680364201732,4.346655854673206,3.1602556702729796,0.6308684154538285,44.27661944867649,2.192532898635122,4.4996276914406295,3.4058938037443456,0.6596944643604492,73.41688072029633,1.3235001856554487,3.603991353523185,1.5620612919211987,0.4265660617584864,83.04971304669266,1.2276184481009236,3.6956257248797337,1.7302023551394303,0.585061877417075,69.14141245421976,2.192532898635122,4.18988925791875,2.6592850943930677,0.4669646129734346,90.26350474639806,1.2276184481009236,3.027042229652409,1.4797295860065256,0.3328130638876031,13.453157579384818,0.010630970366312553,3.7889581081239427,0.4204111743557756,0.7518438067427039,174.166661659611,1.9545667172624235,8.712629833346,5.442708176862844,1.4084128917406682,187.6198192389958,1.9680394111441522,8.772911862665087,5.863119351218619,1.3849864375925705,6.854297744465826,0.02726958772743515,2.5906314581975654,0.6231179767696206,0.7292649740545052,60.20309275286468,1.326838691322564,8.343705687716465,5.473008432078607,1.6794772755572422,67.0573904973305,1.7626079623947661,9.355226376231956,6.096126408848227,1.8825007820455086,11.473657208810637,0.04490960836697866,2.9429122348659416,0.7649104805873759,0.8064957773693493,89.50886121230496,3.408931414352992,7.656020590562548,5.967257414153664,1.2203594636301553,100.98251842111559,3.6174375982373626,10.253413611915319,6.732167894741039,1.592906177953612,12.01753825015261,0.010631208611320275,3.2330704216911847,0.4291977946483075,0.6888740539316716,125.90960913389881,1.844471876008356,7.549127742371638,4.496771754782101,1.2286412208920534,137.92714738405147,1.860557639970236,7.939707887827398,4.92596954943041,1.3164920768801835,15.996692024816216,0.010614258138735622,1.567958867626463,0.31993384049632434,0.39237450329847945,197.37562641520003,1.7735782634817951,8.71464705332346,3.9475125283040007,1.437388761770762,213.37231844001624,1.8714226886339171,8.94519685527209,4.267446368800325,1.4251046127689437,14.77151088346583,0.010222093981757219,1.6923468224533673,0.3517026400825197,0.3646161862083167,148.3227408216767,1.326838691322564,7.310501377049377,3.53149382908754,1.3404436681160699,163.0942517051425,1.7626079623947661,7.335440565037343,3.88319646917006,1.3412774302956048,13.020844868288995,0.010631208611320275,1.8574279400399032,0.28306184496280423,0.37613740045319344,164.53528834824306,1.7735782634817951,8.71464705332346,3.576854094527023,1.5564911290523098,177.5561332165321,1.860557639970236,8.94519685527209,3.859915939489828,1.5212102294794674
c<D>r<168>R<SER>,50.95859413143919,1.5140676552340588,3.603991353523185,1.9599459281322766,0.5919387315613208,14.36637382722946,2.7162267033576972,3.0469942574673405,2.873274765445892,0.14333591093931716,38.446328829523026,2.192532898635122,4.4996276914406295,3.4951208026839113,0.607227246314882,53.03450253205429,1.3268360623360633,3.603991353523185,1.6573282041266966,0.5216303592138579,67.20473623639242,1.2276184481009236,3.4869040809535505,1.7685456904313794,0.5812266109061869,45.21451393432773,2.192532898635122,3.379959221288569,2.6596772902545722,0.3875734995697791,69.17369977734255,1.2276184481009236,3.379959221288569,1.5721295403941489,0.47251823989274844,6.958150175009205,0.010630970366312553,1.7363703582156393,0.33134048452424786,0.357506370201452,131.61688968549447,4.14033802254653,8.712629833346,6.267470937404498,1.5521635259866855,138.57503986050367,4.275548229200003,8.863532733196152,6.598811421928746,1.4706274108141661,1.7858976412205632,0.1359166047976741,1.4257475141481688,0.5952992137401877,0.588321484800071,17.605231297192404,5.33309218148861,6.6131314631675195,5.868410432397468,0.5431465632899107,19.39112893841297,5.883241174810995,6.758839695636778,6.463709646137656,0.410472657348694,11.428747600443659,0.05269294926942791,2.9429122348659416,0.8163391143174042,0.8106920177309722,83.50610058394659,3.408931414352992,7.656020590562548,5.9647214702819,1.2631538701287643,94.93484818439023,3.6174375982373626,10.253413611915319,6.781060584599302,1.6379047460728322,4.657671543140995,0.015288823598469392,1.0053250932907076,0.2587595301744997,0.25977686538022743,93.00768260037034,1.844471876008356,8.327246624307918,5.167093477798352,1.641529773942648,97.66535414351134,1.860557639970236,8.517983856066493,5.425853007972852,1.652790911343598,12.47460770305098,0.010614258138735622,1.5221636569186865,0.31986173597566614,0.3860033429013027,153.9518886093947,1.7735782634817951,8.327246624307918,3.9474843233178127,1.4986720115825092,166.4264963124457,1.8714226886339171,8.517983856066493,4.267346059293479,1.4815087771507862,9.147558830372454,0.010222093981757219,1.3788259729307324,0.32669852965615903,0.2879068654595052,92.06201477451532,1.9890182180943157,7.310501377049377,3.287929099089833,1.244757797140817,101.20957360488777,2.4544662733085962,7.335440565037343,3.6146276287459917,1.1654305895329413,9.755113813258424,0.01112305730091201,1.8574279400399032,0.2709753837016229,0.37053565000198424,125.42626424486889,1.7735782634817951,8.327246624307918,3.4840628956908026,1.6639212937248151,135.18137805812734,1.860557639970236,8.517983856066493,3.755038279392426,1.6140218945530007
c<D>r<169>R<MET>,55.174684783292,1.3894135383776476,3.534095652959297,1.9025753373548966,0.5767173755583139,25.510631371311888,2.7162267033576972,7.648706192241097,3.6443759101874127,1.6532444530537729,31.290999028447676,2.196695656897428,4.4996276914406295,3.4767776698275195,0.6687659474110159,60.061271287816346,1.3268360623360633,3.534095652959297,1.6232776023734148,0.4849630425094164,67.72393278522489,1.2285348104683507,3.534095652959297,1.7365110970570485,0.5727691697737421,49.21357934204803,2.196695656897428,7.375560403103537,2.894916431885178,1.1714832192366478,72.61051928974925,1.2285348104683507,3.534095652959297,1.5449046657393457,0.45663390786566466,12.893230229677837,0.02098255584873332,3.628470988402521,0.4958934703722245,0.7994044928573492,147.81605529599483,4.14033802254653,8.712629833346,5.6852328959998015,1.280168568599661,160.70928552567267,4.275548229200003,8.772911862665087,6.181126366372026,1.3016447186602649,3.050757630984876,0.022895901303833455,1.4257475141481688,0.43582251871212513,0.43850351288925477,76.45271771597982,5.33309218148861,19.35155489747649,10.921816816568546,5.909175646359128,79.50347534696469,5.883241174810995,19.374450798780323,11.35763933528067,5.706390780830372,7.619076301457689,0.05269294926942791,1.7104258878600689,0.8465640334952987,0.5920095319704415,54.99100316781551,3.56291516217334,7.656020590562548,6.110111463090612,1.1255830411587813,62.61007946927319,4.449995980675407,8.749107462858987,6.95667549658591,1.1594761399006959,12.518675654467161,0.015288823598469392,4.188009982085029,0.6259337827233581,0.95758269656446,97.68150624435225,1.844471876008356,8.327246624307918,4.884075312217613,1.5131886459641988,110.20018189881941,1.860557639970236,8.517983856066493,5.510009094940971,1.686993568286141,14.900945665321661,0.010614258138735622,3.628470988402521,0.41391515737004614,0.6773672449697419,146.20732914805694,1.7735782634817951,8.327246624307918,4.061314698557137,1.4863789097499658,161.1082748133786,1.8714226886339171,8.517983856066493,4.475229855927184,1.665598176356748,8.551922168354771,0.010222093981757219,1.3788259729307324,0.34207688673419084,0.30409248004487216,100.79452496469094,1.9890182180943157,14.625676603806824,4.031780998587638,3.2369362855199775,109.3464471330457,2.4544662733085962,15.02645378830714,4.373857885321828,3.2565122193046454,13.85297343269607,0.01112305730091201,4.188009982085029,0.4468701107321313,0.8222454337160188,111.1056915192114,1.7735782634817951,8.327246624307918,3.584054565135852,1.7012591685801515,124.95866495190748,1.860557639970236,8.517983856066493,4.0309246758679835,1.9157443023790097
c<D>r<170>R<ASP>,59.16563754865961,1.3894135383776476,2.768739263876523,1.7401658102546944,0.4145503710676655,17.86192517907079,2.7162267033576972,3.4955513518413333,2.976987529845132,0.2662755595881795,32.56577128875966,2.192532898635122,4.4996276914406295,3.2565771288759664,0.6499289209657815,61.59795338456296,1.3268360623360633,2.768739263876523,1.5023891069405602,0.21339925628572196,72.7742271703841,1.2276184481009236,2.768739263876523,1.6172050482307576,0.42023323841028337,43.44105602333262,2.192532898635122,3.1888072127951,2.5553562366666247,0.3599964574229526,75.20654300628745,1.2276184481009236,2.768739263876523,1.4462796731978356,0.21830585244089576,9.142267480928703,0.01347269388172867,2.274533647904194,0.31525060279064493,0.47118806191252866,159.3368884150725,1.9545667172624235,11.854689375497628,5.494375462588708,1.7283002064452377,168.47915589600126,1.9680394111441522,12.111149662647664,5.809626065379354,1.7010412136123985,2.398870033691029,0.1359166047976741,1.4257475141481688,0.5997175084227573,0.5095588200509595,23.519209437161408,5.33309218148861,6.6131314631675195,5.879802359290352,0.47079238513938304,25.918079470852437,5.883241174810995,6.758839695636778,6.479519867713109,0.3565329453808842,7.922590075527347,0.05269294926942791,1.7104258878600689,0.720235461411577,0.6003753715766361,63.03186997973171,3.408931414352992,7.656020590562548,5.730169998157428,1.299130879034064,70.95446005525905,3.6174375982373626,8.749107462858987,6.450405459569004,1.4758569772770065,7.966009015185204,0.01347269388172867,1.540054297308517,0.3463482180515306,0.3982944771413327,110.19042728161821,1.844471876008356,11.854689375497628,4.790888142679052,1.9061492142196428,118.1564362968034,1.860557639970236,12.111149662647664,5.137236360730583,1.9207346832873493,12.587288475270743,0.010614258138735622,1.5221636569186865,0.2996973446493034,0.37730035237098986,165.40244586187987,1.7735782634817951,8.71464705332346,3.9381534729019014,1.474735393651794,177.98973433715062,1.8714226886339171,8.839020598915639,4.237850817551205,1.4831996019684661,8.593341815705262,0.015599818262074017,1.3788259729307324,0.33051314675789467,0.28830357616110586,79.56148628155461,1.9890182180943157,6.720646755402413,3.060057164675177,0.941658771881433,88.15482809725987,2.4544662733085962,7.10727716257751,3.3905703114330716,0.9035764954633542,10.715643787516118,0.01112305730091201,1.8574279400399032,0.2747600971157979,0.3956468701601139,139.35844303659928,1.7735782634817951,8.71464705332346,3.5732934111948533,1.6380539275413117,150.07408682411543,1.860557639970236,8.839020598915639,3.848053508310652,1.6322983203260075
c<D>r<171>R<PHE>,77.6032883213274,1.384922363343602,3.464954973689631,1.8476973409839856,0.5538036145550698,36.39548078866834,2.7162267033576972,5.998676704260744,3.6395480788668335,1.1108132343219532,50.87369001920333,2.192532898635122,5.779649425957621,3.6338350013716663,0.8933117797256808,85.63398928552579,1.3235001856554487,3.464954973689631,1.615735646896713,0.5004855439801282,100.48865792437842,1.2276184481009236,5.3915514067988495,1.7629589109540074,0.726324600725716,71.32752309700956,2.192532898635122,5.998676704260744,2.8531009238803824,0.95813115920111,108.13754233959271,1.2276184481009236,5.3915514067988495,1.5902579755822457,0.6438480496021819,22.925951125472917,0.011998662045381359,3.628470988402521,0.5094655805660648,0.7799052992445594,243.84828078982332,0.4841577231454721,11.854689375497628,5.418850684218296,1.835939398572982,266.7742319152962,1.9176006782040869,12.111149662647664,5.9283162647843595,1.7726565867462092,7.6301534272471265,0.013049126935271715,2.751767192150435,0.6936503115679206,0.8607893375034149,122.54078136298904,5.33309218148861,19.35155489747649,11.140071032999003,5.3056839153392765,130.17093479023615,5.883241174810995,19.374450798780323,11.833721344566923,5.243406707311669,12.506956051023305,0.05269294926942791,1.7554874017426538,0.7357032971190179,0.5964814010779637,109.12310027699368,3.408931414352992,15.43168879341465,6.419005898646687,2.534077706375536,121.63005632801699,3.6174375982373626,16.142057807307246,7.154709195765705,2.5609088253864423,23.233803348073828,0.011998662045381359,4.188009982085029,0.5403210080947402,0.7739628304407212,209.3385382456779,0.4841577231454721,11.854689375497628,4.868338098736696,1.8686460176114281,232.57234159375173,1.860557639970236,12.111149662647664,5.408659106831435,1.848277866655531,27.847822057176735,0.010614258138735622,3.628470988402521,0.4219366978360111,0.6617219534760491,291.1098873256076,0.4841577231454721,15.43168879341465,4.410755868569812,2.177384884613942,318.9577093827843,1.8714226886339171,15.494782814805944,4.8326925664058225,2.183476727970194,16.084911905450454,0.015599818262074017,2.7340743241877252,0.4595689115842987,0.6191466154226976,157.0637691171878,1.9890182180943157,16.159441342620994,4.48753626049108,3.786863892900901,173.14868102263824,2.4544662733085962,16.347309771236027,4.9471051720753785,3.9482741869149054,27.83191892598696,0.010527327910216044,4.188009982085029,0.44890191816108005,0.7284841809660321,243.1087930583833,0.4841577231454721,8.71464705332346,3.921109565457795,1.8410430821952444,270.9407119843702,1.860557639970236,8.839020598915639,4.370011483618874,1.8958754799409936
c<D>r<172>R<LYS>,104.81163999544296,1.384922363343602,4.133330527320627,1.8388007016744379,0.6588277833280194,56.30426964193302,2.7421404402970047,6.352239177390616,4.021733545852358,1.1139393897932022,61.51558056467139,2.192532898635122,5.779649425957621,3.844723785291962,0.7773159355963501,115.75239041483508,1.3235001856554487,3.6256230705991395,1.6076720890949316,0.49716138712628144,130.3484990461748,1.2276184481009236,4.093294698701916,1.7614662033266864,0.6428380979152541,86.91996243803592,2.192532898635122,5.707351166152008,2.803869756065675,0.7145209961062423,139.7015552984425,1.2276184481009236,3.464954973689631,1.5696803966117137,0.45526099205915044,31.52585052071226,0.01078581781728083,2.6176246458368855,0.4850130849340348,0.6383675190733085,336.5492690755268,0.4841577231454721,10.370985642472078,5.177681062700413,1.5823519247967108,368.07511959623906,1.5845763439399345,11.194521672271474,5.662694147634447,1.562939094424389,16.772518025395545,0.013049126935271715,6.184170202375228,0.9866187073762085,1.5701425503597422,185.76925402830148,5.33309218148861,17.211266603594595,10.927603178135382,4.194150117132804,202.54177205369703,6.52695053243947,17.641977165801492,11.91422188551159,4.321930607621574,12.577886901190457,0.05109944383817222,1.7554874017426538,0.5717221318722935,0.5039361455030574,206.93232131336572,3.408931414352992,23.04159216604262,9.406014605152988,6.248220923919828,219.51020821455617,3.6174375982373626,23.09269160988079,9.97773673702528,6.216855459408162,30.793436297617944,0.01078581781728083,2.9912945563368254,0.4737451738095068,0.5907864756133865,316.5548619852011,0.4841577231454721,13.608769372041024,4.870074799772325,1.784334028976001,347.34829828281914,1.5845763439399345,13.630325411977287,5.343819973581833,1.7340347037970252,37.1152551419683,0.010614258138735622,3.121440696839981,0.4123917237996478,0.5825043806446583,404.1949146723714,0.4841577231454721,15.43168879341465,4.491054607470793,2.0745990795586344,441.3101698143397,1.5845763439399345,15.494782814805944,4.903446331270441,2.0250437614764705,24.00552535041807,0.012045076362177554,6.4040267498966745,0.6001381337604517,1.2109896770565598,225.5559211116497,2.216860595093749,22.56072392884107,5.638898027791242,4.495102504495389,249.56144646206778,2.5180434838724732,22.596468966529898,6.239036161551694,4.721663022096174,36.093688543982545,0.010527327910216044,2.8868464588980522,0.4246316299292064,0.6137246767538949,359.40471238184045,0.4841577231454721,16.960970139603887,4.2282907339040054,2.252888878082459,395.498400925823,1.5845763439399345,17.106885204923756,4.652922363833212,2.2127947883393393
c<D>r<173>R<SER>,123.00090414143557,1.384922363343602,4.066083634919748,1.9523953038323105,0.7729334179473669,52.73159574484301,2.2942372435039258,6.150324912664899,3.7665425532030725,1.0177735873075309,65.24903495945412,2.191329214055157,5.779649425957621,3.838178527026713,0.7521921128014426,130.03865176276483,1.3183015276783767,3.9163507678532135,1.6671622020867285,0.625123168319904,145.91255453397926,1.22783702991725,3.8169785726151377,1.8013895621478921,0.6950593108580294,84.86689859472888,2.191329214055157,5.018471416152637,2.6520905810852775,0.5245003036144056,152.3108212877226,1.22783702991725,3.7404202587961892,1.5865710550804437,0.5319549568507506,48.804679945877865,0.01078581781728083,3.4740256707439485,0.6507290659450382,0.8325193657031962,394.73014056388297,0.4841577231454721,10.370985642472078,5.263068540851773,1.4496285779917408,443.53482050976083,1.9176006782040869,11.194521672271474,5.913797606796811,1.489716202529487,10.62593387554779,0.013049126935271715,2.7119479893193166,0.6641208672217369,0.778147990216118,136.5790842053284,1.3313082849126658,16.28006511564672,8.536192762833025,3.7405555382492937,147.2050180808762,1.762517617167945,16.293114242581993,9.200313630054762,3.7080827718544307,26.744911001625724,0.011492651724111624,6.881677087046484,0.922238310400887,1.364470913494283,197.2219830406184,3.946515266769893,16.023766952057485,6.800758035883393,2.677597645791459,223.96689404224418,4.782515951596233,16.600985140772792,7.722996346284282,3.060173843316796,44.08326831911231,0.01078581781728083,2.9912945563368254,0.5311237146881,0.6554750044220317,396.96230691519963,0.4841577231454721,10.370985642472078,4.78267839656867,1.3512112011809034,441.045575234312,1.9119585233446892,11.194521672271474,5.313802111256772,1.4132977706418632,53.29960543710324,0.01078581781728083,3.121440696839981,0.5225451513441494,0.6923847428180006,427.7060993130665,0.4841577231454721,7.790795708191581,4.1931970520888875,1.2131800789099338,481.0057047501697,1.845979536153211,8.721811350693915,4.715742203433036,1.2487384797215528,25.41463021476785,0.01122131668060078,5.297736655962282,0.8471543404922617,1.3031070471524069,130.98128973935673,1.3313082849126658,12.643551152291366,4.3660429913118906,2.4819615556282453,156.39591995412454,1.762517617167945,13.648823527705346,5.213197331804151,2.745468304092563,49.57655766324892,0.010527327910216044,3.7647164301774882,0.5058832414617237,0.7261418398994205,375.445230880827,0.4841577231454721,7.790795708191581,3.8310737844982348,1.3112335966341337,425.02178854407595,1.845979536153211,8.721811350693915,4.336957025959959,1.3443867260760125
c<D>r<174>R<ASN>,123.16649058511761,1.3903248698046586,4.385194007940184,1.8948690859248865,0.7208965195589063,62.28484979147973,2.795326518232998,5.551247985537431,3.892803111967483,0.6743830697354446,70.71126638980004,2.6361183020611496,4.697261406365135,3.72164559946316,0.5554843087540923,135.68936447481602,1.3183015276783767,3.988606076697142,1.6547483472538538,0.6191564280880006,146.22284190879034,1.2276970565847503,3.7754280621573013,1.72026872833871,0.559395097182771,95.87507745653907,2.2435066930323027,5.1279824785331085,2.6631965960149744,0.4997313873650277,158.16280481209645,1.2276970565847503,3.6256230705991395,1.550615733451926,0.43957276918220833,49.957481045551006,0.011708505462085128,3.541826052825794,0.5947319172089406,0.8160025810367503,443.90202309658343,0.4914039426594172,12.448187810349737,5.284547894006946,1.6479658677089928,493.8595041421345,1.9277247924089893,12.597948462620543,5.879279811215887,1.7173437914166187,20.523520428204606,0.023624118530259253,4.526886585960609,0.9328872921911184,1.2345256904596904,171.0946714005895,4.877799941254125,13.598658658982458,7.777030518208614,2.235672055051109,191.6181918287941,5.92225888650167,15.773050886559657,8.709917810399732,2.407298558395018,24.806555824824137,0.029858424289317398,3.604367278979222,0.7752048695257543,0.8019232289707993,204.1138023891799,3.946515266769893,14.305183908938488,6.378556324661872,2.3546055637364454,228.920358214004,4.578642282519578,15.497243176012027,7.153761194187625,2.447280752916636,44.89620212830502,0.01147416249765465,3.3851756434698927,0.4489620212830502,0.6201920200155933,475.85771904952185,0.4914039426594172,10.414229363808772,4.7585771904952185,1.2665166946248614,520.7539211778269,1.9119585233446892,10.451462320650222,5.207539211778269,1.3044163423833077,55.5503732590752,0.011785432948260954,3.121440696839981,0.5611148814048,0.7489738255585475,394.78317167689056,0.4914039426594172,8.009315984299974,3.9877088048170766,1.2799614315113097,450.33354493596573,1.845979536153211,9.525963921061456,4.548823686221876,1.3747165026937378,28.78325852381046,0.01122131668060078,3.899647888051385,0.6693781052048944,0.9751944585661787,202.33199151744066,1.9401285133290003,14.305183908938488,4.705395151568387,2.906930958125861,231.1152500412511,2.5014773029922197,14.81020048033162,5.374773256773281,2.9325404748261974,52.925500029100185,0.01147416249765465,3.251576972353128,0.4946308413934597,0.6989397076111344,399.9287377952696,0.4914039426594172,8.009315984299974,3.737651755095978,1.3083419315762266,452.8542378243698,1.845979536153211,8.416049353721856,4.232282596489438,1.358520311333889
c<D>r<175>R<SER>,132.92614998127777,1.3884317409408795,3.936469660096469,1.8721992955109545,0.7019794362268837,60.902265732448235,2.293788787564692,5.252500567900686,3.5824862195557787,0.6978866786746503,62.202148116934616,2.720068542441886,5.100302504130515,3.658949889231448,0.5675893685511625,146.10662999598162,1.3183015276783767,3.936469660096469,1.6416475280447373,0.6094041272524523,157.41315484442993,1.2276970565847503,3.936469660096469,1.7686871330834824,0.6422844703525251,91.21785419005752,2.237314835939319,3.084405105103208,2.606224405430215,0.284912386747877,168.88905291419331,1.2276970565847503,3.936469660096469,1.5784023636840496,0.5067184586967594,57.23266661665419,0.011556163172519618,6.23199784383398,0.6154050173833784,0.9364299919122419,465.3613854541568,0.4863126431891942,10.414229363808772,5.00388586509846,1.55862403205484,522.594052070811,1.9236383224673317,10.559497473816393,5.619290882481839,1.6036077402269957,16.272816344322383,0.023624118530259253,3.4537838649744863,0.6780340143467659,0.9721834437774401,162.14192032212122,1.3261060208751587,12.946415864656046,6.755913346755051,2.0872286023818156,178.41473666644362,1.7592301414615519,12.970381882637717,7.433947361101818,2.0177588676840976,20.006738989219798,0.029858424289317398,2.2119334024479205,0.7409903329340666,0.6972311464828606,153.95604589061986,3.946515266769893,8.984807811074461,5.702075773726661,1.0384917405399847,173.9627848798397,4.578642282519578,9.838924176340104,6.443066106660729,1.132102951351043,55.77457349614768,0.01147416249765465,6.23199784383398,0.4808152887598938,0.7901437316025173,550.9749132561251,0.4863126431891942,11.151373686106126,4.749783734966596,1.482961271854395,606.7494867522728,1.9119585233446892,11.86879787383172,5.23059902372649,1.5297374295302313,63.877805781264215,0.010639660827450825,4.394311720711503,0.550670739493657,0.7545216715288973,470.72332777191014,0.4863126431891942,8.009315984299974,4.057959722171639,1.2161536245230387,534.6011335531743,1.845979536153211,8.721811350693915,4.608630461665296,1.226557148925023,29.078960821767687,0.030187051457223113,3.899647888051385,0.7092429468723827,0.984062901267029,141.55632052496185,1.3261060208751587,6.094650341042325,3.452593183535655,1.1271474631447957,170.63528134672956,1.7592301414615519,6.70572675965431,4.161836130408038,1.129751655463516,60.97428764413835,0.010639660827450825,4.394311720711503,0.5081190637011529,0.754644393397039,459.9982241160392,0.4863126431891942,11.151373686106126,3.8333185343003264,1.4542630299932373,520.9725117601774,1.845979536153211,11.623500305471062,4.3414375980014785,1.459526755353798
c<D>r<176>R<ALA>,142.10987343022484,1.3881558482732006,4.077164645630906,1.869866755660853,0.718289973820087,45.35768715019493,2.293788787564692,4.46662422031193,3.489052857707302,0.602707022206247,61.76120053838767,2.200094425936085,4.331640267396204,3.431177807688204,0.5660440685363115,148.83646862364614,1.321577898239774,4.077164645630906,1.653738540262735,0.6404533015716484,162.29129216495213,1.2276970565847503,3.449616106461155,1.7083293912100224,0.5700447160306009,82.04946621342202,2.200094425936085,3.1412224801067303,2.564045819169438,0.30035757603600066,167.92107067337716,1.2276970565847503,3.449616106461155,1.54056028140713,0.44029513843728985,63.16432456447917,0.010865295037454814,3.2694127842338156,0.6073492746584536,0.767208406606418,510.53382078651975,0.4844972934897669,9.566610350938618,4.908979046024228,1.443623570742019,573.698145350999,1.9205780206490346,9.68716595919897,5.516328320682683,1.3758511844870545,12.795775842236498,0.019502633112583823,4.0192904506412575,0.7108764356798054,1.0214837434606043,113.61542038856692,1.3261060208751587,8.98279680572523,6.311967799364829,1.691605723713757,126.4111962308034,1.7592301414615519,9.034246810299102,7.022844235044634,1.7330411187379187,15.515906568000418,0.01537274283065404,3.3977369426436894,0.6206362627200167,0.6607190888457956,134.6504075011071,2.3697970998691744,13.46243206001327,5.386016300044284,1.9922068804593784,150.16631406910756,2.478131000897494,13.745877022394964,6.006652562764303,2.0636066763022254,60.07105526754941,0.010196363511742135,2.765418698581481,0.5134278227995677,0.6329321060138687,528.242451815295,0.4844972934897669,9.566610350938618,4.514892750558077,1.1586100627507607,588.3135070828445,1.9205780206490346,9.589400935225832,5.028320573357645,1.0985118289096159,62.870901392648186,0.01070241300674013,3.0782996945525873,0.48737132862517973,0.5966726640181841,502.62149969696225,0.4844972934897669,7.005118723763189,3.896290695325289,1.1065040287048702,565.4924010896104,1.8817559010030163,7.156937445451399,4.3836620239504684,1.0819401782149092,23.51819782746353,0.029358707836124154,2.8408553782275643,0.5469348331968263,0.6759894728298981,136.41781223176372,1.3261060208751587,6.094650341042325,3.1725072612038074,0.9275088210994482,159.93601005922727,1.7592301414615519,6.183278542729589,3.7194420944006343,0.9224388541997972,59.23981144244368,0.01147416249765465,2.3878045930490606,0.46645520820821795,0.5668012272241723,471.892356260214,0.4844972934897669,7.818623691697212,3.715687844568614,1.1843535654143533,531.1321677026576,1.6146316541637875,7.9018296246458535,4.182143052776832,1.134435162964179
c<D>r<177>R<VAL>,142.31260638702915,1.387906169523731,4.224246761281374,1.923143329554448,0.76787459077638,56.286160306824044,2.293788787564692,4.478819647924147,3.5178850191765028,0.5617175140574939,60.07341036755081,2.200094425936085,4.459620982870451,3.5337300216206358,0.585436272597337,152.66944623600543,1.321577898239774,4.224246761281374,1.677686222373686,0.6737816730002654,163.25881237562402,1.2256787290321365,4.224246761281374,1.7745523084306958,0.6551633058840641,87.32183595964902,2.200094425936085,3.4776821809703424,2.5682892929308534,0.319966682409959,172.6020540014144,1.2256787290321365,4.224246761281374,1.5835050825817834,0.5327964878498075,67.38011741476825,0.010865295037454814,2.858467474791965,0.6806072466138207,0.7739878551427151,497.47916559102464,0.4844972934897669,8.379997584641387,5.025042076677017,1.1381684663413854,564.859283005793,1.8913552987199291,8.690614705244933,5.705649323290839,1.0599205266726226,12.703004165390896,0.019502633112583823,3.576343296910988,0.7057224536328275,0.8533227009196793,133.1385815060055,1.3261060208751587,15.990987610502316,7.39658786144475,3.3930431627530138,145.84158567139636,1.7592301414615519,16.320783177390943,8.102310315077576,3.3710949604007276,16.6122672684872,0.01537274283065404,3.160556110567825,0.7910603461184381,0.7070286376959724,117.43223515580758,2.3697970998691744,13.46243206001327,5.592011197895599,2.0628470624706288,134.0445024242948,2.478131000897494,13.745877022394964,6.3830715440140375,2.1229524059711227,66.91592886846296,0.010196363511742135,2.76719126275282,0.6496692123151744,0.7100478581369345,472.8040232342837,0.4844972934897669,6.702580993843185,4.590330322662949,0.9193305144440949,539.7199521027469,1.8913552987199291,7.355999906823309,5.239999534978125,0.9458322019955198,65.69998258678352,0.01070241300674013,3.0782996945525873,0.5385244474326518,0.6152070688765888,488.13859598760905,0.4844972934897669,8.616286773682987,4.00113603268532,1.0891324154741548,553.8385785743925,1.8817559010030163,8.688906661363257,4.539660480117972,1.1568439059266498,21.769180473009317,0.011688215279303193,2.911196093513757,0.5309556212929102,0.6521848486211144,127.45420886989427,1.3261060208751587,4.899591861314548,3.108639240729129,0.8231165557014445,149.22338934290357,1.7592301414615519,5.052316590691083,3.6395948620220384,0.8345693180303947,62.80712702582611,0.011764800314459478,2.3878045930490606,0.5277909834103035,0.5933993765880136,452.5090118146254,0.4844972934897669,8.616286773682987,3.8025967379380288,1.2006646301826045,515.3161388404516,1.6146316541637875,8.688906661363257,4.330387721348332,1.2585261685372526
c<D>r<178>R<ALA>,143.61666129743855,1.3698149242947748,4.077164645630906,1.8651514454212799,0.7045074354343904,61.6099362804263,2.880133832826562,6.271226992839568,3.8506210175266435,0.7946943560641472,58.1026652911998,3.2306092293415216,5.68133739063595,4.150190377942843,0.7572868861457425,154.81127175356838,1.321577898239774,4.077164645630906,1.6469284229103018,0.6218581420147031,160.06082331829998,1.2256787290321365,3.786971141525018,1.7397915578076084,0.6148535746904652,85.67933644137233,2.237331262766592,5.472545244875981,2.7638495626249138,0.6831470699357423,170.67452224176643,1.2256787290321365,3.786971141525018,1.5658213049703342,0.5058488961316984,63.8699116407171,0.010865295037454814,2.9938595536538575,0.6025463362331802,0.8001644688812222,525.1725294141354,0.4844972934897669,7.945436668015702,4.954457824661655,1.2740194717701212,589.0424410548525,1.386572460151229,7.964810590857414,5.557004160894834,1.1548298621830335,21.433836504072175,0.010300646867662522,3.576343296910988,0.857353460162887,0.9628111178105125,245.64231018249734,5.014956359657845,18.883340404751152,9.825692407299893,4.247894053665706,267.07614668656953,6.496332790405673,19.188471169969446,10.68304586746278,4.240880393441858,13.157611227493817,0.013258165841257608,2.6926980902845266,0.7739771310290481,0.653377001828951,133.66677084842263,5.330822721994082,14.747097624618618,7.862751226377802,3.3494750081952773,146.82438207591645,5.346195464824736,15.422649298895582,8.63672835740685,3.3656525223302696,63.85823496263626,0.010196363511742135,3.858184121734377,0.5968059342302454,0.7733119665909135,505.1386587260616,0.4844972934897669,8.647484304287218,4.7209220441688,1.2759847317141224,568.996893688698,1.385046526996584,8.662096728929159,5.317727978399047,1.1545850006427956,66.57600086165168,0.01070241300674013,3.0243555733316807,0.5642033971326413,0.6938103117131417,476.25356857802257,0.4844972934897669,7.624281366753166,4.036047191339175,1.0908691581512377,542.8295694396742,1.386572460151229,7.861129046113184,4.600250588471815,1.108009041906552,20.54192716423728,0.011964472605292542,2.6926980902845266,0.6847309054745759,0.8228690494753998,215.51214720921007,2.158284321979636,21.060441806778044,7.183738240307003,5.65692909794713,236.05407437344735,2.9440914507526674,21.395864525207188,7.868469145781578,5.539544056845658,63.9786713689224,0.011764800314459478,3.0243555733316807,0.5869602877882789,0.7450777084323279,425.4853907426648,0.4844972934897669,8.647484304287218,3.9035356948868327,1.2429686949165002,489.46406211158717,1.385046526996584,8.662096728929159,4.490495982675112,1.2232352666458528
c<D>r<179>R<TRP>,135.07738385772473,1.3698149242947748,3.7613546993859295,1.902498364193306,0.7235877201771024,57.350027118820634,2.880133832826562,6.271226992839568,3.823335141254709,0.7757407758608351,57.187281927408655,2.792149425526245,5.68133739063595,4.0848058519577615,0.6953641588701819,144.7524123990766,1.321577898239774,3.7613546993859295,1.6638208321732944,0.6277517466421199,153.31940106041353,1.2256787290321365,3.7613546993859295,1.7827837332606224,0.6492214488806991,81.48023663781935,2.237331262766592,4.2289634674688354,2.7160078879273115,0.5136352244074214,163.0153897390938,1.2256787290321365,3.7613546993859295,1.5981900954813117,0.5466731843716862,55.11240640408088,0.010150222910545459,3.5512892630796937,0.5681691381864008,0.788162867122276,494.0659780265293,0.49862603691235563,8.628821154435173,5.093463690995147,1.2504383182346306,549.1783844306102,1.386572460151229,8.645120944372,5.661632829181548,1.195521692825107,14.541949280914839,0.05032949317141355,3.7188783281604216,0.7653657516270967,0.9514410366172975,146.4912810117131,5.018671833406415,12.21620299981464,7.710067421669112,1.8998687078967662,161.0332302926279,6.371252142799971,12.414453941434006,8.475433173296205,1.8728880149037412,19.94376561860864,0.013258165841257608,5.477508041143361,0.997188280930432,1.1687351060046984,147.84095289404672,4.8503965073014115,13.226559811961351,7.392047644702336,2.7395821059989047,167.78471851265536,5.326079115528838,13.25586454665439,8.389235925632768,2.635463629935928,53.67222805767805,0.011932112480589119,3.231064997862889,0.553321938738949,0.7475105235145336,473.4761070188722,0.49862603691235563,8.647484304287218,4.881196979576002,1.211161547880788,527.1483350765503,1.385046526996584,8.662096728929159,5.434518918314952,1.1034430674687274,60.24769187726112,0.010150222910545459,3.7119362028412706,0.5379258203326885,0.6866616149555564,489.707828868275,0.49862603691235563,9.955213664614348,4.372391329181027,1.2938516335000294,549.955520745536,1.386572460151229,10.004785025221214,4.910317149513714,1.2471720492698328,23.639374034357612,0.01868749417577309,3.783373481493946,0.8151508287709521,0.9323164169427576,129.16874890742838,2.158284321979636,10.177877199779914,4.4540947899113235,2.140492389404646,152.80812294178597,2.893811717832868,10.47229145565528,5.269245618682275,2.2631125469838063,56.36244795842033,0.0119518116281645,3.7119362028412706,0.5170866785176177,0.6831968532309296,455.6956814354089,0.49862603691235563,10.177877199779914,4.180694325095494,1.4350340805133195,512.0581293938293,1.385046526996584,10.190419077281746,4.6977810036131125,1.3746494427060316
c<D>r<180>R<SER>,127.22014768139036,1.3698149242947748,3.7613546993859295,1.8437702562520342,0.6625897494685307,56.24023951069808,2.7603992737170855,4.942024170807741,3.7493493007132055,0.5927215879271472,74.8337804001544,2.1978119386538633,4.689414433403303,3.74168902000772,0.7494778464726576,137.37807938309646,1.3250915249065696,3.7613546993859295,1.6162126986246643,0.5596558670266413,152.14514688331997,1.2256787290321365,3.7613546993859295,1.6905016320368884,0.5515304463705228,97.78898875848778,2.1978119386538633,4.2289634674688354,2.7163607988468828,0.5144432008764745,161.78411341065643,1.2256787290321365,3.7613546993859295,1.5262652208552494,0.4216886935008296,46.13495335351282,0.010150222910545459,4.184792084548698,0.5839867513102889,0.8914329514655978,423.8858358459441,1.2450748823257527,13.06274530185523,5.365643491720811,1.765283057972914,470.020789199457,1.386572460151229,13.499113098826648,5.949630243031101,1.879256381228331,14.750981184387769,0.01438742182884667,7.389047087664309,0.9833987456258513,1.8050026432621804,135.03459407044673,5.16888909801969,25.1923729291766,9.002306271363116,4.73968502252295,149.7855752548345,6.090305559748423,25.206760351005446,9.985705016988966,5.04763538862656,29.5296522655808,0.013258165841257608,5.477508041143361,1.018263871226924,1.3064176519695676,206.8420951810357,2.0502831799549313,12.69124865616601,7.132486040725369,2.5959780363112297,236.3717474466165,2.6396887919516754,12.874500850893195,8.150749911952293,2.5843345025242455,43.636573134384626,0.0119518116281645,5.914192341827912,0.501569806142352,0.9126163343498809,453.85475260756886,0.509115700356233,13.06274530185523,5.216721294339872,1.6814930811523503,497.4913257419535,1.385046526996584,13.436178879403826,5.718291100482224,1.711980127445422,54.65527240244674,0.010150222910545459,3.8699350453079386,0.5107969383406238,0.7495236646019888,482.3732874338684,1.2450748823257527,10.1989520123916,4.508161564802509,1.7513725811777656,537.0285598363153,1.386572460151229,10.231850509149176,5.018958503143133,1.7138739153385625,31.101544134012787,0.020237632465250233,4.273454025028876,0.723291724046809,0.9863233789250518,183.79233061239353,2.0502831799549313,9.933859118320697,4.27424024679985,1.8027897966972295,214.8938747464063,2.4528254473451145,11.124327284135688,4.997531970846659,2.145819384111731,50.694525233625214,0.0119518116281645,3.8699350453079386,0.47825023805306804,0.7073980828477444,434.0369851744471,0.509115700356233,8.509220149285284,4.094688539381576,1.5343515949459203,484.7315104080723,1.385046526996584,8.577606128926647,4.572938777434644,1.5410001596118077
c<D>r<181>R<ASN>,83.01170059357273,1.3698149242947748,4.39305218703472,1.9305046649668076,0.7399574635188879,47.81293499061288,3.0333537379816202,5.775931435553352,3.98441124921774,0.8505524696223653,57.760842669974735,2.1978119386538633,4.689414433403303,3.610052666873421,0.7189941436487556,92.04048878706215,1.3280289692936613,3.6994006829325055,1.643580156911824,0.5347407420153266,104.82825848658902,1.2292697714552265,4.29248901070124,1.7471376414431503,0.64522264921131,81.11612343467239,2.1978119386538633,4.857634560742073,2.7971077046438753,0.6086095138196294,113.73655524374156,1.2292697714552265,3.6994006829325055,1.5580350033389254,0.4537399588243734,27.549272136005285,0.010150222910545459,6.849726504425021,0.7249808456843496,1.3052646034456725,217.1013018393434,2.6636573003927424,13.06274530185523,5.713192153666931,1.8377430895833622,244.65057397534866,2.728519598120032,13.499113098826648,6.438172999351281,2.118319394890648,10.869642539638381,0.051052888831929266,6.991063776246554,1.2077380599598202,2.0947278057165124,86.3877230528457,5.16888909801969,17.012236636378308,9.598635894760633,4.24115803912885,97.25736559248409,6.090305559748423,17.896589129735236,10.806373954720454,4.452106982753539,22.639851723162856,0.03544018008858174,6.173595330340598,1.0780881772934694,1.5118005069844962,148.5446896335082,2.0502831799549313,13.986759148190913,7.073556649214676,2.650976424488381,171.18454135667105,2.6396887919516754,14.056268236768329,8.151644826508145,2.55303582271882,24.74273976868065,0.0119518116281645,6.624470376256637,0.5154737451808469,1.1086372206937205,264.59379702705587,1.7513526123390335,13.06274530185523,5.512370771396998,1.7550380224853392,289.3365367957365,1.7897202970367398,13.436178879403826,6.027844516577844,1.933757689151037,32.79289623780655,0.010150222910545459,4.043877991325478,0.5465482706301092,0.8694663146795052,284.607065323516,1.6019138887864415,10.1989520123916,4.7434510887252666,1.9474556454415755,317.39996156132264,2.0419845109505728,10.231850509149176,5.289999359355377,1.9083657530258065,25.591587098007523,0.029688486408382175,5.01277431486934,0.7755026393335613,1.070992654998216,158.7841442822746,2.0502831799549313,9.977315435806304,4.811640735826503,2.383632523731008,184.37573138028213,2.4528254473451145,10.65730616238136,5.587143375160065,2.6438424547260126,30.424635082298657,0.0119518116281645,4.586920986387366,0.4680713089584409,0.7720082710623851,272.44287316417854,1.6019138887864415,8.829931088615922,4.191428817910439,1.703605750719142,302.8675082464772,1.7897202970367398,9.4051181665215,4.65950012686888,1.7423257076857583
c<D>r<182>R<LYS>,59.44774218613,1.5142103377538316,3.3032404040410683,1.8014467329130304,0.4712868838496186,43.79972124669469,3.0333537379816202,5.30612546799039,3.6499767705578905,0.6448505400057036,46.095782679951206,2.5748590532742073,4.689414433403303,3.8413152233292673,0.5919759197594353,69.3226072924346,1.3283466235686316,3.3032404040410683,1.5070132020094478,0.27864592502436225,77.5432334993796,1.2292697714552265,3.092579012913922,1.6857224673778173,0.4862344263365367,69.6250550088294,2.2436225179108855,4.561266029739374,2.7850022003531762,0.5280096495653008,87.19824389623409,1.2292697714552265,3.092579012913922,1.4779363372243066,0.29338656061618357,13.270979030480731,0.010683073950019661,6.2791091019337415,0.6984725805516174,1.3802323062415882,114.88379975064247,2.6636573003927424,9.370294014400542,6.046515776349604,1.4329355125166003,128.15477878112318,2.728519598120032,11.835732998952906,6.74498835690122,1.9984933793751305,5.1714142893079655,0.05032949317141355,1.5853843351987669,0.5171414289307965,0.4580409433358391,74.9043498962649,5.16888909801969,10.277779984337258,7.490434989626491,1.614105029874521,80.0757641855729,6.090305559748423,10.59460500472954,8.007576418557289,1.5864688408864598,18.592165064488967,0.03791038579090156,6.173595330340598,1.2394776709659312,1.7321387624807691,113.23159202361967,5.198131763254935,13.986759148190913,7.5487728015746445,2.637961206777227,131.82375708810864,6.198804754751106,14.056268236768329,8.788250472540575,2.3954692077484485,12.139683425352702,0.01668707110690093,5.46750155062024,0.4855873370141081,1.0805130288593563,131.4506176721099,1.7513526123390335,9.370294014400542,5.258024706884396,1.544464995167811,143.59030109746263,1.7897202970367398,11.024125447639404,5.743612043898505,1.9666056860015089,20.783734148570627,0.010683073950019661,3.1983351665836084,0.6298101257142614,0.9334696095207111,168.05179988900915,1.6019138887864415,10.1989520123916,5.0924787845154285,1.9100112273806529,188.83553403757975,2.0419845109505728,10.231850509149176,5.72228891022969,1.8255390729260605,23.054480164996818,0.029688486408382175,5.01277431486934,0.7436929085482844,1.0742600631735806,153.2316920582054,2.0878762245752682,10.277779984337258,4.942957808329206,2.593736874037577,176.28617222320224,2.4528254473451145,10.386666905815144,5.686650716877492,2.7902668168303504,19.268992260024547,0.012652852039799267,3.1650904901365315,0.5352497850006819,0.8084143403036084,140.52676606292414,1.6019138887864415,6.566457431920071,3.9035212795256706,1.517230062040994,159.79575832294867,1.7897202970367398,7.807816958468646,4.438771064526352,1.683240914236003
c<D>r<183>R<SER>,46.559306634618956,1.5021610220177473,4.490908443171264,1.8623722653847583,0.6624347290641591,30.7371236279782,3.0333537379816202,5.747729771434777,3.842140453497275,0.8498996896080048,42.26024859014869,2.1967579543312126,4.559882350787105,3.521687382512391,0.7616801599805648,53.31650961519542,1.3283466235686316,3.8702900955745014,1.568132635741042,0.44048790907077584,64.54377000057211,1.2292697714552265,4.319638049224392,1.6985202631729504,0.6082894639737135,59.86092771871063,2.1967579543312126,5.747729771434777,2.8505203675576487,0.8024318201384448,71.32035554420166,1.2292697714552265,3.7184022646807273,1.5174543732808865,0.42133505445048436,10.409549831129024,0.07253048473827661,6.2791091019337415,1.4870785473041461,2.0271096572242775,45.392388471110806,5.150670361397047,8.55210526503015,6.484626924444401,1.2986743326801307,55.80193830223983,5.223200846135324,11.835732998952906,7.971705471748548,2.1739171147308705,1.902170191982119,0.051052888831929266,0.6590911923575185,0.3804340383964238,0.20013445681388226,50.56440609695548,5.610603193286725,18.90502510763781,10.112881219391095,4.741777791511964,52.4665762889376,6.090305559748423,19.300523831576502,10.49331525778752,4.777072248144951,12.98668211500899,0.014754119422129008,3.4623102717844905,0.9276201510720707,1.008982574162339,101.30852692706293,3.122005248690641,12.69124865616601,7.236323351933066,2.5225499856231144,114.29520904207189,3.13675936811277,12.874500850893195,8.163943503005134,2.5887945145814224,9.768262382104885,0.026461011361057274,5.46750155062024,0.8140218651754071,1.479981868028612,65.58588135779173,1.7513526123390335,8.55210526503015,5.465490113149311,1.9455106176947803,75.35414373989661,1.7897202970367398,11.024125447639404,6.2795119783247175,2.5765742158055223,12.803274463684348,0.01162842051848223,3.1650904901365315,0.5819670210765613,0.8426103062868434,105.98150173278806,1.6019138887864415,10.1989520123916,4.817340987854003,2.3386673983669692,118.78477619647241,1.824705651720242,10.231850509149176,5.399308008930564,2.3978478359137143,18.73493279693755,0.014754119422129008,5.4978041077510795,0.749397311877502,1.2023206339873105,123.92671778632315,2.0878762245752682,10.277779984337258,4.957068711452926,2.904033568517893,142.6616505832607,2.4528254473451145,10.629898784286187,5.706466023330428,3.1743246350679937,13.025169006069282,0.01162842051848223,3.1650904901365315,0.4651846073596172,0.7798404111773585,102.83741827510494,1.6019138887864415,6.566457431920071,3.672764938396605,1.7750419433401912,115.86258728117421,1.7897202970367398,7.807816958468646,4.137949545756222,2.022849269319924
c<D>r<184>R<ASP>,42.28876597985154,1.3901784378715034,4.936646220783899,2.0137507609453116,0.9264709748713539,13.141024887631511,3.0333537379816202,3.6102673243743917,3.285256221907878,0.2145632763857976,31.813997459784602,2.1967579543312126,4.559882350787105,3.18139974597846,0.7809387669376006,44.027203173434984,1.3295011052032284,4.936646220783899,1.693353968209038,0.8388569498119656,54.13263417728251,1.2292697714552265,4.195070951191537,1.6916448180400785,0.6337887262828826,39.752446324318,2.1967579543312126,4.559882350787105,2.650163088287867,0.5866787335912762,55.871071370865955,1.2292697714552265,4.195070951191537,1.51002895596935,0.512684180878334,8.114303595232421,0.036338592183939866,6.200984374230373,0.9015892883591579,1.887910182482053,70.6560568577053,4.677233018526749,13.06274530185523,7.850672984189477,2.92041795624629,78.77036045293772,4.77672239395608,13.602536981563542,8.752262272548636,3.1380073262532266,0.0,0.0,0.0,0.0,0.0,0.0,0.0,0.0,0.0,0.0,0.0,0.0,0.0,0.0,0.0,8.43483433392116,0.014754119422129008,3.4623102717844905,0.6024881667086542,0.9018475354075283,104.72115250418268,3.122005248690641,10.491108976432827,7.480082321727335,2.185822131798078,113.15598683810381,3.13675936811277,10.629898784286187,8.082570488435987,2.1129360786421203,7.303204877822874,0.03467163394452477,5.389376822916871,0.7303204877822874,1.5700484587885282,69.76341625458653,1.7513526123390335,13.06274530185523,6.976341625458653,3.571904288450497,77.06662113240941,1.7897202970367398,13.602536981563542,7.706662113240941,3.8463326178790376,8.710947889019563,0.01162842051848223,2.800835803284752,0.32262769959331716,0.5857336249032591,144.4953912502319,1.6019138887864415,10.1989520123916,5.351681157415997,2.7261453733731904,153.2063391392515,1.824705651720242,10.234339564810458,5.674308857009315,2.6778043377035567,9.685793969503214,0.014754119422129008,3.4623102717844905,0.5380996649724008,0.8181228284665288,86.25718565247561,2.0878762245752682,10.035706584268667,4.792065869581979,3.0000257517681908,95.94297962197882,2.4528254473451145,10.345818750526554,5.330165534554379,3.1251505842502336,7.940800669854598,0.01162842051848223,2.800835803284752,0.2738207127536068,0.5222441715760524,129.69587941097433,1.6019138887864415,10.035706584268667,4.472271703826701,2.5974114436026734,137.6366800808289,1.7897202970367398,10.069051443877143,4.746092416580307,2.6443298743091272
c<D>r<187>R<CYS>,104.21273869644442,1.3881558482732006,4.349411274269557,1.8947770672080804,0.741846944391377,60.87556318334022,2.682489682237226,6.271226992839568,3.8047226989587637,1.041066675505834,62.252214690111295,3.0765231004264226,4.699697888536993,3.890763418131956,0.47456951332206726,117.70803091496487,1.318395800320488,4.349411274269557,1.6348337627078453,0.6130041256060001,126.65975334663095,1.2263130580510986,4.008893331116023,1.7591632409254299,0.6435563707009115,89.30655748595596,2.235317586775655,4.0819336845364305,2.7062593177562415,0.5068935852262096,139.3103324861467,1.2263130580510986,4.008893331116023,1.5652846346758056,0.49951155026758287,40.92388187960276,0.01208987700566766,4.11715093408737,0.6200588163576176,0.882034434353105,380.65644128201103,0.4860600616011652,9.979604381959689,5.767521837606227,1.6420882394768113,421.58032316161376,1.9217173703245227,11.14662040300675,6.387580653963845,1.5658608493179647,21.313570414382024,0.05032949317141355,4.427892803919452,1.1840872452434459,1.3470102164368434,194.04041580496732,5.16888909801969,20.432839267486997,10.780023100275962,3.8903915661893076,215.3539862193493,6.496332790405673,20.58407536377323,11.964110345519407,3.9114154577440456,22.93315471860315,0.013258165841257608,5.477508041143361,0.9555481132751312,1.3451573642962678,209.98770600054445,5.3619732777488025,13.440432384196356,8.749487750022686,2.7341217364648647,232.92086071914758,6.276906620670227,15.422649298895582,9.705035863297816,2.698721925801982,37.55548185577113,0.01075847743652325,3.70021498483716,0.4941510770496201,0.757847227803576,418.9894743861053,0.4860600616011652,10.80947232966082,5.513019399817175,1.7773512221076062,456.54495624187643,1.809696201263817,10.876284123331612,6.007170476866795,1.7091264764582257,49.815077183157406,0.01032125114510496,3.679841754845464,0.6305705972551571,0.7981470696099706,361.1178307165415,0.4860600616011652,9.979604381959689,4.5711117812220445,1.516455553664561,410.9329078996989,1.9217173703245227,10.152181555166734,5.201682378477201,1.4812112673995637,23.96066523469281,0.011688215279303193,3.783373481493946,0.5990166308673203,0.8167535832615082,197.6254207893801,2.027680756478958,14.790365875623365,4.940635519734502,3.2114449218657737,221.58608602407287,2.458510022596273,15.422649298895582,5.539652150601822,3.5093298533275115,45.984978988489914,0.01032125114510496,4.014905697255225,0.5409997528057637,0.7751667036526032,349.3355297319477,0.4860600616011652,10.80947232966082,4.109829761552326,1.5502855904592778,395.3205087204376,1.809696201263817,10.876284123331612,4.650829514358089,1.5922523297096627
c<D>r<188>R<ALA>,109.0702801818223,1.3876453125368384,4.008893331116023,1.9135136874003913,0.7373000250909028,42.04646129820355,2.682489682237226,6.271226992839568,3.503871774850296,0.9449057346741702,63.227235388090314,3.038177623205177,5.203978239068237,3.9517022117556446,0.5841712942534721,115.32016356937619,1.318395800320488,3.9469460124970324,1.6474309081339455,0.5899281627575211,132.41214735522817,1.2263130580510986,3.9969795016332,1.7893533426382184,0.6968674222065528,82.0910059221797,2.235317586775655,5.203978239068237,2.8307243421441277,0.7269836142463412,138.98002988140988,1.2263130580510986,3.981080370218573,1.5974716078322975,0.5684468530737558,38.55499952085003,0.010939255440344908,3.0157454598370874,0.6218548309814521,0.792038265573031,343.3358037081571,0.4844972934897669,11.565567952927267,5.537674253357372,1.804054429011257,381.89080322900713,1.9205780206490346,11.912750684795068,6.159529084338825,1.7139438378175136,3.6884710681525696,0.09463718942359733,1.5965757245613545,0.4610588835190712,0.4762428917051261,104.75710823570034,6.258158162356267,23.391028772476602,13.094638529462543,5.648921385340091,108.44557930385291,6.473305860937868,24.148099283402175,13.555697412981614,5.727973789062401,21.748008279908714,0.029304734693038625,5.61213102365431,0.9885458309049415,1.372007365896219,225.35114441247174,5.478767668106229,24.694718164567348,10.243233836930534,4.530133342413154,247.09915269238041,6.276906620670227,24.979039424030248,11.231779667835474,4.6636065005950185,32.20415817724505,0.01075847743652325,2.660965185414317,0.4879417905643189,0.6905896723939059,349.9538384783293,0.4844972934897669,10.80947232966082,5.302330886035293,1.9983414988794943,382.1579966555743,1.809696201263817,10.876284123331612,5.790272676599611,1.9135689361989197,51.45077446331031,0.010939255440344908,3.216161548789234,0.6596253136321835,0.7656129273397295,370.4440837030429,0.4844972934897669,11.565567952927267,4.749283124397986,1.883329876703531,421.8948581663532,1.9205780206490346,11.73500489245034,5.408908438030169,1.8445520957333708,17.76107747585784,0.011688215279303193,2.2916165316418535,0.44402693689644596,0.48444751656659835,235.812308559563,2.027680756478958,15.918656021387733,5.895307713989075,4.066180374560477,253.57338603542084,2.458510022596273,16.4002587095473,6.339334650885521,4.147671281400227,45.00219819399318,0.01075847743652325,3.216161548789234,0.5555826937530022,0.7065446243043287,349.48206527468255,0.4844972934897669,10.80947232966082,4.314593398452871,1.971215626502785,394.48426346867575,1.809696201263817,10.876284123331612,4.870176092205874,1.9824387100830234
c<D>r<189>R<ASN>,89.32077184346088,1.3876453125368384,5.398183343977245,1.9849060409657973,0.9081044898955873,26.67685593869145,2.682489682237226,3.595006408952901,2.9640951042990498,0.2989210260271779,39.38598286180308,3.038177623205177,4.166157347018413,3.5805438965275527,0.3395903692283668,95.05884283079112,1.318395800320488,4.648758027851196,1.728342596923475,0.7842880879611912,107.1699352150792,1.2263130580510986,4.298528986547119,1.8801743020189334,0.8311164054481385,53.615498818138,2.235317586775655,3.7382545361408663,2.553118991339905,0.3783377659709632,112.97763515229349,1.2263130580510986,4.298528986547119,1.6862333604819923,0.7509444083040732,31.00590280879674,0.01470662910908338,4.067134267969461,0.815944810757809,1.0832245187299734,216.62161892084805,0.4860600616011652,11.989373444839657,5.700568918969686,2.2022639060232962,247.62752172964477,1.9217173703245227,12.014427689867155,6.516513729727494,2.0538854237379467,1.244290116244974,0.19376073655100434,0.4762025042474676,0.3110725290612435,0.11808319969390313,28.89986040685062,3.0201364821207335,10.284000257518528,7.224965101712655,3.1096770769095827,30.144150523095597,3.2248338251880124,10.617743598674124,7.536037630773899,3.1491603056449753,6.997578776891797,0.057395938125248236,1.7991380294271941,0.583131564740983,0.5320540758622315,74.90445016307444,3.974996236404877,9.517128335793132,6.242037513589537,1.7094510265936107,81.90202893996624,4.699256108151361,9.782950577674667,6.8251690783305206,1.5184490311623091,24.758890295059587,0.01075847743652325,3.70021498483716,0.5627020521604451,0.8648031328935624,204.43087918799915,0.4860600616011652,10.022316024627798,4.646156345181799,1.855425009265068,229.18976948305874,1.809696201263817,10.064077513268462,5.208858397342244,1.9764766003908603,36.850241842927886,0.01470662910908338,2.8219107549655966,0.682411885980146,0.8132202130651144,254.33231941911845,0.4860600616011652,11.565567952927267,4.709857767020712,2.028655589371949,291.1825612620463,1.9217173703245227,11.584723347774759,5.392269653000858,1.8798117565402706,9.93255911723862,0.020237632465250233,1.2730060845778963,0.36787255989772666,0.34625015475951,80.23229394457758,1.995427049675527,5.618166569138566,2.971566442391762,0.8890197049434918,90.1648530618162,2.201753376519437,6.246783577466255,3.339439002289489,0.9038459256993914,32.94021787413206,0.01075847743652325,2.615377727922504,0.5400035717070829,0.6705981987673204,231.29602812126564,0.4860600616011652,10.022316024627798,3.7917381659223874,1.6767011616372778,264.23624599539767,1.809696201263817,10.064077513268462,4.33174173762947,1.7932105952539958
c<D>r<190>R<ALA>,131.69050531563286,1.3881558482732006,4.058301943586412,1.9655299300840725,0.7820507011757319,65.35478265440925,2.6315166307434086,5.702126718224516,3.439725402863645,0.7535929673110113,68.47197611988621,3.038177623205177,5.690952075521229,4.027763301169777,0.7521242726461898,145.83133231062362,1.318395800320488,4.058301943586412,1.6762222104669382,0.6363294326837732,154.42798652878204,1.2256787290321365,4.008893331116023,1.8167998415150828,0.7263616705556105,101.93000242856282,2.235317586775655,4.719771614749946,2.754864930501698,0.6065163421817688,169.11579041465976,1.2256787290321365,4.008893331116023,1.610626575377712,0.5928480976684006,55.61024368492739,0.014433965320503894,4.136159852394574,0.7039271352522455,0.8588011538526865,422.0249721657052,0.4844972934897669,12.397637629868768,5.342088255262091,1.6735432596162774,477.6352158506326,1.9205780206490346,12.617967643696574,6.046015390514337,1.5107944778440214,21.346348576289948,0.010300646867662522,6.372699964735297,0.9702885716495431,1.695307387505858,276.246970255107,3.0201364821207335,27.568593596743085,12.556680466141227,6.0776738158948085,297.5933188313969,3.2248338251880124,27.579501713511974,13.526969037790769,6.026192303886998,25.817173588376747,0.05505096820797917,7.353250662336055,0.9929682149375672,1.4118962838197227,225.19634738617674,3.974996236404877,18.391339155373316,8.661397976391413,3.9118956318131572,251.0135209745535,4.699256108151361,20.79707039382452,9.65436619132898,4.2147956951541365,52.637577628841335,0.010151352980311223,4.920414100658807,0.5599742300940568,0.8792648781186346,447.235593939207,0.4844972934897669,10.71236007657808,4.757825467438372,1.6475539487179083,499.8731715680483,1.809696201263817,10.725182112961534,5.317799697532428,1.6018712890991358,61.90151802203042,0.01022161997615978,3.0521623993032847,0.606877627666965,0.7637727415540828,453.97249839873973,0.4844972934897669,9.289289461502449,4.450710768615095,1.4644558569172634,515.8740164207702,1.9205780206490346,9.469078743059498,5.0575883962820605,1.3378438597224394,29.860969322162862,0.014418554623837565,7.353250662336055,0.5061181241044553,0.9830376856074007,346.1504741656196,1.995427049675527,18.843555844477123,5.866957189247789,4.0390624643858475,376.0114434877824,2.201753376519437,19.21903350026907,6.373075313352244,4.19379940917513,60.83497988989099,0.01075847743652325,3.209716481470033,0.5112183184024452,0.7104454894578675,476.8834843061638,0.4844972934897669,9.289289461502449,4.007424237866923,1.6172300017143348,537.7184641960548,1.809696201263817,9.469078743059498,4.518642556269368,1.5948183929583208
c<D>r<191>R<PHE>,127.21379333734902,1.3876453125368384,3.761544577565369,1.8707910784904267,0.6997327466376576,39.555248031835255,2.5956142355343115,5.050735658669843,3.2962706693196044,0.7237897088528852,49.584929115390565,2.9254626686170724,4.166157347018413,3.541780651099326,0.37630021793089097,134.31249153807593,1.325596448501591,3.684862115557601,1.6581789078774807,0.6142993264097188,145.29975098952534,1.227675451478077,3.684862115557601,1.7505994095123534,0.6481753650250107,68.83407531067402,2.237331262766592,3.6986927762044703,2.5494101966916305,0.33995837783823385,152.83795067019395,1.227675451478077,3.684862115557601,1.5920619861478535,0.5683851181396735,55.872188979403404,0.010163570911895903,4.938151167579591,0.8465483178697486,1.2060268759820971,333.48396745295213,0.4844972934897669,11.565567952927267,5.05278738565079,1.7796546208478754,389.35615643235553,1.9205780206490346,11.584723347774759,5.8993357035205385,1.7385686204849833,8.992570447883487,0.10410118137611946,6.188675383532235,1.4987617413139145,2.144368084106761,40.26057584734872,3.0201364821207335,11.605377501762632,6.7100959745581195,2.774988057314737,49.25314629523221,3.2248338251880124,13.067945578793385,8.208857715872035,3.689353800178251,15.65513986921862,0.01811521289156026,2.652879009497642,0.6806582551834183,0.718790295547145,142.23194535665561,3.8063125614398814,10.632964033279904,6.183997624202418,1.7680093408927728,157.88708522587424,4.126664289889188,10.661186311416111,6.864655879385837,1.6196753067937646,52.68638508360698,0.010525183891314072,4.938151167579591,0.7119781768054997,1.1577630235478562,331.33990166624153,0.4844972934897669,10.022316024627798,4.477566238732994,1.6904861153461568,384.0262867498485,1.720420883180065,10.064077513268462,5.189544415538493,1.8701711068334028,60.40783741564834,0.010163570911895903,5.443727939926603,0.7550979676956042,1.0113926584756383,328.9317693359162,0.4844972934897669,11.565567952927267,4.111647116698952,1.6469845674855266,389.3396067515646,1.9205780206490346,11.584723347774759,4.866745084394557,1.6720438463003966,17.533950653200215,0.010995042618600959,4.165302519911856,0.4738905581946004,0.7616887416117927,126.03604925624404,1.995427049675527,8.094781282901977,3.4063797096282173,1.3429489866592061,143.56999990944425,2.201753376519437,8.356349002456763,3.8802702678228176,1.5176530083037725,57.32490832569462,0.01075847743652325,5.443727939926603,0.6514194127919843,0.9378364143949701,315.80221777068664,0.4844972934897669,10.022316024627798,3.5886615655759844,1.4539773035902577,373.1271260963813,1.720420883180065,10.064077513268462,4.24008097836797,1.6719723737537449
c<D>r<192>R<ASN>,74.4855761080583,1.3876453125368384,4.519437947131435,2.01312367859617,0.8626232128050647,37.114707047126956,2.5956142355343115,5.600956451633613,3.3740642770115414,0.8496965626581514,46.092402602596806,2.9254626686170724,4.166157347018413,3.545569430968985,0.39024778844095875,85.67763052661367,1.318395800320488,5.060364619411572,1.7485230719717075,0.7967818155172666,95.0640704672764,1.227675451478077,3.809928395069553,1.864001381711302,0.7389077502399569,69.36756233546714,2.241934688737153,4.580726215114488,2.7747024934186855,0.6065748452874795,106.86447360638209,1.227675451478077,4.580726215114488,1.6962614858155887,0.7048897582983045,20.43486193686269,0.012091807601609439,4.055296251675006,0.638589435526959,1.0620359945707556,212.55916388197875,3.7557934648905302,11.989373444839657,6.642473871311836,2.080753090472511,232.99402581884146,5.018635757248768,12.162671989098737,7.281063306838796,1.9539531453146464,2.528216516597702,0.20469734306727894,0.6628989304978781,0.4213694194329503,0.15638337597510163,43.05119646574667,3.0201364821207335,10.141541094426657,7.175199410957778,2.805750355596315,45.57941298234437,3.2248338251880124,10.617743598674124,7.596568830390729,2.8392342412342266,13.748875793616048,0.02427105328722501,2.652879009497642,0.6874437896808023,0.7516645850303518,123.371054799499,3.835656527786341,10.632964033279904,6.168552739974951,1.7604487512453912,137.11993059311507,4.126664289889188,10.663432989481183,6.855996529655753,1.597189591426255,17.098473482706474,0.010525183891314072,4.055296251675006,0.46212090493801283,0.9469777957382712,195.3826507262836,1.6843033149270923,11.452833543281713,5.280612181791449,2.2117508836707014,212.48112420899008,1.720420883180065,11.579767895119792,5.742733086729461,2.3768810045955515,27.255855640347985,0.01022161997615978,4.397740445813209,0.5925186008771302,0.8411872741358034,215.4749880223237,1.8972057788062102,11.565567952927267,4.684238870050516,2.141432503762257,242.7308436626717,2.2449070500707506,11.584723347774759,5.276757470927646,2.0223317563227634,15.513870102788383,0.010995042618600959,3.206609075618653,0.4562902971408348,0.5867223810111807,125.96065931484259,1.995427049675527,7.84630442621642,3.7047252739659586,1.700751898730831,141.47452941763095,2.201753376519437,8.66253928737791,4.161015571106793,1.875601128068368,24.61279426730727,0.010995042618600959,4.397740445813209,0.43951418334477266,0.692195743394498,215.34602163075283,1.537572600116846,10.022316024627798,3.8454646719777292,1.948168001380168,239.9588158980601,1.720420883180065,10.064077513268462,4.2849788553225014,2.0021700177934054
c<D>r<193>R<ASN>,97.71768246086766,1.355186083330414,3.8043817280718484,1.9160329894287778,0.6108682420083913,52.6667629540463,2.5956142355343115,5.600956451633613,3.511117530269753,0.7606500702679637,51.44120417424425,2.9254626686170724,6.083506924361252,3.674371726731732,0.7435164950800918,106.9312903803162,1.2918401348489348,3.484251832742624,1.595989408661436,0.4343488822620576,116.62969281305031,1.227675451478077,3.426341210289397,1.7671165577734895,0.5488354456527611,81.49823799216071,2.241934688737153,4.580726215114488,2.716607933072024,0.5770271792997679,126.80385616180881,1.227675451478077,3.360839440694051,1.5463884897781561,0.4081106936745617,26.077421721578236,0.010163570911895903,4.055296251675006,0.6064516679436799,0.9878827498367171,228.61349888045538,1.4794155237659652,11.989373444839657,5.316592997219892,1.992645219936206,254.69092060203363,1.5748704677187235,12.162671989098737,5.923044665163573,2.0883269088148984,14.791234570488445,0.10410118137611946,6.3529589352820395,1.1377872746529574,1.7146844969772992,109.73427717782283,3.0201364821207335,16.613801588104252,8.441098244447911,3.4507902890782547,124.52551174831127,3.2248338251880124,16.72402911393214,9.578885519100867,3.540291199927596,18.53566774584779,0.010176559974802046,4.290112908473279,0.805898597645556,0.968266083262485,145.4959590252688,3.8063125614398814,11.864135879688774,6.3259112619682085,2.228744944026145,164.0316267711166,4.126664289889188,12.062740881115634,7.131809859613766,2.0878544071969674,25.749803259484775,0.010525183891314072,4.828397369479839,0.4681782410815414,0.9186235647530191,257.8307994995639,0.574186924869764,15.319297856529374,4.6878327181738895,2.5536073860309303,283.5806027590487,1.4955820631372756,15.452539920937571,5.156010959255431,2.5968158556923657,30.35594559712726,0.010163570911895903,2.8219107549655966,0.5059324266187877,0.6367191423950255,246.6246200930068,1.4794155237659652,10.658497429451018,4.110410334883446,1.7217122397335682,276.98056569013414,1.5748704677187235,10.676180965907477,4.616342761502236,1.684198812530493,26.185881183247826,0.010995042618600959,4.996159513736538,0.569258286592344,0.8570062536987382,192.0538754916372,1.995427049675527,10.846566986748257,4.1750842498182,2.0114136706948513,218.239756674885,2.201753376519437,11.31316912510177,4.744342536410543,2.2347315041994107,30.20429413355764,0.010995042618600959,2.3821746321501447,0.4137574538843512,0.5297023825363667,257.7584054686956,0.574186924869764,10.658497429451018,3.5309370612150084,1.6902325484112728,287.9626996022533,1.4955820631372756,10.675000256112558,3.94469451509936,1.6688532410959418
c<D>r<194>R<SER>,89.68938851722501,1.3921167960911425,5.20756527091231,1.9930975226050003,0.855891710018713,50.361646703109315,2.5956142355343115,5.600956451633613,3.5972604787935225,0.8253701405377235,47.860531629765745,2.9254626686170724,4.618318802490277,3.6815793561358268,0.44468552817185575,100.96303891701905,1.325596448501591,4.858660290550381,1.6827173152836508,0.6785895406951232,105.14277964684129,1.2289615973983525,4.850492286684751,1.7820810109634118,0.7153008241268601,74.11653393723664,2.2445597660048753,4.580726215114488,2.647019069187023,0.47678530971432515,117.77572461447501,1.2289615973983525,4.580726215114488,1.5915638461415542,0.5965952988993027,30.159550975330056,0.010163570911895903,5.173458086279027,0.8151229993332447,1.2941017330193008,214.9599244094668,4.072981184898708,8.711328359123627,5.809727686742346,1.204524313762555,245.11947538479686,4.4907356164954395,9.246439271177735,6.6248506860755905,1.3595048381364814,11.749777929106072,0.08980991728502552,6.188675383532235,0.9791481607588394,1.6349411888949144,111.37845083342722,3.0201364821207335,16.613801588104252,9.281537569452269,3.293559118678869,123.1282287625333,3.2248338251880124,16.7387230565436,10.260685730211108,3.294499783664352,16.434912570359785,0.013076070753170299,3.238558793482669,0.7826148843028469,0.8954781691882315,130.38466748497808,3.8063125614398814,10.632964033279904,6.208793689760861,1.6095294941209188,146.81958005533787,4.126664289889188,10.661186311416111,6.9914085740637075,1.4907086433973573,30.718374703794808,0.010525183891314072,5.226757372892564,0.682630548973218,1.1963375623977885,252.26654607897672,1.6843033149270923,15.319297856529374,5.605923246199483,2.5533976535867535,282.98492078277155,1.720420883180065,15.452539920937571,6.288553795172701,2.6464222112182716,32.648920212248,0.010163570911895903,4.634430074200418,0.6946578768563404,0.9579821832878138,207.58960548721734,1.9067971320046126,7.111759843513937,4.416800116749305,1.422000849244013,240.23852569946533,2.2157932254276465,8.168961535079085,5.1114579936056455,1.4659027848000024,17.5921746278308,0.010995042618600959,3.206609075618653,0.47546417913056216,0.6162820069351471,144.31137640785278,1.995427049675527,8.094781282901977,3.9003074704825074,1.595870402967687,161.90355103568356,2.201753376519437,8.66253928737791,4.375771649613069,1.7705862229831655,33.41886524351219,0.010995042618600959,4.1809515396545365,0.5664214448052913,0.8189853120643827,245.8923023764023,1.537572600116846,13.473177655937434,4.16766614197292,2.0558357198648745,279.3111676199145,1.720420883180065,13.50132745623393,4.7340875867782115,2.115076194754203
c<D>r<195>R<ILE>,69.30813937378863,1.3884317409408795,3.8043817280718484,1.925226093716351,0.653292939674744,28.869692831067262,2.5956142355343115,5.050735658669843,3.6087116038834077,0.6354706118884488,38.108878955117675,2.9254626686170724,4.894640545785684,3.8108878955117675,0.6360440487860739,71.8932304009336,1.325776458333347,3.5767830471998305,1.597627342242969,0.4539307016886903,82.40155784776222,1.228897489095406,3.5767830471998305,1.7532246350587706,0.5756320534679534,52.97371082015108,2.2484253817298376,4.532408179592551,2.788090043165846,0.5653123375110373,85.6158706256337,1.228897489095406,3.5767830471998305,1.528854832600602,0.40002486476861465,15.298972344527044,0.012091807601609439,4.628446716815862,0.5463918694473945,1.0029537320500252,152.7636518244235,1.4584460218666209,8.43050176702127,5.4558447080151256,1.714556621036838,168.06262416895058,1.5815977169996507,9.374177591268332,6.00223657746252,1.9338116134247931,1.831511950164895,0.08980991728502552,1.4133543084337497,0.4578779875412238,0.5541098231746417,38.83607268502237,8.68960378056363,10.993390046173772,9.709018171255593,0.8964942473657876,40.66758463518727,8.79370496193975,11.083199963458798,10.166896158796817,0.8439924872811919,6.3238161000752955,0.02427105328722501,1.805096987146218,0.6323816100075296,0.6266386981411277,58.53053222030667,3.835656527786341,7.969554721749773,5.853053222030667,1.2860612990607212,64.85434832038196,4.126664289889188,8.310642406114955,6.485434832038196,1.1334443734690745,14.316929503137334,0.012091807601609439,3.9667965239026,0.6224751957885798,1.0119765885082703,115.11480419501731,1.3855705905307332,8.43050176702127,5.0049914867398835,1.8123232895920924,129.43173369815466,1.5134596432061265,9.374177591268332,5.627466682528463,2.1344899384675218,17.90574620747218,0.014287499298855977,2.249484429002349,0.4712038475650574,0.6217092439778332,154.19984761993965,1.4584460218666209,8.087595203132878,4.057890726840517,1.4657069320754268,172.10559382741184,1.5815977169996507,8.440388275746406,4.529094574405574,1.4836234228236356,8.583362231512352,0.010995042618600959,1.5196341126953063,0.47685345730624173,0.5053994733325662,67.01770490253693,2.2681036052326817,6.797233280953151,3.7232058279187186,1.2143449144557408,75.60106713404929,2.5103057272306275,8.1919516264138,4.2000592852249605,1.5180806993758706,16.326030217832756,0.010995042618600959,1.7722560475843654,0.4081507554458189,0.5226830768006221,153.33930281486118,1.3855705905307332,8.087595203132878,3.8334825703715296,1.4887802944611828,169.66533303269392,1.5134596432061265,8.440388275746406,4.241633325817348,1.5792252341513848
c<D>r<196>R<ILE>,92.70700926212115,1.3884317409408795,4.881457274819365,2.015369766567851,0.8974284097384512,29.15032437319364,2.6968363914335924,6.0269778570285775,3.643790546649205,0.9709380485022208,41.49751344094752,2.7239037751638935,4.618318802490277,3.7725012219043204,0.5967568019848354,98.18803663870942,1.3280859337441526,4.069588578393192,1.7852370297947167,0.7597501999612346,104.4511323720968,1.228897489095406,3.832719758930311,1.8008815926223585,0.6996197874696343,53.63619402817455,2.2492319682553275,3.811740377397912,2.6818097014087274,0.3768332851965662,111.61313028519054,1.228897489095406,3.832719758930311,1.6658676161968737,0.6341070772600225,29.62574213142429,0.016109107386903077,3.556188360347452,0.6172029610713393,0.8784555187346849,252.58553805340125,0.4863126431891942,8.43050176702127,5.262198709445859,1.5991297744827837,282.21128018482557,1.5761480134847012,9.246439271177735,5.8794016705172,1.7328451310741597,1.298840445065034,0.08188295210068475,1.1271475756793237,0.432946815021678,0.49088473274792244,33.50083826272021,7.021021305260547,15.48642691128589,11.166946087573402,3.45816563062568,34.79967870778524,7.1029042573612315,16.613574486965213,11.59989290259508,3.899866728413834,7.625308684104223,0.06173362166612151,3.4638944616863103,0.9531635855130278,1.0186480916747866,66.07612242946743,3.835656527786341,20.13487871754569,8.259515303683429,5.205888171005745,73.70143111357166,4.126664289889188,20.19661233921181,9.212678889196457,5.061125729194883,30.151786298755685,0.01341444394280411,3.2892829897060096,0.6415273680586316,0.9257856345679014,229.63186129241058,0.4863126431891942,8.43050176702127,4.885784282817246,1.6226864210909353,259.78364759116624,1.5101975383260906,9.246439271177735,5.527311650875878,1.781902717071461,29.211163067196715,0.02043567614052222,2.249484429002349,0.531112055767213,0.6465829855882289,235.71414570787147,0.4863126431891942,7.648801565896065,4.2857117401431175,1.4938229097912774,264.9253087750682,1.5761480134847012,8.64207218161063,4.816823795910331,1.5534497988207692,7.86140517475725,0.010995042618600959,1.3947183454606495,0.3930702587378625,0.4359891028439435,68.41487921396856,2.1395591616246747,6.797233280953151,3.4207439606984282,1.2230287293218716,76.27628438872581,2.5644423168269794,8.1919516264138,3.8138142194362907,1.4897728516977413,30.5027295480785,0.010995042618600959,2.116931957058396,0.49197950883997577,0.6059470892838127,253.88773601562843,0.4863126431891942,7.648801565896065,4.094963484123039,1.550417680125412,284.390465563707,1.5101975383260906,8.64207218161063,4.586942992963015,1.5863308646949463
c<D>r<200>R<THR>,95.87683213172211,1.3876453125368384,3.5767830471998305,1.7432151296676748,0.5078340247661725,27.46321056393933,2.6968363914335924,4.375677732045579,3.4329013204924164,0.5003952842419965,49.17093920373697,2.195975035722614,4.453629967423379,3.5122099431240694,0.6127466265188328,98.91648335012596,1.3250743531300317,3.5767830471998305,1.545570052345718,0.38741966889157026,117.90285802582018,1.228897489095406,3.4540971976666524,1.6843265432260026,0.5287993520265382,59.7661613728177,2.195975035722614,3.3752588337981337,2.5985287553399,0.35268848613632287,120.20767066107679,1.228897489095406,3.4171262300369447,1.5216160843174278,0.3864660328223187,29.65055365647202,0.01002319355752146,3.857561623219935,0.6051133399280004,0.8732067602422019,209.49675959656088,0.48861564395338064,7.179671495538969,4.275444073399202,1.4669977534863587,239.14731325303288,1.5761480134847012,7.692908870097852,4.880557413327201,1.5006733048865062,1.7641993377934853,0.08188295210068475,0.9024877474383057,0.35283986755869706,0.2868787533628629,44.49562469047214,6.122054419143751,15.086008380837484,8.899124938094428,3.4062756710666067,46.259824028265626,6.561288648064345,15.29897909150734,9.251964805653126,3.2992935229595366,13.514670116983783,0.014212358406934023,2.1001713575866754,1.0395900089987526,0.7381648924804501,72.75263524528964,4.646068959345939,6.734878113436935,5.5963565573299725,0.5925026307716766,86.26730536227342,5.830386396650365,7.241667744331275,6.635946566328725,0.3968337548367529,27.50191177152712,0.010939255440344908,3.857561623219935,0.5092946624356874,0.7844394140427111,216.3526312224103,0.48861564395338064,6.952236937996531,4.006530207822413,1.3400725009554764,243.85454299393743,1.5101975383260906,7.252113825887845,4.5158248702581005,1.3616192570174313,34.969863830000065,0.010639660827450825,3.236334340386338,0.5142627033823539,0.694321346223395,248.53722360093707,0.48861564395338064,9.08554443475532,3.654959170602016,1.383194005497861,283.5070874309372,1.5761480134847012,9.125213046356096,4.1692218739843705,1.3949842639771683,8.898356226901825,0.011440932224581424,3.0774868832399616,0.355934249076073,0.6027151827149982,79.50005063190565,2.135948340088362,5.542060864991072,3.180002025276226,0.8902742473854657,88.39840685880748,2.5644423168269794,5.683900414173844,3.535936274352299,0.9136286119006979,32.287188359146725,0.010639660827450825,3.236334340386338,0.4679302660745902,0.6350590225054272,237.609250929665,0.48861564395338064,9.08554443475532,3.4436123323139856,1.4046280831942344,269.89643928881173,1.5101975383260906,9.125213046356096,3.911542598388576,1.405488097394199
c<D>r<201>R<PHE>,98.6913692699526,1.3538478066855644,4.171863579477792,1.8276179494435667,0.6797147335270386,36.22334691245756,2.1420689861777515,6.42576451630624,3.6223346912457557,1.0892505685170866,50.360327433076755,2.7239037751638935,5.159071585401729,3.8738713410059042,0.7008512072733691,103.5366949717013,1.3211263149640473,4.171863579477792,1.592872230333866,0.5429551470264717,116.64317656179958,1.2274726290333615,4.171863579477792,1.7153408317911703,0.6131231186510787,63.933713643504554,2.1420689861777515,4.318667867127674,2.663904735146023,0.4671539840973716,121.30318028862732,1.2274726290333615,4.171863579477792,1.5354832947927508,0.4730807924868378,33.07658542778447,0.01002319355752146,4.936362828690125,0.6125293597737865,0.9006829424656037,212.44393359791775,0.48577089355603675,6.993293636536691,3.9341469184799585,1.5262196600433928,245.52051902570224,1.3347588628247005,8.649083156206888,4.546676278253745,1.627693711970306,3.8741558583401865,0.2211746212943062,1.2316106396964521,0.5534508369057409,0.3501376314749941,73.40344257420111,6.122054419143751,18.560596651474043,10.48620608202873,3.852393726850074,77.2775984325413,6.561288648064345,19.009636842236645,11.03965691893447,3.844522425946828,15.016755226039152,0.014212358406934023,2.1001713575866754,0.938547201627447,0.7210866726720465,106.56003463445904,5.015777921556037,9.6353569767316,6.66000216465369,1.4692945546727803,121.5767898604982,5.830386396650365,10.513506316996747,7.598549366281137,1.4538034758876042,34.13020413927251,0.010939255440344908,4.974660557664656,0.5784780362588561,0.8601158017140834,223.80083200197714,0.47520056173743797,6.952236937996531,3.793234440711477,1.3768858933724601,257.93103614124965,1.301311996180599,8.619087732553389,4.371712476970333,1.4384380258635903,37.59328845776773,0.010939255440344908,3.816016026420246,0.5149765542159963,0.7097829170193495,247.53302327539132,0.48577089355603675,7.984090430397373,3.390863332539607,1.2050340588072708,285.126311733159,1.3347588628247005,8.086926277074962,3.905839886755603,1.31158392311781,9.82918758722024,0.011440932224581424,3.0774868832399616,0.3510424138292943,0.5839850255256333,143.454580260458,2.135948340088362,18.560596651474043,5.123377866444928,3.5787519753000305,153.28376784767823,2.6347102778797016,18.672462604186588,5.474420280274223,3.533457367419926,36.94650784164759,0.010939255440344908,4.644062099447754,0.49262010455530114,0.7519225877699737,242.90104356059692,0.47520056173743797,5.125173950655153,3.238680580807959,1.1153918637478089,279.8475514022445,1.301311996180599,7.213359384743515,3.73130068536326,1.1770317654726001
c<D>r<202>R<PHE>,88.3182559341637,1.3849692910698177,4.008893331116023,1.766365118683274,0.6057114375442176,25.007020098885956,3.040909471995524,4.375677732045579,3.5724314426979937,0.3728527598665301,43.145760818805876,3.1362040485510634,7.485976229329151,4.314576081880587,1.1778781283653048,91.07877346763641,1.3250743531300317,4.008893331116023,1.5703236804764897,0.5055066982732475,101.58993321258471,1.2274726290333615,3.809928395069553,1.6654087411899132,0.5564653909414569,51.064090725583526,2.2403954516808042,7.485976229329151,2.8368939291990847,1.1654424143456474,103.99203552749877,1.2274726290333615,3.809928395069553,1.5071309496738952,0.4287220294244841,24.37546228336478,0.01002319355752146,3.6478108475450632,0.5539877791673814,0.7753941226360312,195.022111147724,0.48577089355603675,14.546788607972303,4.432320707902818,2.48238814819155,219.3975734310888,1.5993949683234354,14.59305610715296,4.9863084870702,2.3540306942887685,1.4652614519693525,0.2211746212943062,0.9024877474383057,0.48842048398978416,0.2968886286733817,22.387779068673808,6.122054419143751,10.046035084702453,7.462593022891269,1.8272042068817578,23.853040520643162,6.561288648064345,10.267209705996759,7.951013506881054,1.6486812063390324,9.095866333400865,0.2623953631289293,2.1001713575866754,1.0106518148223183,0.6781262076143739,82.70408599523944,5.015777921556037,23.847524774613703,9.189342888359938,6.604567355259783,91.79995232864032,6.246775555884404,24.25150783186086,10.199994703182258,6.292344387781065,24.05432211612028,0.010939255440344908,3.246511574358582,0.5229200460026148,0.6925234526034044,196.86749788584893,0.48577089355603675,14.546788607972303,4.27972821490976,2.3635246503910308,220.92182000196917,1.526206413160456,14.59305610715296,4.802648260912373,2.2373379401812734,27.888116962387098,0.010939255440344908,2.5593315148724836,0.5261908860827754,0.6374960866520458,186.2568070833504,0.48577089355603675,9.291831080750853,3.5142793789311395,1.3560310614830595,214.1449240457375,1.5993949683234354,10.428410421941901,4.040470265013915,1.4415633792847098,6.802593258258607,0.012552921133737183,3.0774868832399616,0.35803122411887406,0.678665118776832,111.69269188020098,2.135948340088362,23.847524774613703,5.878562730536894,6.008057649090137,118.49528513845958,2.6347102778797016,23.98934036681794,6.236593954655767,5.97122674884989,26.888415416386064,0.010939255440344908,2.5593315148724836,0.5073285927620012,0.6559821794487223,186.48338380528912,0.48577089355603675,9.291831080750853,3.5185544114205496,1.3910856998520587,213.3717992216752,1.526206413160456,10.428410421941901,4.025883004182551,1.4338707337114849
c<D>r<203>R<PRO>,69.02053386437703,1.3849692910698177,4.1291055685989795,1.8163298385362376,0.720810830322862,31.960870630678905,2.793326310220799,7.101863022747078,3.995108828834863,1.3158972429946088,35.68745319830449,2.200572846486403,6.385070079964867,3.9652725775893876,1.1749181446034924,76.93354257163946,1.3284381985723348,4.1291055685989795,1.6368838845029674,0.6101603033919509,85.08617057032842,1.2273777707798426,4.1291055685989795,1.7726285535485087,0.7210191679228695,49.70916152590669,2.200572846486403,4.46915792252008,2.7616200847725936,0.5664298229770754,91.6146704693199,1.2273777707798426,4.1291055685989795,1.6072749205143844,0.5743838062380807,17.826070007658842,0.01002319355752146,3.4776425378441793,0.5242961766958483,0.7683769739095828,163.24212711084328,0.48577089355603675,14.546788607972303,4.8012390326718615,2.7108660820203654,181.06819711850213,1.5993949683234354,14.59305610715296,5.325535209367709,2.6264088949327973,5.31881995540871,0.011999771517864133,1.507629137539876,0.5909799950454122,0.4329231380679537,119.1055955865495,6.219689564827604,16.86946146163973,13.233955065172166,3.2231333705281435,124.42441554195821,7.024542166582057,17.825097994626955,13.824935060217578,3.347245252481339,3.8853646922597145,0.03498117560571501,1.854212157678269,0.7770729384519429,0.7955147772131925,48.42222890212088,3.682837768312311,16.001266919724003,9.684445780424175,4.2518444929161525,52.3075935943806,3.7265451922919075,16.036248095329718,10.46151871887612,4.191644329141135,20.4015244410678,0.011631880568478081,3.246511574358582,0.5667090122518833,0.8327089372783579,172.77394736790848,0.48577089355603675,12.606505167787873,4.799276315775235,2.7069380805670566,193.17547180897625,1.526206413160456,12.658966471485927,5.365985328027119,2.590578973456156,21.931207100387596,0.012592893779251213,2.363429174372741,0.487360157786391,0.5972031651153243,166.7221263721267,0.48577089355603675,9.291831080750853,3.7049361416028153,1.4447031237715184,188.65333347251428,1.5993949683234354,10.428410421941901,4.192296299389207,1.56822451689109,7.207951267898338,0.012552921133737183,1.4900414317001385,0.37936585620517566,0.4368540565872231,109.44852314961281,2.6593215263465027,15.215288134249022,5.760448586821727,3.804411105938143,116.65647441751115,2.8889495253152737,16.605148245897624,6.139814443026903,4.076909908720277,23.785127900493585,0.011631880568478081,2.5593315148724836,0.48541077347946093,0.5992202964614092,194.97111343943834,0.48577089355603675,10.80947232966082,3.9790023150905784,2.0154723397923564,218.7562413399319,1.526206413160456,10.876284123331612,4.464413088570039,2.028799313684333
c<D>r<204>R<SER>,41.691505365160104,1.3900517558627836,6.143790545251973,2.4524414920682416,1.4643410431969397,19.752752602684865,3.040909471995524,7.189783535344228,4.938188150671216,1.6848406530934854,22.33503366622162,2.200572846486403,5.86871549625591,3.7225056110369366,1.1807661351978145,46.51666823546391,1.3285532718959447,6.04968765372587,2.114394010702905,1.3660090326211827,52.023380391147256,1.2274726290333615,5.829334322538473,2.1676408496311357,1.2812710894209993,34.58239759438063,2.200572846486403,5.398310253738391,3.1438543267618755,1.0349196893608326,55.98906035727612,1.2274726290333615,5.829334322538473,1.9306572536991764,1.1199982930251564,7.933312100812023,0.04847516497414395,5.717447148298875,0.881479122312447,1.724445567591228,64.61289498617589,1.47616694444514,14.335261397279282,7.1792105540195434,5.052213941562858,72.54620708698792,1.5993949683234354,15.697051530258564,8.060689676331991,5.744592800343806,0.7111216936448841,0.315709012231288,0.3954126814135961,0.35556084682244204,0.039851834591154045,34.043257721191594,14.04061986574834,20.002637855443254,17.021628860595797,2.981008994847457,34.75437941483648,14.436032547161936,20.318346867674542,17.37718970741824,2.941157160256303,0.054424510313132224,0.01071708633353552,0.043707423979596705,0.027212255156566112,0.016495168823030593,21.51425670255503,3.682837768312311,17.83141893424272,10.757128351277515,7.0742905829652045,21.568681212868164,3.7265451922919075,17.842136020576255,10.784340606434082,7.0577954141421735,9.720608165502298,0.011631880568478081,5.355947206614015,0.6943291546787356,1.4125976622832526,99.19230480657302,0.5839860471205611,12.606505167787873,7.08516462904093,3.9556611241517254,108.91291297207532,1.526206413160456,15.335551588573704,7.779493783719666,4.443227739499503,12.263811467839874,0.010076391561174347,3.755144708758177,0.5574459758109034,0.9562333336493113,127.0784245159623,1.47616694444514,14.335261397279282,5.776292023452831,3.476872815320095,139.34223598380217,1.5993949683234354,14.853080406209946,6.333737999263735,3.980463691215685,5.631256134307071,0.012552921133737183,3.5075156584522205,0.4692713445255892,0.9308127474731357,64.77135487247438,2.8445530485842028,10.313491911821075,5.397612906039531,2.5649042300308027,70.40261100678143,2.8889495253152737,11.775999670608925,5.866884250565119,3.0262848963000524,11.193158138727386,0.010076391561174347,2.5387043407377945,0.4305060822587456,0.6864804725421874,155.34888386558987,0.5839860471205611,10.80947232966082,5.974957071753456,3.031048972304894,166.54204200431727,1.526206413160456,11.338773682657674,6.405463154012202,3.305391863498838
c<E>r<2>R<GLY>,65.75286091871851,1.390801627241025,3.499076809136792,1.9339076740799561,0.6739157481073617,33.907328038515445,2.142203466731339,6.530470527919591,3.7674808931683827,1.2075358054875274,38.05177171977472,2.1930954204836675,4.767272598308286,3.805177171977472,0.8171611706289709,73.33487480278288,1.3201286041266858,3.499076809136792,1.6667017000632471,0.556791527225496,81.56506333462814,1.2290848095217612,3.6913400263695566,1.8125569629917364,0.6885724682793272,54.442658690991856,2.142203466731339,4.363391964198022,2.7221329345495926,0.5714423185993994,88.0507624309085,1.2290848095217612,3.383254941728905,1.6009229532892455,0.5136251637398328,14.485383297380954,0.013258075812384362,2.7500376398409916,0.4526682280431548,0.6291920301766827,157.6694961678636,2.617816090006272,8.518222534989036,4.9271717552457375,1.2181299538495711,172.15487946524456,2.7068662342447514,8.662996617473627,5.379839983288893,1.2008557867719847,7.011557228139205,0.03837507685030417,2.8969861304519995,0.8764446535174006,1.1418190675656636,66.73094881160591,3.060585955788156,14.937375013498468,8.341368601450739,3.89091160894244,73.74250603974511,3.2522325644430032,17.719982097081335,9.217813254968139,4.423688246046286,11.395245517803852,0.01706204975869774,5.307047490605321,1.035931410709441,1.4786124454152805,85.72245922602428,4.486554570627277,11.627159083424203,7.792950838729481,2.3348913794821264,97.11770474382811,4.6492884487323565,14.411375787836043,8.82888224943892,2.8272653806419465,17.303587503127265,0.013258075812384362,2.4570811667979733,0.5767862501042421,0.6205322388923051,125.93124294969243,1.8633647217484395,6.547758504855665,4.197708098323081,1.0936700184437524,143.2348304528197,1.88089200485763,6.57181673974241,4.774494348427323,0.9959319369405938,22.537898358305362,0.010361193869464103,3.2006268265186355,0.4795297523043694,0.6238069981849977,199.77338883560788,1.8883420418396781,9.995634758758797,4.250497634800167,1.514690390179737,222.31128719391322,2.104365183830043,10.005995952628261,4.730027387104537,1.4440265899424696,15.169762339264341,0.014677342234350021,5.293084807550887,0.758488116963217,1.2231070377707263,104.92740297492105,2.183537330864965,9.995634758758797,5.246370148746053,2.836329414781367,120.0971653141854,2.8362915569032383,10.541229775615594,6.00485826570927,2.8396324430324755,24.301318702279524,0.010361193869464103,2.213096667350432,0.4959452796383576,0.5682673530794162,185.41058449512343,1.8633647217484395,9.995634758758797,3.783889479492315,1.4852409991268316,209.71190319740296,1.88089200485763,10.005995952628261,4.279834759130672,1.44398492820261
c<E>r<3>R<VAL>,104.40465761067458,1.390801627241025,3.854528717771907,1.969899200201407,0.7088491796567227,55.51192854694947,2.805957577407506,5.140974244050822,3.700795236463298,0.5770327965579262,56.3910555761878,2.1930954204836675,4.767272598308286,3.759403705079187,0.6750640881947064,114.09449090674792,1.320705975602282,3.854528717771907,1.6535433464746077,0.5923984985193624,124.91674800967108,1.2278533295640348,3.8188464611462245,1.8103876523140736,0.6545413036453037,84.0149652816478,2.1930954204836675,4.363391964198022,2.7101601703757354,0.4707702360748871,133.50564201795638,1.2278533295640348,3.8188464611462245,1.5706546119759575,0.48488685505696283,39.44960693474664,0.013258075812384362,3.997908160692102,0.5888001035036812,0.8679389500700112,356.03718591985745,2.617816090006272,8.53511286325579,5.313987849550111,1.3252518198241443,395.4867928546041,2.7068662342447514,9.089393308361014,5.902787953053793,1.3410536008379417,21.559210292419465,0.019515492483435537,9.12074223002356,1.0779605146209732,2.046001383818394,178.42795343155808,3.060585955788156,17.99841183596186,8.921397671577903,3.9738550644170454,199.98716372397755,3.2522325644430032,19.12590372911724,9.999358186198878,4.159123708495716,18.599184688954093,0.022225325216595593,5.307047490605321,0.8454174858615496,1.0698714341005084,175.43159737917517,3.077986434174136,19.141582596104172,7.974163517235235,3.7168230705866834,194.03078206812927,3.3587456609408273,19.358383766262016,8.819581003096784,3.7768241563063722,41.0942668192085,0.013258075812384362,3.949388212110204,0.6420979190501328,0.860736298448041,297.7917787555898,1.8633647217484395,9.951347201752014,4.652996543056091,1.318631151009079,338.8860455747983,1.88089200485763,9.984241700010838,5.295094462106223,1.3277896010877623,42.78074261969116,0.010361193869464103,4.603311304496691,0.5092945549963234,0.7491291580241021,358.13514834784297,1.9192269396401116,9.995634758758797,4.263513670807654,1.507745806864046,400.91589096753415,2.1405102457002476,10.005995952628261,4.772808225803978,1.5033113782982759,24.74256032360566,0.010882930659659174,5.293084807550887,0.6185640080901414,0.9254410712272648,212.81025868453162,2.1051304672546394,18.435825865044762,5.320256467113291,3.591367612119926,237.55281900813725,2.754016145658395,18.57688444125202,5.938820475203431,3.547458864298173,42.267434009843896,0.010361193869464103,4.0165277990313015,0.5031837382124273,0.7064645066522919,326.65469386051814,1.634142258908696,9.995634758758797,3.888746355482359,1.5778772787092883,368.92212787036203,1.6515884262224851,10.005995952628261,4.3919300936947865,1.5791678066501305
c<E>r<4>R<THR>,77.33757597135735,1.5146726565657902,4.340899417342021,1.9830147684963424,0.7693820348437732,48.76875698358907,2.747555684863442,5.229650023986612,3.751442844891467,0.5873669610574515,51.68006671886003,2.770723327681861,4.798039838074737,3.975389747604618,0.5980566866334043,87.20955877212377,1.3257962714031097,3.9525388174663907,1.645463373058939,0.5852061648325179,96.75712565322952,1.2278533295640348,4.057889654339801,1.8256061444005571,0.673908366405095,73.46044040458838,2.2405780346017035,4.5817660211166205,2.720757052021792,0.519736580291905,106.11050167410443,1.2278533295640348,3.5138929509521333,1.5837388309567826,0.48922817080471853,18.814929874582656,0.0118288551615926,3.776478245717069,0.45890072864835746,0.8547722491397194,227.53488348217098,2.7116608628514314,12.06207119023594,5.549631304443195,1.4998047083631716,246.34981335675363,2.751614906276958,12.16667555409214,6.0085320330915515,1.5989702057267603,12.423187683752603,0.019515492483435537,3.813906763011822,0.7764492302345377,0.9994795763522482,127.28421980464645,5.149415014642045,12.07553383908862,7.955263737790403,1.9029053950801291,139.70740748839904,6.0444784107471765,12.264152912725008,8.73171296802494,1.6425450895695108,14.202491475542137,0.017279013047412306,2.767681522517808,0.7890273041967855,0.6621818189724505,139.0754402010699,3.077986434174136,19.141582596104172,7.726413344503884,3.46189778370239,153.27793167661204,3.3587456609408273,19.358383766262016,8.515440648700668,3.4038304093338465,20.056840138746328,0.0118288551615926,3.8390693430191156,0.4775438128272935,0.839959943442888,207.23439623240859,3.4885605904776185,7.339285669732817,4.934152291247823,0.9353321991004672,227.2912363711549,3.6666450946674463,9.218150796320387,5.411696104075117,1.1595463557095795,24.76288317860984,0.010361193869464103,4.099990674316194,0.56279279951386,0.917369508975896,191.19334121506358,1.9192269396401116,9.995634758758797,4.345303209433263,1.8156260695736879,215.95622439367338,2.1405102457002476,10.005995952628261,4.908096008947123,1.8798399962528785,16.994473274302756,0.017839008192519046,2.3589138713913798,0.514984038615235,0.5775253844454106,163.5042003251799,2.1051304672546394,16.47194544089166,4.954672737126664,2.8616650514204767,180.49867359948266,2.754016145658395,16.52636971123153,5.469656775741899,2.7693754116593317,25.790611655153253,0.010361193869464103,3.513207168850805,0.57312470344785,0.8608819962353224,175.85622107509232,1.634142258908696,9.995634758758797,3.9079160238909405,1.7001538974915766,201.64683273024556,1.6515884262224851,10.005995952628261,4.48104072733879,1.8097255043942126
c<E>r<5>R<GLN>,109.13663794063493,1.3742352010546919,3.9207400344121766,1.8816661713902574,0.6245355187240215,59.6428114909811,2.747555684863442,5.229650023986612,3.727675718186319,0.540920021178642,61.19632491813347,2.6388386278348475,4.798039838074737,3.824770307383342,0.6388185885815653,118.94122184881887,1.3233864054983164,3.6759987602753785,1.5858829579842515,0.4811117773922209,130.70123854489685,1.2278533295640348,3.6759987602753785,1.7426831805986247,0.5616561771347466,85.40647274770667,2.2405780346017035,2.983602518583822,2.588074931748687,0.26662654036687033,139.60018381383358,1.2278533295640348,3.4805715939579067,1.517393302324278,0.3694928420083986,40.34066032175009,0.0118288551615926,4.5614914191688385,0.593245004731619,0.9754931866765092,352.1260039100241,1.4624996176128775,12.06207119023594,5.17832358691212,1.648192144641714,392.46666423177425,1.588165912009289,12.16667555409214,5.771568591643739,1.718609895410161,20.788609927113825,0.016182061613584153,3.913127157600183,0.9899338060530393,1.2026345954553113,167.65772078014606,3.519192353428025,15.401579140167541,7.983700989530765,2.764814043059866,188.44633070725993,4.304415406449836,15.440509121993607,8.973634795583806,2.577912618549699,18.806812914637653,0.017279013047412306,3.139628193900638,0.6485107901599191,0.6286626390923116,211.7684759114603,3.077986434174136,19.141582596104172,7.302361238326218,2.9356926602636313,230.57528882609796,3.3587456609408273,19.358383766262016,7.9508720284861365,2.955529404833511,40.030705526909,0.0118288551615926,4.5614914191688385,0.5801551525638986,0.9732016518430092,314.24580884114437,1.3880101612168119,8.69009691112592,4.554287084654266,1.3527498863418008,354.27651436805337,1.5249944680160552,9.165902169138683,5.134442237218165,1.5049682758877763,43.84982344891935,0.012308169065294194,4.099990674316194,0.5347539444990165,0.7477277735687863,328.8253181905899,1.4624996176128775,8.126891979012044,4.010064855982804,1.3062207471365037,372.67514163950926,1.588165912009289,8.17440134098119,4.544818800481821,1.3326858259878827,21.634362589811673,0.011208077013820539,2.5709148077630033,0.48076361310692606,0.6279751100500303,201.90650168127064,2.0977865776787894,16.47194544089166,4.486811148472681,2.3689219966635915,223.5408642710823,2.754016145658395,16.52636971123153,4.967574761579607,2.3131240001823397,42.43471680087943,0.010578668179295647,3.5190224809819863,0.5371483139351826,0.7776542177811872,287.5587191053575,1.3880101612168119,7.339285669732817,3.639983786143766,1.2229780590092447,329.9934359062368,1.5249944680160552,7.560703067696156,4.177132100078947,1.2438194349339005
c<E>r<6>R<THR>,84.70677539054752,1.3742352010546919,3.9207400344121766,1.841451638924946,0.6231019908036343,45.42862544702463,2.7315778567444333,5.229650023986612,3.7857187872520526,0.6225135654694648,55.77779045581421,2.6388386278348475,5.667623438118779,3.984127889701015,0.8082146968999974,92.46595360615264,1.3233864054983164,3.5949572121208866,1.5672195526466548,0.4511376941908034,101.62320950558149,1.2274161015191944,3.4805715939579067,1.6659542541898604,0.48865652495377304,71.00479706047602,2.2405780346017035,4.110261377623096,2.629807298536149,0.4078240817733029,109.997911601806,1.2274161015191944,3.4805715939579067,1.4864582648892701,0.3331416224537024,22.237582710441735,0.0118288551615926,4.081346861584702,0.5851995450116246,0.9219129419371646,191.3272711652902,1.4624996176128775,8.69009691112592,5.034928188560269,1.36444228570697,213.56485387573198,1.579501605091667,8.722229292857957,5.620127733571894,1.4249705660523926,9.908336327001145,0.016182061613584153,3.766260651149242,0.7621797174616265,1.0199271601832849,101.46721808583568,5.410750468796323,12.07553383908862,7.80517062198736,2.0616753541786115,111.37555441283683,6.0444784107471765,12.707602896606023,8.567350339448987,2.2305035889790905,17.212568489731847,0.03152775584729994,2.1116293653013063,0.782389476805993,0.62321484962548,153.0923195118292,3.7926044222850948,10.562544690310972,6.958741795992236,2.0055398452324082,170.30488800156104,5.112950707805312,10.933263857358543,7.741131272798229,1.9054312429003222,24.001284043736096,0.0118288551615926,4.015987981471017,0.6000321010934024,0.9542959675053779,189.70641191120717,0.5792232374269588,8.69009691112592,4.742660297780179,1.4592824732034464,213.70769595494323,1.5142815245418235,8.713235816787407,5.342692398873581,1.4231621132724823,25.044286291691,0.012308169065294194,3.063251961938561,0.48162089022482696,0.6200821163625836,203.38273890857994,1.4624996176128775,6.692496505191286,3.9112065174726913,1.1399518153965096,228.42702520027095,1.579501605091667,7.101424633387633,4.392827407697518,1.152829658297731,13.25303660232997,0.016923403711844642,1.9429702041806065,0.3897951941861756,0.49007755218784554,165.97332881204576,2.309787514050413,8.663247652170242,4.881568494471934,1.5308599707643706,179.22636541437572,2.818106031384702,9.257157793451707,5.271363688658109,1.5367872893884822,27.162860958451414,0.010578668179295647,3.5190224809819863,0.5223627107394503,0.7379774273200065,197.22644967444572,0.5792232374269588,6.5815897979891815,3.7928163398931867,1.2427485817923647,224.38931063289718,1.5142815245418235,6.735710026191233,4.315179050632638,1.121046004959734
c<E>r<7>R<PRO>,80.15291386570314,1.3882060417089823,4.096503888838526,1.8640212526907707,0.6891717260887552,45.74395920046416,2.7315778567444333,5.2608112229525075,3.8119966000386802,0.6599102285730187,46.80461563317638,2.6388386278348475,4.746281766066437,3.900384636098032,0.5689683888916994,90.23639825098131,1.3233864054983164,4.096503888838526,1.6113642544818092,0.5453739269871568,96.32686045277438,1.2274161015191944,4.065217207154288,1.720122508085257,0.5779632845933464,67.06295604555865,2.240833910873496,4.119444922654518,2.682518241822346,0.4303044950830237,106.4610965047874,1.2274161015191944,4.065217207154288,1.5429144420983683,0.44209548036703583,23.202750588233823,0.0118288551615926,4.348860653826781,0.6105986996903637,1.0644039870554902,206.07985984079602,1.4624996176128775,11.325598846633426,5.423154206336737,2.0224042624705856,229.28261042902986,1.579501605091667,11.366326920742427,6.033752906027101,2.0765943094589367,10.447832137443985,0.016182061613584153,5.87029305326023,1.0447832137443984,1.657673936737786,99.38422662741117,5.410750468796323,23.399743898066877,9.938422662741116,5.403032226768985,109.83205876485516,6.0444784107471765,23.56505501884159,10.983205876485517,5.175741585282932,14.678745739072445,0.05641020546855291,2.7657759986100103,0.9174216086920278,0.7952770089845083,102.75934102354917,3.7926044222850948,13.488170518337313,6.422458813971823,2.361156977074295,117.43808676262161,5.112950707805312,13.76289694968176,7.3398804226638505,2.494621407205609,24.9878046382761,0.0118288551615926,5.009726485064331,0.6407129394429769,1.1184839240144253,199.79570816278527,0.5792232374269588,11.325598846633426,5.122966875968853,2.033889861713443,224.78351280106136,1.5142815245418235,11.366326920742427,5.763679815411829,2.030055222690229,26.145983366403847,0.012308169065294194,3.063251961938561,0.4841848771556268,0.6942408660108053,215.1877814901921,1.4624996176128775,7.941849802803091,3.9849589164850387,1.2676073470626277,241.33376485659596,1.579501605091667,8.353722457931656,4.469143793640666,1.3891625248253625,14.975866696864724,0.016923403711844642,3.5101036292407697,0.534852382030883,0.7872770401015643,136.51463829422536,2.2002620898692413,10.99712095107175,4.875522796222334,2.040667752525227,151.4905049910901,2.818106031384702,11.880659516080346,5.410375178253218,2.008527383150875,28.842193640036722,0.010578668179295647,3.5190224809819863,0.5768438728007345,0.8382795811986533,191.64040122592496,0.5792232374269588,7.941849802803091,3.8328080245184992,1.4243239299550026,220.48259486596174,1.5142815245418235,8.353722457931656,4.409651897319235,1.4163128719845095
c<E>r<8>R<LYS>,95.4237914296266,1.385436893867405,3.9207400344121766,1.767107248696789,0.5755769390858129,46.269476539363595,2.300539831040609,4.510293655015803,3.5591905030279687,0.5845159491484534,54.966814805583994,2.6388386278348475,7.82885450562581,4.228216523506461,1.1996049110486926,105.14279904740638,1.323772837439603,3.9207400344121766,1.5462176330500939,0.4372662189822413,114.2125991990306,1.226156277110499,3.9207400344121766,1.6795970470445678,0.5427488800045952,76.65277243462708,2.240833910873496,7.255038195208475,2.838991571652855,1.002282338282144,123.84083007051194,1.226156277110499,3.9207400344121766,1.5102540252501457,0.4069090584380738,27.34141110696267,0.012902665584487494,5.540399309629703,0.5361061001365229,1.0423012555367912,240.79805178863623,0.4856329512579265,11.325598846633426,4.721530427228162,1.9972549523027106,268.1394628955989,1.579501605091667,11.366326920742427,5.257636527364684,2.0711160626643665,14.107963802249408,0.052313270002859014,5.87029305326023,1.1756636501874507,1.4897389825999534,83.76870188160271,3.519192353428025,12.99123861424323,6.980725156800226,2.457153001309522,97.87666568385211,4.304415406449836,13.130791455802651,8.156388806987676,2.5968214917304686,17.18474020360782,0.09577246728346811,3.6354555293773423,1.01086707080046,0.8720118152696036,123.09989398379972,3.7926044222850948,18.282873405023622,7.24117023434116,3.9321643144341625,140.28463418740753,5.423553915033694,19.84493772842956,8.25203730514162,4.221533216631615,30.46363243377764,0.015082057748337263,5.292995984150056,0.5973261261525028,1.0468343872135395,224.73260134547553,0.4856329512579265,11.325598846633426,4.406521595009324,2.2080791512266043,255.1962337792531,1.5142815245418235,11.366326920742427,5.003847721161826,2.2442024519273582,29.86693013393846,0.012308169065294194,3.700254181006432,0.45252924445361303,0.7502942289920204,245.67636451770312,0.4856329512579265,7.941849802803091,3.7223691593591384,1.2192710008612835,275.5432946516416,1.579501605091667,8.08566231244661,4.174898403812751,1.2578806431678584,22.391681199098443,0.016923403711844642,4.071465665770816,0.6397623199742413,1.0757915287190458,186.20222361655104,2.2002620898692413,16.209482199052218,5.320063531901458,2.888665165172337,208.59390481564947,2.818106031384702,19.84493772842956,5.959825851875699,3.2580439608520777,33.66662397942229,0.012308169065294194,3.700254181006432,0.5611103996570381,0.9202471465592937,210.1444378106527,0.4856329512579265,11.056349431263996,3.5024072968442117,1.5912552710455499,243.81106179007497,1.5142815245418235,11.084400279729506,4.06351769650125,1.540366283907554
c<E>r<9>R<PHE>,103.33005092701143,1.3536197396939476,3.9207400344121766,1.7815526021898522,0.614159125669911,54.29757177370219,2.143220935515462,5.996681159265763,3.6198381182468125,0.9081611460242266,64.05725249184059,2.6388386278348475,6.8270260515473105,4.270483499456039,0.993022762841487,116.99406641515083,1.3208028206229863,3.9207400344121766,1.5810008975020382,0.5087228623913023,128.9414340809104,1.226156277110499,3.9207400344121766,1.7424518119041945,0.6460685332662685,88.13374602839819,2.143220935515462,6.401279343867298,2.8430240654322,0.8190831964176268,140.34609868714463,1.226156277110499,3.9207400344121766,1.5594010965238292,0.4738263238511525,31.76483075283833,0.015082057748337263,3.6513535441668488,0.538386961912514,0.834806515126582,273.22924986157625,0.4856329512579265,11.830647740347928,4.631004234941971,2.120981813934233,304.9940806144146,1.336359394635482,11.864089218918963,5.169391196854485,2.1955599304402162,12.320117932273279,0.020387019891964897,3.085487302698997,0.8213411954848853,0.8070406381898988,135.6067079371038,5.034282653347987,17.225223230960992,9.040447195806921,3.713740193401391,147.92682586937707,6.3657767364544675,17.289219170102502,9.861788391291805,3.3813711779167583,23.46693578694611,0.116487759585441,4.98560072411879,1.0203015559541786,1.1121577199454469,218.85130088370136,3.7926044222850948,19.49127997644048,9.515273951465277,4.433687318982657,242.31823667064748,5.735574626465701,20.308341441683176,10.535575507419455,4.717633506396413,33.800325969324035,0.015082057748337263,3.330384985302743,0.5121261510503642,0.6915566390101028,287.4769702780864,0.4755572497066538,11.325598846633426,4.355711670880098,1.8100734857518839,321.27729624741045,1.3032614129046467,11.366326920742427,4.867837821930461,1.8075581896642,38.652555578340404,0.012308169065294194,3.900306867701377,0.4713726290041513,0.703751687620342,328.9664620275254,0.4856329512579265,11.673272973236141,4.011786122286895,1.6527748546184924,367.6190176058658,1.336359394635482,11.746493867846786,4.483158751291047,1.678758425408135,30.346282092657834,0.014236658818926884,5.378395929139298,0.8925377086075833,1.4162642663500062,206.6165674340491,2.2002620898692413,17.225223230960992,6.076957865707326,3.8989261011680534,236.96284952670692,2.8804809813143475,18.53729073262276,6.96949557431491,4.073562716342828,40.56933018462648,0.012308169065294194,2.7498243420782114,0.5268744179821621,0.6861234701430041,296.44123936709104,0.4755572497066538,11.673272973236141,3.849886225546637,1.7633029875042632,337.01056955171754,1.3032614129046467,11.746493867846786,4.376760643528799,1.716764705608019
c<E>r<12>R<LEU>,126.56317937798157,1.5075888734621175,4.592405072916625,1.9471258365843318,0.7659287655173138,51.43727482606418,2.78971202142998,4.888859968640706,3.6740910590045845,0.4894110444170557,59.10188471690207,2.194755993436352,5.155581389544051,3.9401256477934714,0.714984715777957,137.26436989190836,1.32411665216726,4.592405072916625,1.7158046236488544,0.6733210325902949,145.1071114855288,1.226375596441245,4.07657534305274,1.7914458208089976,0.6947766587160419,78.40122423009467,2.194755993436352,3.9622202616041657,2.6133741410031557,0.3741621775463835,154.87454994645742,1.226375596441245,3.9622202616041657,1.6132765619422649,0.5649403904879035,50.69674972942722,0.0110272974600365,3.8767303966459785,0.6035327348741335,0.8117973269372025,438.5754078318807,2.8566350614922076,15.718252889432804,5.221135807522389,1.8511787432371796,489.2721575613079,3.653072594456954,15.74078731240925,5.824668542396522,1.7849683853997123,9.949722487096071,0.011657184111088625,1.565552032639589,0.6218576554435045,0.44686235967996846,135.2142920037117,4.327350073242201,19.93788375709439,8.450893250231982,4.707904044390936,145.16401449080777,4.812930128287864,20.256069179631083,9.072750905675486,4.654034860672429,18.268847891141085,0.015293562948667017,2.684005909984055,0.9134423945570542,0.7228666998319093,133.75070117863788,4.887009599194162,13.403924435583633,6.6875350589318945,1.927824659045508,152.01954906977892,5.745140945890725,16.08793034556769,7.600977453488946,2.2124776537280106,51.716601378823476,0.0110272974600365,3.8767303966459785,0.5621369715089508,0.7861488008975833,451.4695117300367,2.8566350614922076,12.273738694548214,4.907277301413442,1.5989365862502827,503.1861131088602,3.1045400584540146,12.290061207665909,5.469414272922394,1.6186737208219943,56.350245243621295,0.0110272974600365,3.283529192033308,0.5266378060151523,0.7282971324027935,450.7636019502928,1.885583411804248,7.406253002271175,4.212743943460681,1.0414801591328404,507.1138471939141,2.055270628469365,7.8896582021928685,4.739381749475833,1.1206282342354896,17.393650539808924,0.011514523108567154,2.6349543141046787,0.5797883513269642,0.7819810406032255,147.42380831481358,2.049316697516212,14.455149520275658,4.914126943827119,3.1505627219099552,164.81745885462252,2.5485932007456267,14.471821782759662,5.493915295154084,3.0819833917054615,54.93881113968106,0.0110272974600365,3.7350415702964765,0.543948625145357,0.7591841806499093,406.28141705562297,1.885583411804248,7.406253002271175,4.022588287679436,1.1764005909389592,461.220228195304,2.055270628469365,7.8896582021928685,4.566536912824792,1.243048394726158
c<E>r<13>R<LYS>,110.76357506377776,1.5075888734621175,4.592405072916625,1.8773487298945384,0.7053165205972507,51.653777950573364,2.7052224043326345,4.888859968640706,3.6895555678980974,0.588509299023608,62.814335639179426,2.7849177197297745,4.894048849519377,3.925895977448714,0.5987283172812381,121.26724451543514,1.32411665216726,4.592405072916625,1.6387465475058802,0.6164268640688516,132.73923232730766,1.226375596441245,4.319270536432898,1.7465688464119429,0.656646174543891,82.02665983427732,2.242641154763174,4.152503514390688,2.6460212849766878,0.45782191738354167,142.439550848817,1.226375596441245,4.152503514390688,1.5652697895474394,0.5305507881271766,40.60391896939762,0.0110272974600365,3.3300494021950033,0.6246756764522711,0.7737519355387962,349.38568420570465,3.63809877927447,12.273738694548214,5.3751643723954565,1.4811276094477068,389.9896031751022,3.653072594456954,12.290061207665909,5.999840048847727,1.4371946935071611,11.638338459945793,0.16396393878918225,1.7824880749404386,0.7758892306630528,0.523830711144892,113.1750190096154,4.327350073242201,13.118100664082775,7.545001267307693,2.6365182155689486,124.81335746956118,4.812930128287864,13.550863322485306,8.320890497970746,2.774868415210517,19.29995392911137,0.015293562948667017,2.051973036554645,0.8391284317004944,0.6650185316002458,141.73321535626434,4.437106094852575,8.93135710783487,6.162313711141928,1.1149437093886014,161.0331692853757,5.745140945890725,9.069761537101739,7.001442142842421,0.8882016189787925,41.01637882280601,0.010172066188977702,3.0782851081213662,0.5542753894973785,0.7583571922255017,372.0751434711494,3.502505557820431,12.273738694548214,5.028042479339857,1.5107820303144983,413.0915222939554,3.6498071259720684,12.290061207665909,5.582317868837235,1.5135387574199526,45.46318792547206,0.010479339075078364,2.9935577666112625,0.49959547170848423,0.6633609170080977,378.3643686122018,1.8502583217303803,7.406253002271175,4.15785020452969,1.159093966716609,423.8275565376738,1.8624514564311605,8.09943650039516,4.657445676238173,1.289351375519711,17.42380802014778,0.014140109165636794,2.6349543141046787,0.5279941824287206,0.7002833157988465,155.46097595346123,2.049316697516212,12.349672512661332,4.710938665256401,2.660494337852736,172.884783973609,2.5485932007456267,12.607352311722202,5.2389328476851205,2.6548009830136414,44.69516399618717,0.010172066188977702,2.862936837480559,0.47548046804454436,0.685698401647768,386.395792728922,1.8502583217303803,7.406253002271175,4.110593539669383,1.3087788508978389,431.0909567251092,1.8624514564311605,8.09943650039516,4.586074007713928,1.3485844475672688
c<E>r<14>R<THR>,107.30585699558944,1.4313248332623818,3.929625379673915,1.8501009826825765,0.5977890646438896,61.58191114942795,2.7052224043326345,6.292604297788886,3.848869446839247,0.8370427065483118,64.53181634272681,2.1932212703672067,4.579523881989164,3.5851009079292675,0.5656523981720846,118.57351253097698,1.31750664655249,3.929625379673915,1.580980167079693,0.48043043691941706,133.11180944257495,1.2162580889557495,3.929625379673915,1.728724797955519,0.5607068229778154,90.73311606883932,2.1932212703672067,3.48390187265034,2.5923747448239807,0.33520867076112315,143.19437044031005,1.2162580889557495,3.929625379673915,1.5233443663862771,0.4017228256487921,34.59783898493458,0.010326696231256705,3.3044616634769,0.5322744459220705,0.6870712756230635,323.63515132733414,1.4596332124639169,8.657517368091316,4.979002328112833,1.2947210195019618,358.2329903122687,1.5775146170252974,9.377867118549666,5.511276774034903,1.3200655678065658,16.858540321385238,0.03148130389091364,2.625652987584168,0.7329800139732712,0.7054686425675731,226.7569469314516,4.327350073242201,18.249138558414987,9.858997692671808,4.07006826608939,243.61548725283694,4.812930128287864,18.2806198623059,10.591977706645084,3.9917991501366052,22.994149051220596,0.015293562948667017,3.4639363004808708,0.8843903481238691,0.8504133176381198,157.03833307388118,2.7946332258447057,8.931859145458805,6.039935887456968,1.3554927025691181,180.03248212510178,2.8311549087639287,10.052068410831009,6.924326235580837,1.3912191187663638,32.66003378391893,0.010172066188977702,2.6826898225212616,0.480294614469396,0.6619753684482775,313.7067571596747,0.5795821794112983,7.743788055763137,4.6133346641128625,1.084347622685811,346.3667909435936,1.5113442154540948,7.9331136138396285,5.0936292785822594,1.0669554411503557,38.780367179042884,0.010479339075078364,2.7337225404616454,0.40821439135834614,0.5833813805878489,360.71319130920995,1.4596332124639169,6.9444075182664164,3.796980961149578,1.1735171812985308,399.49355848825286,1.5775146170252974,7.84976106063008,4.205195352507925,1.1857803359898094,23.914371161926237,0.014140109165636794,2.6349543141046787,0.597859279048156,0.7839737105362785,165.24137327671485,2.049316697516212,8.892738390838645,4.1310343319178715,1.7963923239724124,189.15574443864114,2.5485932007456267,9.12025522406369,4.728893610966028,1.8959218197590022,39.17101028792976,0.010172066188977702,2.9569091041055113,0.44512511690829276,0.6724574214083785,319.8521508812703,0.5795821794112983,6.9444075182664164,3.634683532741708,1.3182744238168935,359.0231611692001,1.5113442154540948,7.7481008473847455,4.079808649650001,1.2531601718271352
c<E>r<15>R<GLY>,67.57517968350896,1.5151937530380781,3.753791935747366,1.9307194195288275,0.5853015324040931,32.70551147443841,2.78971202142998,4.888859968640706,3.6339457193820457,0.5557912324746884,58.07736669415597,2.7849177197297745,4.50509422391039,3.629835418384748,0.4292356845008807,72.0209142609206,1.3274912977621085,3.753791935747366,1.6004647613537912,0.47972228718446674,98.21566416985947,1.2281158837056791,4.152503514390688,1.8887627724972975,0.6935498359997918,71.11573862573567,2.2469322018299556,4.152503514390688,2.735220716374449,0.4754399375539546,101.51286470846696,1.2281158837056791,4.152503514390688,1.6373042694914026,0.5767550853413312,18.49207453164621,0.010326696231256705,2.346267160371072,0.5778773291139441,0.6919477905387723,161.78949478299273,3.657049094123977,6.823283055613459,5.055921711968523,0.8586717814910425,180.28156931463894,4.161073701731882,7.03079161649365,5.633799041082467,0.7770535831816978,4.369023107869055,0.16396393878918225,1.565552032639589,0.5461278884836319,0.42678114119906535,56.39871294928628,4.327350073242201,9.845134140901635,7.049839118660785,1.6267931457712699,60.76773605715533,4.812930128287864,10.675681357560357,7.5959670071444165,1.816671413930616,17.940374428910115,0.015293562948667017,2.051973036554645,0.7475156012045882,0.6544881309217143,148.20657012432204,4.032306339901481,9.489313029817438,6.175273755180085,1.3854647688246484,166.14694455323215,4.881906247352665,9.833801825173635,6.922789356384673,1.3190895904154119,15.870463008190306,0.010172066188977702,2.6739867973434652,0.46677832377030315,0.6353251947156906,156.9323363454382,3.502505557820431,6.823283055613459,4.615656951336417,0.8168285539079567,172.80279935362847,3.781629743233023,7.03079161649365,5.08243527510672,0.864344661408708,27.96194138660281,0.010479339075078364,2.555597746799201,0.4369053341656689,0.6289786417977636,252.09167860899367,1.885583411804248,6.722077225551857,3.938932478265526,1.1253840471953027,280.0536199955965,2.055270628469365,8.478052944789637,4.375837812431195,1.2139859497994925,18.038206015622944,0.014140109165636794,2.6349543141046787,0.5305354710477337,0.6562801437932834,144.98792655259217,2.177975814183185,9.4010646022017,4.264350780958593,1.9433640572693163,163.0261325682151,2.5485932007456267,9.434984446318676,4.794886252006327,1.997382645122295,26.45025635490429,0.010172066188977702,2.5613574978277063,0.4640395851737595,0.6855056184466697,217.264731434056,1.885583411804248,6.639251377359948,3.8116619549834385,1.2099619060937745,243.7149877889603,2.055270628469365,8.478052944789637,4.275701540157198,1.2797187212059327
c<E>r<16>R<GLN>,73.0843391782081,1.5075888734621175,3.8246825196996297,1.8739574148258487,0.5952121123208529,39.07270701537793,2.78971202142998,4.888859968640706,3.552064274125266,0.5539987085940339,43.55073555597233,3.051995026749532,4.548497231612175,3.6292279629976942,0.4207430699454865,80.39020138208706,1.3253427706011653,3.8246825196996297,1.5762784584722953,0.4760247221328835,88.81927182115324,1.2281158837056791,3.8246825196996297,1.7080629196375623,0.5433081109004458,61.29655510744897,2.246612651365325,3.2221450553152335,2.55402312947704,0.30153882283303285,95.73823214028218,1.2281158837056791,3.8246825196996297,1.495909877191909,0.37674499620495927,22.850743658429856,0.010326696231256705,3.8767303966459785,0.5712685914607464,0.8145970614501026,208.36228714139895,2.8566350614922076,7.591265619572649,5.209057178534974,0.9642512157050747,231.2130307998288,4.161073701731882,7.678326246332185,5.78032576999572,0.7814413370185974,6.2750000264703205,0.16396393878918225,2.5092731851376264,0.697222225163369,0.7547184358001034,73.46152872070452,4.327350073242201,20.481722700858544,8.16239208007828,4.509525656264226,79.73652874717483,4.812930128287864,20.708973650980905,8.859614305241648,4.4258303957343035,13.273337111451237,0.015293562948667017,1.9579625182003149,0.6985966900763809,0.5699827845982159,117.89036871696518,4.032306339901481,8.93135710783487,6.204756248261326,1.3904743920437213,131.16370582841643,4.881906247352665,9.833801825173635,6.903352938337707,1.247136513812943,19.797267301340188,0.010172066188977702,3.8767303966459785,0.4713635071747664,0.7682108896343445,199.89986677880438,2.8566350614922076,7.591265619572649,4.7595206375905805,0.9494763467219474,219.69713408014456,3.7897010911821516,7.678326246332185,5.230884144765347,0.8730120393207703,25.493011462966635,0.010479339075078364,3.283529192033308,0.45523234755297565,0.6877621776736556,221.52421490666165,1.885583411804248,7.591265619572649,3.9557895519046724,1.1813440508657111,247.0172263696283,2.055270628469365,7.678326246332185,4.411021899457649,1.1943411939532742,14.606031263898341,0.014140109165636794,2.6349543141046787,0.47116229883543037,0.6817305621147419,125.7353132765062,2.177975814183185,9.4010646022017,4.055977847629232,2.010264808569241,140.34134454040455,2.5485932007456267,9.434984446318676,4.527140146464663,1.9519555710203147,24.599583516839548,0.010172066188977702,3.283529192033308,0.48234477483999116,0.7472013166791419,193.3645925935858,1.885583411804248,7.591265619572649,3.7914625998742313,1.224119253492897,217.96417611042534,2.055270628469365,7.678326246332185,4.273807374714222,1.179351634713401
c<E>r<22>R<CYS>,122.93728719616608,1.3643895681839344,4.070158382728921,1.8913428799410166,0.7076451087558226,60.78210615257521,3.079165292039307,5.229650023986612,3.7988816345359506,0.5128101594074471,79.9582958581122,2.196380575569099,5.255688629819259,3.99791479290561,0.803421917664917,134.32931847955948,1.3233864054983164,3.7355377607394726,1.6381624204824325,0.5744355163414604,152.24086871349465,1.2265917847106018,4.108823956914195,1.7702426594592402,0.6807660190975221,99.83410077915855,2.196380575569099,4.430880749547297,2.698218939977258,0.4992060133507673,161.02476595612868,1.2265917847106018,3.537244051106229,1.5633472422925114,0.4740687147861814,44.30864576131645,0.010398799380636259,3.776478245717069,0.5092947788657063,0.7572616729246309,445.1554097215902,0.49961453203400197,12.467787358659052,5.1167288473746,1.687183989616338,489.46405548290664,1.3892123942956949,12.632735154647715,5.626023626240306,1.6825575585987838,21.430555412584006,0.016182061613584153,5.33605691699616,0.824252131253231,1.1951559162449117,225.6616214403819,4.914283825729399,17.99841183596186,8.679293132322382,3.5401236230958677,247.09217685296593,5.671306350863884,18.831449181351275,9.503545263575614,3.5732916215334107,36.684829779939996,0.017279013047412306,9.44276461755792,1.0190230494427777,1.596220735139746,275.91897233091186,3.077986434174136,19.141582596104172,7.664415898080885,2.8406631766054184,312.60380211085186,3.3587456609408273,20.018795149709355,8.683438947523662,3.364467359707652,45.06485484873783,0.0118288551615926,3.1601491095656,0.5121006232811117,0.679845257834462,428.8147502905758,0.49961453203400197,11.581988095281531,4.872894889665634,1.6999021233118332,473.8796051393136,1.3841764859429055,11.708281039352553,5.3849955129467455,1.6285839182811357,53.92494731807394,0.010398799380636259,4.099990674316194,0.5087259180950372,0.656803317640278,443.7944837416653,0.49961453203400197,8.43834432732956,4.18674041265722,1.4525817913545176,497.71943105973924,1.3892123942956949,9.089393308361014,4.695466330752257,1.468192278224724,34.40890873590899,0.010546354730740948,8.152503527186546,0.7168522653314372,1.3084622976445048,246.54688762658895,2.0977865776787894,18.435825865044762,5.136393492220603,3.319220490535976,280.95579636249795,2.754016145658395,18.57688444125202,5.853245757552041,3.4371085936976136,51.71489300218947,0.010578668179295647,3.513207168850805,0.5443672947598892,0.6650262917637548,371.5244574076367,0.49961453203400197,9.951347201752014,3.9107837621856496,1.4805593432320092,423.23935040982605,1.3841764859429055,10.048077022972715,4.455151056945537,1.4413497695868367
c<E>r<28>R<HIS>,112.52567677129517,1.3532967122990498,4.1882992020257,1.8754279461882528,0.6509560952021253,56.277473235540235,2.142203466731339,4.786552313563168,3.310439602090602,0.6972742692785914,69.43764422312243,2.1958453795550303,4.735664744528635,3.654612853848549,0.6501601360825111,123.88141316670422,1.3201286041266858,3.6240576059942895,1.5882232457269772,0.49054241981753294,137.9416360631626,1.2282458159976932,3.483293245109503,1.7242704507895326,0.5705292978643101,97.55690932870718,2.142203466731339,4.456680194787828,2.636673225100194,0.451332121407176,149.23845746780646,1.2282458159976932,3.364688586823823,1.5228414027327188,0.4134615770374885,43.303429188528995,0.010330975631706707,3.6598570237822514,0.555172169083705,0.8784546933126248,372.059489969015,0.48717209250025917,8.962060337552657,4.769993461141218,1.4625979450578914,415.36291915754396,1.3339834533969166,8.995277056866456,5.325165630224922,1.4821072129269193,13.931810863060143,0.061106957929379035,3.4383695490417665,0.6634195649076259,0.8580548388226675,123.92314515764929,2.694907195504129,11.139105534362898,5.901102150364252,2.0528697881417814,137.85495602070944,3.004256350288461,11.971184262727679,6.564521715271878,2.271023524020165,25.555382411508994,0.011633163123827117,4.921188913569274,0.8812200831554825,1.2809376079833614,200.84642025259473,3.0923031958636784,13.830223286995533,6.925738629399818,2.4092304993922538,226.40180266410374,3.814605784752669,13.968548696686785,7.806958712555302,2.3199431333550704,36.77258877118483,0.010617062925174281,2.4454263289467333,0.3870798818019456,0.5394826179519411,407.6955177488521,0.47618877737477305,8.962060337552657,4.291531765777391,1.4985962704484583,444.46810652003705,1.301680844761934,8.995277056866456,4.678611647579338,1.474631472327778,49.868462388895864,0.010051582920284297,4.331286422828045,0.4937471523653056,0.7242580191735001,396.5895312911962,0.48717209250025917,7.8892844571767,3.926629022685111,1.3239967070143943,446.45799368009204,1.3339834533969166,7.899336040096984,4.420376175050416,1.275506461225905,27.216079999666796,0.016680099076965327,3.1171597481297795,0.4612894915197762,0.627758544731721,247.15528109164256,2.183537330864965,10.166664652036388,4.189072560875298,1.7144193550896434,274.3713610913094,2.566754421410364,10.283130847275112,4.650362052395074,1.7193651364935318,45.86361476386084,0.010051582920284297,2.168366749814817,0.4326756109798192,0.5191343703639444,364.3633955787727,0.47618877737477305,7.8892844571767,3.4373905243280447,1.2487359429054883,410.2270103426336,1.301680844761934,7.899336040096984,3.870066135307864,1.2097009360977582
c<E>r<29>R<GLU>,111.5303827753093,1.3532967122990498,4.1882992020257,1.8903454707679543,0.6909617776226488,62.090703047058135,2.142203466731339,4.542636220794434,3.267931739318849,0.6778834034768642,66.27700589559302,2.1958453795550303,4.468728856858216,3.4882634681891065,0.5372317679694564,124.69266733040874,1.3252026850105219,3.6240576059942895,1.5783881940558069,0.48464215206600686,134.9966848073627,1.2282458159976932,3.346363069627978,1.7088187950299076,0.5364092407102787,100.45166426325336,2.142203466731339,3.35533117586708,2.5756836990577785,0.32905967526417085,148.4342394551349,1.2282458159976932,2.973891694683922,1.4993357520720696,0.34573785428436854,41.552836848655076,0.010330975631706707,3.6598570237822514,0.5396472318007153,0.8276598773335709,390.67187524629344,1.98405213101978,11.5428689249959,5.07366071748433,1.499311596803611,432.2247120949485,1.999313140067171,11.725973822066804,5.613307949285045,1.5390884995542617,16.77671782677694,0.015316231651869572,3.4383695490417665,0.6452583779529593,0.783111470285596,155.99877705454628,1.3308748754807311,11.139105534362898,5.999952963636395,1.9622246988111243,172.77549488132323,1.762863091504597,11.971184262727679,6.645211341589355,2.1103037811775947,18.37147218468023,0.011633163123827117,3.640526852133016,0.7065950840261627,0.9147221046478115,196.71849273945168,3.0923031958636784,13.830223286995533,7.5660958745942954,2.9209440603043877,215.08996492413192,3.814605784752669,14.888663440968976,8.272690958620458,3.050634430361529,36.21166517892793,0.010617062925174281,3.011835778146861,0.3733161358652364,0.5276298796070079,437.874529354026,1.147258923218942,11.5428689249959,4.514170405711608,1.5781089732673932,474.0861945329539,1.301680844761934,11.725973822066804,4.887486541576845,1.6104443929565584,46.0324410581709,0.010330975631706707,2.9405833007141275,0.4897068197677756,0.6797413856237657,362.8912760159328,1.8676312917714313,7.622818978135001,3.8605454895312,1.1484622915287837,408.9237170741037,1.999313140067171,7.767939810132301,4.350252309298976,1.1174280982481755,29.084362187236344,0.010914710182939658,3.1171597481297795,0.4691026159231668,0.609056568942217,249.89370043006738,1.3308748754807311,12.595189192352336,4.030543555323668,2.100672679187093,278.9780626173037,1.762863091504597,12.646654339980575,4.499646171246834,2.0527442905678956,42.58764053423517,0.011919400222421661,2.168366749814817,0.4258764053423517,0.4840872776631042,338.02385620215796,1.147258923218942,7.622818978135001,3.38023856202158,1.1474856976433552,380.6114967363932,1.301680844761934,7.767939810132301,3.8061149673639316,1.1101577544605359
c<E>r<30>R<TYR>,138.27138268041855,1.3532967122990498,4.2588381407830305,2.0334026864767436,0.8442889457782056,65.13190847609143,2.293659126393037,5.5919761450699825,3.42799518295218,0.7746121033846194,72.04530687779106,2.1958453795550303,4.278850955475938,3.4307288989424314,0.473479372576923,149.8083005926989,1.3226749234584736,3.9891504668663984,1.7023670521897605,0.6959524788839815,163.8012217437549,1.2282458159976932,4.069859907062748,1.82001357493061,0.7036741043017077,107.25362268627272,2.1958453795550303,3.9868140826600666,2.615942016738359,0.3624506888384486,175.1909243017267,1.2282458159976932,3.9891504668663984,1.5926447663793337,0.5517998099226616,58.66459930885597,0.010330975631706707,5.08532506047958,0.5866459930885597,0.8875761824861571,524.0496952104754,0.4876709640429908,11.5428689249959,5.240496952104754,1.6227006353001519,582.7142945193315,1.9152289574415713,11.904964138230532,5.827142945193315,1.6982656488695813,18.00683413797809,0.015316231651869572,3.4383695490417665,0.6431012192135032,0.7350264202606133,214.89248846892474,1.3308748754807311,18.005696219276615,7.6747317310330265,3.518454941085907,232.8993226069028,1.762863091504597,18.122792430664425,8.31783295024653,3.3697274038310865,23.202361180149104,0.011633163123827117,2.4075181216425854,0.8286557564338966,0.7856862156198096,180.9512304772884,3.0923031958636784,13.50681926751713,6.462543945617442,2.525073255934147,204.15359165743752,3.814605784752669,14.888663440968976,7.2911997020513395,2.6727674501380903,55.32315579921941,0.010617062925174281,4.418788175470674,0.4461544822517694,0.6735349986243052,603.658050450344,0.4876709640429908,11.5428689249959,4.868210084276968,1.7534276453810416,658.9812062495633,1.7828563071799048,11.725973822066804,5.314364566528736,1.7776676317318094,66.20397240258865,0.010330975631706707,4.802046657529662,0.5426555114966283,0.7880881850376583,504.17558019169564,0.4876709640429908,8.000111851333713,4.132586722882751,1.2581999565844741,570.3795525942844,1.9152289574415713,9.965154718717475,4.675242234379381,1.323998059230517,37.55245456014683,0.01138865506016451,7.275533145049357,0.5960707073039179,1.051844790348088,240.87982076243065,1.3308748754807311,12.595189192352336,3.82348921845128,1.928134844679524,278.4322753225775,1.762863091504597,12.646654339980575,4.419559925755198,2.152649919506465,59.41149358082308,0.01138865506016451,2.7652227026718847,0.450087072581993,0.5735089456432363,507.5054489100162,0.4876709640429908,9.081745597409508,3.844738249318304,1.3463536936761031,566.9169424908393,1.7828563071799048,9.101992275185026,4.294825321900298,1.333457385480232
c<E>r<31>R<MET>,132.38995048813806,1.3643895681839344,4.114739372215647,1.9186949346106965,0.7133668030245728,66.70647165845043,2.293659126393037,6.247171476524067,3.705915092136135,0.9464405855859096,83.19784501898296,2.9628785891163587,5.1312631049674104,3.781720228135589,0.58232939893333,145.92281698875553,1.3226749234584736,4.114739372215647,1.6582138294176765,0.6419564564177318,162.86929697002944,1.2265917847106018,4.069859907062748,1.770318445326407,0.6405799194890203,109.85128697165418,2.244692884051007,3.9868140826600666,2.6792996822354676,0.4008126570634999,174.72727756046612,1.2265917847106018,4.069859907062748,1.574119617661857,0.5246728012024199,52.77777482800411,0.010330975631706707,4.0400591451122985,0.5497684877917095,0.7663789341851556,460.0371703680562,0.4860768742601067,7.671295868530478,4.792053858000585,1.2342091282983094,512.8149451960603,1.9152289574415713,8.35856936015465,5.341822345792295,1.2110317043771457,21.86785645030255,0.015316231651869572,8.163718096301189,0.911160685429273,1.6513189459496347,191.85831401521182,1.3308748754807311,18.005696219276615,7.994096417300493,3.552216509705881,213.72617046551437,1.762863091504597,18.122792430664425,8.905257102729765,3.736758736127112,35.40258071182481,0.011633163123827117,7.028462539231484,0.9834050197729114,1.2625403616925857,253.048176643455,3.1431066652760364,16.784429452709674,7.029116017873751,3.3549611986419827,288.4507573552798,3.621364077016003,17.60449307138292,8.01252103764666,3.667119765106384,52.769649097810145,0.010482180155824139,2.177375055919052,0.43611280246124084,0.5602409257948432,546.3788272473698,0.4860768742601067,9.951347201752014,4.515527497912148,1.2496646223286973,599.1484763451799,1.7828563071799048,9.984241700010838,4.951640300373388,1.1881592966971168,67.02620778029538,0.010330975631706707,4.702847284381065,0.5585517315024615,0.741342637840512,469.81869099161304,0.4860768742601067,6.231517326126777,3.915155758263442,0.9975282456379652,536.8448987719084,1.9152289574415713,8.315940909797305,4.4737074897659035,0.9834898129478519,45.30131861384242,0.013360422516065285,10.293086762706182,0.794759975681446,1.6831035020879181,233.42505495960495,1.3308748754807311,15.97851334633674,4.095176402800087,2.292925705243567,278.7263735734474,1.762863091504597,16.02704915895417,4.889936378481534,2.8523139272402207,62.67731105202505,0.010482180155824139,2.809419304511662,0.4748281140304928,0.5927602468434864,486.2134277673315,0.4860768742601067,6.231517326126777,3.6834350588434206,1.086226149693085,548.8907388193566,1.7828563071799048,6.473383197547311,4.158263172873913,1.011873812040844
c<E>r<32>R<SER>,151.16184788293214,1.3643895681839344,4.612593079206056,1.8661956528757053,0.7519088017626758,52.80330862658672,2.8585608013148414,4.825099567052572,3.7716649018990513,0.5017045036545059,60.79570123225276,3.0663511549345777,6.504161908240426,4.0530467488168505,0.8328184969574263,162.2832928822085,1.3226749234584736,4.612593079206056,1.6904509675230053,0.7015582814247803,171.56693823731175,1.2282458159976932,4.167223490211853,1.7687313220341416,0.678297168535807,83.85340183265025,2.244692884051007,4.789138710143188,2.795113394421675,0.619715413952747,180.54075430801998,1.2282458159976932,4.167223490211853,1.6119710206073212,0.5806557845444725,64.21109223652019,0.013698039792839012,3.349597633738952,0.5488127541582922,0.7261771915850525,553.3653868222034,0.4860768742601067,8.66453242478201,4.7296186907880635,1.4780467367888213,617.5764790587237,1.3892123942956949,8.842258840417678,5.2784314449463565,1.4347008178952323,14.382570826167086,0.015906478875596264,3.11257200391735,0.8460335780098286,0.8828503923038002,119.58778387971915,5.273382427452134,11.742172277398822,7.034575522336421,1.6113453474089352,133.97035470588625,6.534240765174269,11.758078756274418,7.88060910034625,1.4033168973950445,15.176047871676458,0.017226110681406226,1.8194285461809336,0.659828168333759,0.46959653404663093,170.66718337413317,3.1431066652760364,18.46477185352819,7.420312320614486,3.6846952693024693,185.84323124580965,3.621364077016003,18.844505404856058,8.080140488948246,3.5035535303152976,66.35478217361793,0.010482180155824139,3.349597633738952,0.5308382573889435,0.6616029420462943,566.3128029824322,0.4860768742601067,9.951347201752014,4.530502423859458,1.436641944768357,632.6675851560501,1.3841764859429055,9.984241700010838,5.061340681248401,1.381590608145781,71.18617814890219,0.013140422100879512,3.463680820007104,0.5475859857607861,0.6655993162611019,516.27249380875,0.4860768742601067,8.274212294746576,3.9713268754519233,1.2785889729584883,587.4586719576523,1.3892123942956949,8.609546662847508,4.51891286121271,1.2241582329530263,20.51677657887738,0.013360422516065285,3.767481715827989,0.5861936165393538,0.7939394960339045,178.01367732113,2.0191533486561184,18.46477185352819,5.086105066318,3.8208624197169945,198.53045390000733,2.839712243787786,18.599751803175245,5.6722986828573525,3.687489718102835,69.46523067906062,0.010482180155824139,3.463680820007104,0.5302689364813788,0.6612096180469514,513.3509956526991,0.4860768742601067,8.274212294746576,3.918709890478619,1.3668785402527441,582.8162263317597,1.3841764859429055,8.609546662847508,4.448978826959998,1.2805998064168989
c<E>r<33>R<TRP>,144.58433592783857,1.3548289767120425,3.646100503613501,1.784991801578254,0.6338899770522716,53.01823316710835,2.8585608013148414,4.825099567052572,3.7870166547934536,0.48942741291406183,65.17968948437888,3.0663511549345777,6.504161908240426,4.07373059277368,0.7485418264648837,156.07961561267422,1.323782448888465,3.646100503613501,1.6258293292986898,0.5827791360144884,171.26976617402545,1.2242341570931337,3.6718030574278524,1.7476506752451577,0.6494654201468236,85.61389266900545,2.242080461363574,4.789138710143188,2.7617384731937245,0.6350417134523222,179.3102222840728,1.2242341570931337,3.6718030574278524,1.586816126407724,0.5247002964250623,61.11157586398029,0.011300818840684457,2.830810039548462,0.550554737513336,0.7443274971679247,508.42841890090085,0.4860768742601067,11.932060506958123,4.580436206314422,1.449238661387998,569.5399947648812,1.3892123942956949,12.094763821874334,5.130990943827758,1.3712770591329362,12.607849108954571,0.015906478875596264,3.4527304847236273,0.7879905693096607,0.9522346321236099,111.72981375123004,4.582071784111122,11.742172277398822,6.9831133594518775,1.762649068857007,124.33766286018461,5.269002749858055,11.758078756274418,7.771103928761538,1.5602853922161632,17.352567755379518,0.017226110681406226,2.215505526875422,0.6674064521299814,0.5365873093410625,197.48377599831338,3.1431066652760364,20.486518003194078,7.595529846088976,3.8768942574083183,214.83634375369292,3.621364077016003,20.723275473479816,8.262936298218959,3.666503406242572,61.66259171209215,0.010482180155824139,2.830810039548462,0.5096081959677037,0.6779174259841273,512.0843373887071,0.4860768742601067,7.201995509842163,4.232101961890142,1.0410415237418886,573.7469291007994,1.3841764859429055,7.306294289996455,4.741710157857846,0.9793029243876276,68.5378819481638,0.01082039451292971,2.830810039548462,0.5439514440330461,0.6367731495842899,486.78083127453704,0.4860768742601067,7.201995509842163,3.863339930750294,1.0387257241265662,555.3187132227007,1.3892123942956949,7.306294289996455,4.407291374783338,0.975200546718307,23.209955931738346,0.011208077013820539,2.972897609758629,0.663141598049667,0.8992119864671956,152.77605059455624,2.0191533486561184,9.622340633262866,4.365030016987321,2.282169086596632,175.9860065262946,2.839712243787786,10.883562879423671,5.028171615036989,2.2187677404834774,68.45237762000215,0.010482180155824139,2.830810039548462,0.5347842001562668,0.6715867867441115,480.1935694727719,0.4860768742601067,7.201995509842163,3.7515122615060306,1.1159453230557599,548.6459470927741,1.3841764859429055,7.306294289996455,4.286296461662298,1.0054153596656332
c<E>r<34>R<TYR>,145.98494874205397,1.3643895681839344,3.7457370008398048,1.8022833178031354,0.6478875574144414,52.959749815161175,2.8585608013148414,5.164542540902563,3.7828392725115125,0.5998919520969062,62.82948356247502,3.2147335843229503,4.510592622293758,3.9268427226546887,0.3760023067001953,154.52557761119118,1.323782448888465,3.7457370008398048,1.609641433449908,0.5461643851342104,170.17322809681735,1.2242341570931337,3.6844326601453647,1.7364615111920139,0.6314128463673898,85.11270862301012,2.242080461363574,4.789138710143188,2.745571245903552,0.6201038420902285,177.2627060079654,1.2242341570931337,3.6844326601453647,1.5686965133448265,0.5021000621940073,61.497358184471906,0.011300818840684457,3.0687202456799607,0.5490835552184992,0.7375030806462776,529.9584302412314,0.49054955910514764,9.391466812185456,4.731771698582423,1.2427495884466617,591.4557884257033,1.3892123942956949,9.407841158281638,5.280855253800922,1.1975872726820365,11.500609089112565,0.015906478875596264,2.3299636213559154,0.6389227271729203,0.7927825659633471,131.78586711456546,5.273382427452134,11.742172277398822,7.321437061920303,1.5456395663897238,143.28647620367803,6.379180402793942,11.758078756274418,7.960359789093224,1.3597439315294912,16.981973787161024,0.17939476946279065,2.3248853453134686,0.8490986893580512,0.5990758565330025,133.91688381158525,5.336279672767887,12.440180304413161,6.695844190579263,1.9371134833217307,150.89885759874628,6.321030434826406,13.334355975257658,7.544942879937314,1.9884214547137415,59.666787646098314,0.011300818840684457,2.8497863688000757,0.5099725439837463,0.6941616161436646,515.2432137102048,0.49054955910514764,6.8257894422342815,4.403788151369272,0.9880081345958688,574.910001356303,1.3841764859429055,7.014076003408428,4.913760695353018,0.9904670103256967,68.42044246585245,0.011300818840684457,2.4632814857901124,0.5517777618213907,0.6244779522456451,494.05507846592025,0.49054955910514764,9.391466812185456,3.9843151489187116,1.038344988976213,562.4755209317725,1.3892123942956949,9.407841158281638,4.536092910740101,1.041754255291472,20.57647905641247,0.01339929881633406,2.8792364073598167,0.5561210555787154,0.8179123534240195,157.5799503320739,2.051854348541383,11.00947062994419,4.258917576542538,2.2500251188010356,178.1564293884864,3.02287399480048,11.369825628692864,4.815038632121254,2.2254944965738526,64.30985406812951,0.011280465702904863,2.4632814857901124,0.5103956672073771,0.63183686790371,490.8722083464675,0.49054955910514764,6.629457247924847,3.895811177352917,1.0765198789416965,555.182062414597,1.3841764859429055,6.77030454860358,4.406206844560294,1.0394697604807
c<E>r<35>R<ARG>,143.51643223615883,1.3818609852247306,3.6844326601453647,1.816663699191884,0.6258169629430819,60.10284057028127,2.289869205834506,5.149907733626445,3.5354612100165457,0.7653599166577296,67.11663651544548,2.194434025157725,4.299609102953051,3.5324545534444987,0.587119827580491,153.99442552275505,1.3213880772333029,3.6844326601453647,1.5875713971418046,0.49848729777906803,171.55993377505766,1.2242341570931337,3.6844326601453647,1.7329286239904813,0.5834436801445311,96.91077638983457,2.194434025157725,4.764128230985139,2.6192101726982315,0.4562414239817656,181.18054368053288,1.2242341570931337,3.6844326601453647,1.5485516553891698,0.445026220493145,60.38483813582838,0.013337729683682298,3.0687202456799607,0.5920082170179253,0.7582043645058724,501.49003807798766,0.48608255875029727,8.002383308580715,4.916569000764585,1.162356244101512,561.874876213816,1.912210176324133,8.324397910087743,5.50857721778251,1.048252629366261,20.134386400290644,0.020367236698335844,4.429958326130004,0.7743994769342556,1.2153780291839151,204.25290394819586,1.330082857452453,13.493196728595876,7.855880921084457,2.4041501438046042,224.38729034848654,1.7637301795500409,13.602856303953935,8.630280398018714,2.2480315600184437,18.025088795871966,0.04182137878780523,1.6103081127076342,0.6437531712811416,0.4628448786523625,169.49323815697403,2.8019657098026443,16.412639152595716,6.053329934177644,2.590885803580891,187.51832695284602,2.8437870885904495,17.050889854015203,6.697083105458787,2.6112648194433046,59.61171142072745,0.01078359071046009,2.991894785361077,0.5322474233993523,0.7425335604158619,511.13424608476896,0.48608255875029727,7.092318157585453,4.5636986257568655,1.0485945148886315,570.7459575054963,1.912210176324133,7.748165048917861,5.095946049156217,0.9612719340691825,67.65109045746875,0.011660787565719755,2.5515533878655123,0.5048588840109609,0.5766918069968102,534.6211232261533,0.48608255875029727,7.092318157585453,3.989709874822039,0.9751013923004904,602.2722136836221,1.912210176324133,7.110458437966049,4.494568758833001,0.9673112866071152,30.120836104673252,0.012055656657126601,3.867481917518951,0.5105226458419195,0.7525720507951886,263.6536509261265,1.330082857452453,16.763231647842645,4.468705947900449,2.8404717469803273,293.7744870307997,1.7637301795500409,17.102283076807893,4.979228593742368,2.746527700391439,66.43807583803535,0.01078359071046009,3.6518296416471827,0.5071608842598118,0.7080768503844074,495.07181865325265,0.48608255875029727,7.092318157585453,3.7791741881927683,1.0787888909558472,561.5098944912879,1.912210176324133,7.110458437966049,4.286335072452579,1.006590135054287
c<E>r<36>R<GLN>,116.648941442068,1.3852509009102367,4.184840865677173,1.7945990991087384,0.5918312590013164,66.54935551083572,2.300937267504443,5.149907733626445,3.5025976584650382,0.7021777062917042,63.323321024841654,2.194434025157725,5.766725217463342,3.7249012367553913,0.7700618373470258,128.96692295829394,1.3213880772333029,3.6774812397365024,1.5172579171563991,0.3385108255622054,138.41651156752937,1.2242341570931337,3.6197983803290965,1.667668814066619,0.49588067483703324,95.9060899033375,2.194434025157725,4.764128230985139,2.5920564838739866,0.4536837104041792,151.03030558337906,1.2242341570931337,2.82850208658,1.4663136464405735,0.2608348170196692,45.00554810620706,0.012698638443266574,3.969689292535671,0.7143737794636041,0.9491641821293296,306.2092262499765,0.4848680187228638,12.233344961068283,4.860463908729786,1.5336911867177458,351.2147743561835,1.5772780807977864,12.270484936383664,5.574837688193389,1.416021773279166,22.789552390963003,0.0328371416345874,4.429958326130004,0.8765212458062693,1.3749929850645408,207.4588163331654,4.47912811086303,13.493196728595876,7.979185243583284,2.2646720953361257,230.2483687241284,4.5425337331885185,13.602856303953935,8.855706489389554,2.025293758091444,15.500115390086886,0.02746115014270778,2.3692910508111034,0.6458381412536203,0.6286696707925469,158.26079788304386,2.8019657098026443,18.48162673776017,6.594199911793495,3.515362280211959,173.76091327313074,2.8437870885904495,18.7242458114028,7.2400380530471145,3.5100259747159845,42.99242055788352,0.01078359071046009,3.3947675589874473,0.5732322741051136,0.8445623944566992,336.99089611833676,0.4848680187228638,12.233344961068283,4.4932119482444906,1.5538385965002786,379.9833166762203,1.5138208377541802,12.270484936383664,5.066444222349603,1.4608236020207568,46.036310040194046,0.011660787565719755,3.045665951543615,0.5172619105639781,0.6235789575549372,333.32388508830434,0.4848680187228638,6.5444709685421145,3.7452121920034194,1.0203649825575634,379.36019512849845,1.5772780807977864,6.6838565815262285,4.262474102567398,1.0320850811700557,26.234349308269202,0.012055656657126601,2.816859835005312,0.46847052336195005,0.6268954527616107,227.41672003580894,1.8352546035101123,9.782406359719374,4.061012857782303,1.9103555407222534,253.65106934407817,2.1796452466118623,9.860918981183833,4.529483381144253,1.8724938491338055,46.875528569647464,0.01078359071046009,2.988306702489554,0.5208392063294163,0.688809845079975,308.2057664864363,0.4848680187228638,5.98476102661931,3.424508516515959,1.1172826281496946,355.0812950560837,1.5138208377541802,6.10437767092419,3.9453477228453746,1.08210797230747
c<E>r<37>R<ASP>,95.60955362193073,1.4905171204116134,3.952505418254304,1.9512153800394025,0.6309958493915634,62.25560967304607,2.289869205834506,5.149907733626445,3.276611035423477,0.8215137578903818,59.371033775272984,2.194434025157725,5.766725217463342,3.7106896109545615,0.8583680347333228,107.94339959624644,1.3136689529413497,3.5910317333088537,1.5643970955977744,0.4059212801646037,117.74271242481163,1.227656374067948,3.4775215957020484,1.7839804912850248,0.567693257153091,94.97353299814984,2.194434025157725,4.764128230985139,2.638153694393051,0.4766578178860552,131.41552658166944,1.227656374067948,3.180436338735433,1.528087518391505,0.3928330212336742,28.860088838691617,0.012698638443266574,3.969689292535671,0.7215022209672904,1.0115445398093976,199.13705036275726,1.458260623868128,15.610294110887537,4.978426259068931,2.4610639821669973,227.99713920144887,1.5772780807977864,16.120042758942486,5.699928480036222,2.459784636741733,19.571258081113633,0.0328371416345874,4.429958326130004,0.8509242643962449,1.324248293307625,171.46529590885825,1.3251566843262594,18.058266939514624,7.455012865602533,3.5351490065024933,191.0365539899719,1.7623499442465764,18.095122769054832,8.305937129998778,3.491237410186726,18.489098495448456,0.04090971639334029,2.7272373648238206,0.8038738476281937,0.8170586399734434,142.4262153646121,2.8019657098026443,11.388212557186055,6.192444146287483,2.132798783480199,160.91531386006056,2.8437870885904495,12.751459820372826,6.996317993915676,2.4959895154012197,27.556168306593918,0.013309396834586762,3.4593590159680634,0.5403170256194886,0.8437007302728864,228.00868176046652,0.5799864238749848,15.610294110887537,4.4707584658915005,2.3503745806580034,255.56485006706043,1.3069490525626994,15.754508465107524,5.011075491510989,2.3060005433070216,32.6848591866259,0.013258638501417508,2.4364068800472474,0.4477377970770671,0.5707718112708615,279.4277337176394,1.458260623868128,14.829493624323849,3.8277771742142384,1.8519355140951053,312.11259290426534,1.5772780807977864,14.87145690523976,4.275514971291306,1.9043414015072047,25.494311162229945,0.012055656657126601,1.9971824907384192,0.46353293022236264,0.5065492955758075,230.10408303695453,1.3251566843262594,9.782406359719374,4.1837106006719,2.1083763730743263,255.5983941991845,1.7623499442465764,11.241808304262262,4.647243530894263,2.1615571587840425,33.45585706126237,0.013309396834586762,2.8199326569004803,0.47120925438397704,0.6184276661062676,241.06145628020823,0.5799864238749848,14.829493624323849,3.395231778594482,1.920127140204787,274.51731334147064,1.3069490525626994,14.87145690523976,3.8664410329784595,1.923031309680189
c<E>r<38>R<PRO>,75.70715327326641,1.4905171204116134,2.7657319009674084,1.760631471471312,0.4079967968339219,42.222786801144565,2.5654252060043397,5.53370334360274,3.5185655667620472,0.9228181055639608,69.25912019806995,2.194434025157725,5.766725217463342,3.6452168525299973,0.9502955923743102,85.77686292172585,1.3136689529413497,2.9816369766599355,1.5317296950308188,0.28130836960548056,102.59663006698587,1.1870534811083084,2.9850600687395494,1.6285179375712042,0.444179599109116,89.06205611576033,2.194434025157725,5.638399223268008,2.7831892536175102,0.7759796648053603,112.30763383903212,1.1870534811083084,2.816250836669215,1.4777320241977911,0.30004563604332996,21.270105195747853,0.010802492646297068,6.470630781067019,1.012862152178469,1.746564307408082,113.75692863936699,1.458260623868128,14.914128747101373,5.416996601874619,3.704164040870065,135.02703383511482,1.5772780807977864,14.96962495644954,6.429858754053087,4.277680024130433,10.344303407548146,0.0328371416345874,8.002860863767825,1.4777576296497352,2.684882567853453,39.070798097687934,2.254512443966007,8.617519162011163,5.581542585383991,2.072862999402518,49.41510150523609,2.5902206430866546,15.798321939257239,7.059300215033727,4.067678480332501,22.553463413719392,0.01679441913916868,2.7272373648238206,0.8353134597673849,0.7505223861117633,198.07597278051793,3.9756993928410935,17.093965672319783,7.3361471400191824,3.1781172720978716,220.62943619423734,4.100988848659954,17.268804011146273,8.171460599786569,3.123336446028006,21.330995532685677,0.010802492646297068,8.462041089967789,0.8887914805285698,2.0277099657351463,109.53353837824957,0.5799864238749848,14.914128747101373,4.563897432427066,3.4637772351504648,130.86453391093522,1.3069490525626994,14.925590578735168,5.452688912955634,4.215850603275638,25.53862372600281,0.010802492646297068,5.198024972835068,0.5551874723044089,1.0290525987728778,169.11711937530885,1.458260623868128,9.507765222929322,3.67645911685454,1.8425588003053908,194.65574310131166,1.5772780807977864,11.62681821143665,4.231646589158949,2.211107244946179,21.673319518141522,0.012055656657126601,3.586340130512225,0.4711591199595983,0.6478334617650356,233.76483432273878,1.8352546035101123,17.093965672319783,5.081844224407365,3.5195340142847527,255.43815384088035,2.1796452466118623,17.268804011146273,5.553003344366964,3.6075884416031383,24.195447044172006,0.010802492646297068,5.59941223305421,0.5498965237311819,1.135987148281697,134.2151753084941,0.5799864238749848,9.507765222929322,3.050344893374866,1.6318977788044466,158.41062235266614,1.3069490525626994,10.734977184705205,3.6002414171060484,2.1432353002748723
c<E>r<39>R<GLY>,97.5714008559259,1.4905171204116134,3.987394051416777,1.8763730933831904,0.554778428399536,58.32824441931973,2.2951445866089393,5.327452442960572,3.4310732011364546,0.8166642130367989,59.53960049915832,2.1781337614959217,5.638399223268008,3.50232944112696,0.8567115842412307,111.12397254582065,1.3136689529413497,3.8062932151711406,1.5874853220831522,0.4441988920913453,119.04136562025073,1.2222666167057616,3.100886402615606,1.7005909374321533,0.5035304072019707,92.54721901013428,2.1781337614959217,5.552116318699006,2.6442062574324083,0.605585026720117,132.54248831784398,1.2222666167057616,3.100886402615606,1.5061646399754998,0.36561726872523004,30.561580172622456,0.010377263482771681,6.470630781067019,0.6502463866515417,1.1520591758858774,261.81874666862745,1.458260623868128,14.691015701933168,5.570611631247393,2.597625659354904,292.3803268412498,1.5772780807977864,14.816730138714362,6.220858017898933,2.85681336357891,9.341477923372725,0.0328371416345874,3.616879551809017,0.5838423702107953,0.8525725855932452,114.74958390355344,1.3224283214310084,14.587497480457614,7.17184899397209,3.259464195763799,124.09106182692615,1.7607930180143763,14.719203677912748,7.755691364182884,3.5019479472855743,17.532719074683982,0.01679441913916868,2.7272373648238206,0.834891384508761,0.7496865302371346,136.98419505281095,3.2671029292669918,14.241609436414876,6.523056907276712,2.4066653221534233,154.51691412749494,3.302280402992883,14.259155483305939,7.3579482917854735,2.2959529557359484,28.47345439703014,0.013309396834586762,6.470630781067019,0.5810909060618396,1.0576904603165977,243.93084927313916,0.5799864238749848,14.691015701933168,4.978180597411003,2.7153345563015336,272.4043036701693,1.3069490525626994,14.816730138714362,5.559271503472844,3.027958381035938,37.465417581706376,0.011626865593992619,5.198024972835068,0.5676578421470663,0.9962070938587553,285.86509221559294,1.458260623868128,14.437805512191801,4.331289275993832,2.6713529424895985,323.3305097972993,1.5772780807977864,14.526712226709213,4.898947118140899,2.717497424540662,21.771611874904472,0.017546046891062872,2.6158205990403154,0.4535752473938432,0.6249247184795982,237.2996982366658,1.3224283214310084,14.241609436414876,4.943743713263871,3.072440199122047,259.07131011157026,1.7607930180143763,14.259155483305939,5.397318960657714,3.047653239742203,35.31309699219122,0.011626865593992619,5.198024972835068,0.5517671405029878,1.0042185776876809,249.9005807457524,0.5799864238749848,14.437805512191801,3.904696574152381,2.82110903327155,285.2136777379436,1.3069490525626994,14.526712226709213,4.456463714655369,2.8926904791082935
c<E>r<40>R<MET>,92.65626808283373,1.4905171204116134,4.281722144471921,1.8909442465884436,0.5694706218916366,60.24554300104242,2.294808691680391,5.327452442960572,3.3469746111690233,0.9528752137991334,57.4147761696379,2.1781337614959217,5.638399223268008,3.588423510602369,0.9595847742818324,104.83174274592037,1.3136689529413497,2.9816369766599355,1.5416432756752996,0.3263757076483086,112.56999852751879,1.2289731553913732,3.1023790436179977,1.7056060382957392,0.5009886618725193,93.33413335961886,2.1781337614959217,5.552116318699006,2.666689524560539,0.6199722112864361,125.7594301514686,1.2289731553913732,2.8505655845477333,1.4795227076643365,0.3069615391072318,28.089165150612537,0.010377263482771681,6.470630781067019,0.6687896464431556,1.2512000718184695,232.1379198102804,1.458260623868128,14.691015701933168,5.5270933288162,2.58749397381607,260.2270849608929,1.5772780807977864,14.778915672722125,6.195882975259355,2.758426898913021,13.523413345676603,0.021548124914122724,3.616879551809017,0.6761706672838301,0.9279848696424023,150.31245816428498,1.3224283214310084,17.171843438000806,7.515622908214249,3.6656136732926914,163.83587150996158,1.7607930180143763,17.223587063400853,8.191793575498078,3.827826381885695,12.990942454270636,0.017546046891062872,2.7272373648238206,0.6186163073462208,0.7648902426856758,155.26962819344305,3.2671029292669918,17.093965672319783,7.393791818735384,3.790338874131077,168.2605706477137,3.302280402992883,17.268804011146273,8.012408126081604,3.6348646827255653,28.132204526545397,0.013309396834586762,6.470630781067019,0.6251601005898977,1.1931939136760037,213.68812198530836,0.5799864238749848,14.691015701933168,4.748624933006853,2.581460061553697,241.82032651185372,1.3069490525626994,14.718861302071517,5.373785033596749,2.8294953718340543,32.341340295464946,0.011626865593992619,5.198024972835068,0.5390223382577491,0.9728762007425096,260.2910580803928,1.458260623868128,14.437805512191801,4.33818430133988,2.4626179968564763,292.6323983758578,1.5772780807977864,14.526712226709213,4.87720663959763,2.4761679613420804,25.80905670752876,0.012055656657126601,3.930646966419598,0.5491288661176332,0.7967991764144063,250.1792251179272,1.3224283214310084,16.794978139256106,5.322962236551643,3.664146167137465,275.988281825456,1.7607930180143763,17.163904980720925,5.872091102669277,3.826224542654146,34.0270215185557,0.011626865593992619,5.198024972835068,0.6076253842599232,1.105347632774758,216.28331618937727,0.5799864238749848,14.437805512191801,3.8622020748103085,2.6413145483229767,250.310337707933,1.3069490525626994,14.526712226709213,4.469827459070232,2.647428476013784
c<E>r<41>R<GLY>,98.32825581287821,1.391375501512707,3.5395373324367307,1.8552501096769474,0.5257039457645795,58.94435107590256,2.2951445866089393,5.327452442960572,3.4673147691707387,0.8908993787779873,53.80881703492452,2.203330476030671,5.766725217463342,3.8434869310660376,0.8309145182341525,109.20398549732776,1.3213880772333029,3.5395373324367307,1.5380843027792643,0.3501171923071207,116.58953463865939,1.2289731553913732,3.5395373324367307,1.714551979980285,0.5179617007552628,84.83108587199334,2.203330476030671,4.764128230985139,2.650971433499792,0.5527611027471582,127.58790619524996,1.2289731553913732,3.5395373324367307,1.4835803045959297,0.32997337466163595,33.21823632026363,0.010377263482771681,5.867471140214757,0.7725171237270612,1.4776167681770858,251.78584417537704,1.654418524212133,14.914128747101373,5.855484748264582,2.7232960108229856,285.0040804956406,1.6677279210467197,14.96962495644954,6.628001871991642,2.7270785699255407,12.27056250086904,0.01943242776448173,2.3768331575621797,0.5843125000413829,0.6015668914984247,188.0046192051374,1.3224283214310084,18.11581947934441,8.952600914530352,3.919625091592842,200.2751817060064,1.7607930180143763,18.997780839398555,9.536913414571734,3.9415700286395348,23.581850886046762,0.03517747372589142,7.748100861720207,1.1229452802879412,1.698139056640674,162.79705615066607,3.2671029292669918,13.013954038735424,7.752240769079337,2.5540833837242922,186.3789070367128,3.302280402992883,13.87184045786596,8.875186049367276,2.7620834524026603,30.16737191049186,0.010978166621145036,5.867471140214757,0.6703860424553747,1.3754831282565643,236.44287763058588,1.22813597592949,14.914128747101373,5.254286169568575,3.051525874722978,266.61024954107774,1.3069490525626994,14.96962495644954,5.92467221202395,3.109263706840145,38.8589168228623,0.011626865593992619,6.001715028981339,0.6370314233256115,1.1269608571579788,252.03478101731451,1.654418524212133,9.507765222929322,4.13171772159532,1.492381373150147,290.8936978401768,1.6677279210467197,10.734977184705205,4.768749144920931,1.793218465228798,26.313177081685346,0.016255550998506507,3.81023851993897,0.5720255887322901,0.8284997415086548,253.14729454896698,1.3224283214310084,13.013954038735424,5.503202055412325,2.9440847752553756,279.4604716306524,1.7607930180143763,13.03020958973393,6.075227644144618,3.0043186594612528,35.02986985075677,0.011626865593992619,4.802330455565914,0.5649979008186575,1.0116692571894563,235.49515114265907,1.22813597592949,9.507765222929322,3.798308889397727,1.6781004777708088,270.52502099341586,1.3069490525626994,10.734977184705205,4.363306790216385,1.9145029281442647
c<E>r<42>R<LEU>,123.87383383112662,1.3803546667260753,3.857449312903417,1.8488631915093525,0.6667114438463584,54.30641996389305,2.691197936461022,5.563241819597652,3.879029997420932,0.7490105573185859,61.341385259294675,3.0864188900290253,6.636104468720844,4.3815275185210485,0.9917973281389584,133.9107957672149,1.3213880772333029,3.8267627520093495,1.6330584849660352,0.5568950663682823,147.2887287608661,1.2242341570931337,4.402313755298017,1.7962040092788547,0.7125371059065188,86.17932488490979,2.241712562232069,5.956999967560312,2.9717008581003377,0.9656424904340849,156.3175879949973,1.2242341570931337,4.402313755298017,1.6115215257216216,0.5883773438868876,51.415780098145525,0.013879747218529026,4.797156043567279,0.7790269711840231,1.1152621737188773,327.494986213686,0.4865855357666078,11.177786182445644,4.962045245661909,1.6921902702013663,378.9107663118316,1.914440732805562,11.211984312462128,5.741072216845933,1.7272230411823561,11.327576444581705,0.01943242776448173,3.3575830423516972,0.5961882339253529,0.7788247130781392,166.97993209900662,3.8726634684595247,14.23288786718831,8.788417478895084,2.411545128207928,178.30750854358834,4.115552816999109,14.373275412521494,9.38460571282044,2.387028648056964,16.820550540901117,0.14284296620923875,2.3692910508111034,0.8410275270450558,0.6377727101054833,165.73287333943324,5.086361451072719,13.489029824163538,8.286643666971662,2.86165350227204,182.55342388033435,5.819520695027228,14.575835167063914,9.127671194016717,2.820995162888088,50.24496785507584,0.01078359071046009,5.85771605047529,0.6525320500659201,1.0595990645549482,373.0057051082155,0.4865855357666078,11.335700995398511,4.844229936470332,1.8401044102647426,423.25067296329144,1.827473678038317,11.414855370955948,5.496761986536252,1.8365436115659066,54.59218782360166,0.011660787565719755,4.26900300871023,0.6274964117655364,0.8658768305349988,366.33001820768663,0.4865855357666078,9.090501109996922,4.210689864456168,1.4292841192866657,420.9222060312883,1.914440732805562,9.217616973218872,4.8381862762217045,1.5394957346572993,24.034602152844347,0.013810520656062586,2.816859835005312,0.5462409580191897,0.6880282974126779,284.5315604989862,2.1751400350190693,13.489029824163538,6.4666263749769595,3.0846269124987273,308.56616265183055,2.5150461210534987,13.643187384213483,7.012867332996149,3.135566029836668,52.84090151192897,0.01078359071046009,4.26900300871023,0.562137250126904,0.8562388135114702,386.2599395382256,0.4865855357666078,8.730699241592504,4.109148292959847,1.4319611513356238,439.1008410501546,1.6810858615885889,8.777765396485067,4.671285543086751,1.501234236396194
c<E>r<43>R<ARG>,114.81477903673542,1.3803546667260753,3.7457370008398048,1.7939809224489909,0.5774507656990866,55.26549817886482,2.294808691680391,6.277673036574244,3.6843665452576544,0.9724586790712859,59.37692587641433,2.196759740000257,6.203979572262586,4.241208991172452,0.9502147639247499,124.7886578303132,1.3260615542871235,3.7457370008398048,1.559858222878915,0.42695148796302984,136.97492369429622,1.2242341570931337,4.428341083012878,1.7338597935986864,0.6098803885925916,85.75549750830949,2.196759740000257,4.848521652204981,2.8585165836103164,0.7426580779966467,146.39037582098737,1.2242341570931337,4.426425268528714,1.5409513244314461,0.4597757589557501,41.91580557481845,0.012103896247919188,3.828412920175607,0.5903634588002599,0.8166830443738922,346.2673899094345,0.49054955910514764,7.615271706785336,4.8770054916821755,1.1415003759501539,388.18319548425296,1.914440732805562,7.660909219544999,5.467368950482436,1.0701152516609176,16.420955175711295,0.01943242776448173,3.7963298630581175,0.7139545728570128,1.0564479655690233,186.44043389423038,1.3251566843262594,14.23288786718831,8.106105821488278,2.6900573993647856,202.8613890699417,1.7623499442465764,14.373275412521494,8.820060394345292,2.634173562980586,19.668697087752804,0.14335582025022298,3.3122940884624583,1.0927053937640447,0.9283433538047954,175.80252169583588,5.336279672767887,18.108237730758802,9.76680676087977,3.6172660717369953,195.47121878358874,6.327947603260818,18.486522415517065,10.859512154643818,3.6028898767056416,41.601860991826946,0.011524571701267305,3.860509286470551,0.5200232623978368,0.7913099478773767,360.61527744295154,0.49054955910514764,6.503757664375371,4.507690968036894,0.9517780723722635,402.21713843477846,1.914440732805562,6.708189323880438,5.02771423043473,0.8848308713764585,45.55812718855568,0.011660787565719755,3.0020192329041127,0.5236566343512147,0.6314273408011044,383.63495083363966,0.49054955910514764,13.199340808673924,4.409597136018847,1.7312043116297842,429.1930780221954,1.914440732805562,13.648831021636783,4.933253770370062,1.697798426860321,24.95070130323482,0.013810520656062586,3.2512198501050644,0.5802488675170888,0.7431475755096056,253.86871417683207,1.3251566843262594,13.199340808673924,5.903923585507723,2.943628615637077,278.81941548006694,1.7623499442465764,13.643501062207593,6.484172453024812,3.013459660764952,45.64670366724452,0.011280465702904863,3.2737698811279277,0.507185596302717,0.7260357908192258,384.1534126035341,0.49054955910514764,13.199340808673924,4.268371251150379,1.6695532568248561,429.80011627077863,1.914440732805562,13.643501062207593,4.775556847453096,1.591536699633079
c<E>r<44>R<LEU>,131.26829996018898,1.3803546667260753,3.7457370008398048,1.8231708327804026,0.6025679829947471,54.53907962356518,2.8399222707294145,7.9349439025165776,3.89564854454037,1.2320587015190116,75.74108203963097,2.196759740000257,5.155961537205927,3.9863727389279457,0.6344712036405324,138.2498561234742,1.3262383242231368,3.7457370008398048,1.5890788060169447,0.45770071639991305,159.81485493936398,1.2242341570931337,3.5959916964556564,1.7371179884713477,0.6062927598895725,96.57421954381455,2.196759740000257,4.768720297778363,2.8404182218768987,0.7202527969452122,165.38817852598777,1.2242341570931337,3.5959916964556564,1.5456839114578296,0.4305189063125435,50.65566354368796,0.012103896247919188,3.361062398409093,0.5628407060409774,0.750027428291795,443.16135142954096,0.49054955910514764,9.543709553295457,4.924015015883788,1.3442125638538922,493.8170149732289,1.914440732805562,9.643754217280136,5.486855721924766,1.2740503771647236,13.487840277204642,0.020367236698335844,2.3299636213559154,0.7934023692473319,0.8128929234352774,150.67997151772693,5.273382427452134,24.0261449317818,8.863527736336877,5.58374065329816,164.16781179493157,6.305953184957191,25.379543419627204,9.656930105584209,5.8211475444205325,27.744466679109763,0.14335582025022298,3.3122940884624583,1.0275728399670283,0.8474700472193198,210.97511175708627,5.336279672767887,15.73255581858075,7.813893028040233,2.69447156344856,238.71957843619606,6.321030434826406,16.724726946888048,8.841465868007262,2.803466294964564,47.884958962409264,0.012103896247919188,2.825532472354663,0.46946038198440454,0.6338490300071923,472.1779113768868,0.49054955910514764,9.543709553295457,4.629195209577322,1.2057347723916523,520.0628703392961,1.914440732805562,9.643754217280136,5.098655591561726,1.2017580916373496,63.11723279283944,0.010956785842387795,3.672815776604031,0.5536599367792934,0.7385570766410019,483.0090610753257,0.49054955910514764,13.723739567722532,4.23692158838005,1.7293984566521128,546.126293868165,1.830989525824132,13.783813889049227,4.790581525159342,1.6775486799723889,29.531031838947396,0.013810520656062586,3.2512198501050644,0.5790398399793607,0.8086687642709984,287.0601231453898,2.042842463703437,13.199340808673924,5.628629865595879,2.7808471348560246,316.59115498433727,3.021887376409325,13.643501062207593,6.20766970557524,2.8291150397232823,59.067709617794364,0.010956785842387795,3.672815776604031,0.509204393256848,0.7564025133554761,488.15434700166134,0.49054955910514764,13.723739567722532,4.2082271293246665,1.7926111239746598,547.2220566194557,1.830989525824132,13.783813889049227,4.717431522581514,1.7352443363283283
c<E>r<45>R<ILE>,151.1899071400196,1.3548289767120425,3.6276315606519876,1.7998798469049955,0.6103557050713756,50.45538131532927,2.142336114709801,4.232790148761467,3.363692087688618,0.5303320781630894,56.265172718156705,3.3761745527597657,5.242004729112797,4.018940908439765,0.5084794562971165,159.73117418931173,1.320192438901315,3.606456477069934,1.5973117418931173,0.5150787312784227,171.33458489659407,1.2242341570931337,3.606456477069934,1.7306523726928693,0.6009050613184981,79.76677160560597,2.142336114709801,5.242004729112797,2.658892386853532,0.5743002966743206,178.85584172768117,1.2242341570931337,3.606456477069934,1.555268188936358,0.47794507948184406,66.54416324551747,0.010849637642598609,3.1593786603371186,0.5591946491219956,0.7149666623721849,540.9190465000322,0.48857839659127933,7.201995509842163,4.5455382058826235,1.2377618981667284,607.4632097455498,1.3346928363906998,7.306294289996455,5.10473285500462,1.1437924514990694,13.598058394911712,0.020367236698335844,2.3299636213559154,0.6799029197455856,0.7159174822926719,126.34390330816639,4.070180345082235,8.533190612979979,6.31719516540832,1.137371807942664,139.9419617030781,4.889011497460956,8.693212876670302,6.9970980851539055,0.9008310913772566,18.337410318010132,0.194836843374258,2.829050951503099,1.0187450176672295,0.7689567684589707,139.96921139138237,3.984215378162446,16.69836213485752,7.776067299521243,3.6898224559183856,158.30662170939252,4.792646325305553,17.100915602158356,8.794812317188473,3.739321176967322,65.57143138265678,0.011300818840684457,2.5135537375398753,0.5083056696329983,0.616382724170349,551.7553623278902,0.4748095793880225,7.201995509842163,4.277173351378994,1.1004967326226511,617.326793710547,1.302297259228477,7.306294289996455,4.785479021011993,1.0373299413950754,72.94369679811652,0.010956785842387795,2.5135537375398753,0.5363507117508568,0.6356639602677445,517.7680009512341,0.48857839659127933,7.201995509842163,3.8071176540531915,1.030402889535799,590.7116977493506,1.3346928363906998,7.306294289996455,4.343468365804049,1.0399792115227389,26.275115614232124,0.011408493233833639,3.598068895684847,0.729864322617559,1.1260498988448946,140.90083237200804,2.042842463703437,12.468391103206727,3.9139120103335565,1.9057880601216537,167.17594798624017,2.8283753461166476,16.066459998891574,4.643776332951116,2.3041847457766553,70.65536633835443,0.010956785842387795,2.538900226796149,0.5195247524879002,0.6334167010918073,498.5067902644214,0.4748095793880225,7.201995509842163,3.6654911048854513,1.0938978349864008,569.1621566027759,1.302297259228477,7.306294289996455,4.185015857373352,1.067929298622714
c<E>r<46>R<HIS>,152.73415258867408,1.3548289767120425,3.546813865284883,1.840170513116555,0.5966005178703598,61.49075788376546,2.142336114709801,4.825099567052572,3.6171034049273803,0.6739439306383254,67.76780274863467,3.204212526357175,4.710321744156333,3.9863413381549804,0.5066767659539054,162.09596047391886,1.320192438901315,3.546813865284883,1.604910499741771,0.5004487610700855,178.94286360572002,1.228985645965306,3.6718030574278524,1.771711520848713,0.6073113498590322,100.5041690101773,2.142336114709801,4.789138710143188,2.8715476860050657,0.7390185888860896,186.91963723437317,1.228985645965306,3.6718030574278524,1.5707532540703628,0.48348629856814995,64.24147777740436,0.010849637642598609,4.207346656628333,0.5586215458904726,0.8204466558448592,496.098314685864,0.4860768742601067,7.201995509842163,4.3138983885727304,1.288533335397155,560.3397924632683,1.3346928363906998,7.350087329045509,4.872519934463202,1.2712031737595106,20.086420778588476,0.020367236698335844,4.6907133566108925,0.9564962275518322,1.0933740071757823,141.5571715683633,4.070180345082235,14.594475689113835,6.740817693731585,2.0944814561810006,161.64359234695178,4.889011497460956,19.285189045724728,7.697313921283418,2.760640727278525,17.37748515874773,0.016180545428042592,2.58634333364499,0.7555428329890318,0.7271897291394794,178.85026976582031,5.480350087280385,24.68741769179168,7.776098685470449,4.055914650698803,196.2277549245681,6.049158232783522,24.96272328089738,8.531641518459482,3.9894325992580164,64.00069695347933,0.010482180155824139,3.6369249692911954,0.5203308695404824,0.7235200060465237,497.23521407315064,0.4748095793880225,7.201995509842163,4.042562716041875,1.1482787274414088,561.2359110266299,1.302297259228477,7.306294289996455,4.562893585582357,1.1288364818514693,75.89925042047908,0.01082039451292971,3.008547928626598,0.546037772809202,0.6753391193360455,529.4815740859784,0.4860768742601067,7.201995509842163,3.8092199574530823,1.0968906688131004,605.3808245064574,1.3346928363906998,7.306294289996455,4.3552577302622835,1.045255361458559,35.825200555796584,0.011408493233833639,4.6907133566108925,0.7961155679065908,1.2056180778323702,242.1127893291142,2.038360339646033,21.838317866222724,5.380284207313649,3.7924962039717514,277.93798988491085,2.920775637559914,22.142491709755728,6.176399775220241,4.085002574013969,74.21547444011728,0.010482180155824139,2.9271676018074118,0.5538468241799797,0.6859013173565495,486.6438451471765,0.4748095793880225,7.201995509842163,3.631670486172959,1.1639996831470916,560.8593195872937,1.302297259228477,7.306294289996455,4.185517310352938,1.0894328209376185
c<E>r<47>R<TYR>,134.21905583586545,1.3548289767120425,3.546813865284883,1.7660402083666507,0.5543669152863977,56.8659681981228,2.142336114709801,4.825099567052572,3.554123012382675,0.5926559572364455,71.52747950038112,2.4425179898309732,4.793211516270851,3.7646041842305853,0.6921478670766666,145.88915902143543,1.320192438901315,3.546813865284883,1.5687006346390906,0.46091301026982423,162.19611442578457,1.2282458159976932,3.3649139039134197,1.6895428586019225,0.5352796151645751,100.5802007816785,2.142336114709801,4.789138710143188,2.7938944661577363,0.6429690461636433,172.95264246161582,1.2282458159976932,3.3197400650209534,1.5305543580673966,0.41718774810282416,52.30282169037626,0.010849637642598609,4.09845524879559,0.5029117470228487,0.7723459963904327,465.9505054417167,0.4860768742601067,9.862997109428761,4.480293321554968,1.4938393467640654,518.253327132093,1.3346928363906998,10.029278993290884,4.983205068577817,1.471051230206836,13.330383368822924,0.032330357096723716,3.0432146635543376,0.7841401981660543,0.7890180533817007,107.56547031348418,4.070180345082235,8.810790599575057,6.32738060667554,1.2145018399483558,120.8958536823071,4.889011497460956,9.143968569081654,7.111520804841595,1.089631837917467,31.184562373143223,0.11292999751359112,8.898471591617312,1.0394854124381074,1.631772527720076,185.41376556747787,3.1431066652760364,8.949822289024496,6.180458852249262,1.0534283511020361,216.5983279406211,3.621364077016003,15.624784559734184,7.21994426468737,1.8660831518544154,51.913246917523864,0.010482180155824139,3.528033561458452,0.46351113319217735,0.6590472625005862,483.5073287999299,0.4748095793880225,10.451276585464484,4.317029721427946,1.4819128898708258,535.4205757174539,1.302297259228477,10.525625058903117,4.780540854620123,1.4127584530008204,62.16882959710853,0.01100656079430884,2.7489194078902415,0.4895183432843191,0.6415252791191612,490.1697443099359,0.4860768742601067,7.616737016804336,3.859604285905007,1.2989736161200034,552.3385739070444,1.3346928363906998,7.899472475964753,4.349122629189326,1.2360685880949875,37.02905991414572,0.013360422516065285,7.899998918329487,0.7714387482113692,1.391150764537474,233.71014972672856,2.042842463703437,21.838317866222724,4.868961452640178,3.552908123794751,270.73920964087426,2.490553188970491,22.276309111140506,5.6404002008515475,3.7442718800858623,60.19067086328666,0.010482180155824139,3.334628779041343,0.4777037370102116,0.6252509018568823,466.28212673649176,0.4748095793880225,7.58238500427251,3.7006517994959665,1.3542184088169271,526.4727975997783,1.302297259228477,7.880912880182208,4.178355536506177,1.2773899520870848
c<E>r<48>R<SER>,134.11715545807212,1.382209781602703,3.7092978335324203,1.8123939926766504,0.605605849488325,58.736873245593316,2.293659126393037,5.23600223187575,3.455110190917254,0.6824728581291323,70.32104904743908,2.1950937118582816,4.649964163104608,3.7011078446020567,0.7704602349661387,144.1122741547847,1.3245924551965325,3.6240576059942895,1.5664377625520076,0.4586485710034246,157.662291482454,1.2282458159976932,3.3649139039134197,1.6772584200261065,0.5252779400358601,98.00338010224611,2.1950937118582816,4.205088681129412,2.6487400027634083,0.4556887233807998,167.70867043920174,1.2282458159976932,3.34965101296592,1.4973988432071583,0.3640452794038817,53.19945199166337,0.010849637642598609,4.010729170055656,0.5373682019359937,0.8399456968991805,444.0607844116136,0.4860768742601067,7.78117205723629,4.485462468804178,1.374750048491482,497.26023640327696,1.9152289574415713,7.837825163843677,5.022830670740172,1.369624594944232,17.539377672244946,0.015316231651869572,3.5525116377552024,0.8352084605830926,0.9240277698410144,147.99959592624708,1.3308748754807311,16.253285690712403,7.047599806011766,2.714029762670105,165.53897359849202,1.762863091504597,16.42090956267881,7.882808266594858,2.687099559616571,20.385658550370515,0.010062162026121868,2.3803186803891982,0.6576018887216295,0.6414409739685342,206.01696551832606,2.31837177604757,13.779992300873346,6.6457085651072925,1.9096567309283825,226.40262406869655,2.7148720948670038,15.624784559734184,7.303310453828921,2.0373979001446587,50.16050340665878,0.010482180155824139,4.010729170055656,0.45189642708701605,0.6866423911111142,468.6366414999008,0.4860768742601067,10.451276585464484,4.221951725224332,1.3482527385620542,518.7971449065595,1.7828563071799048,10.506113767271732,4.673848152311347,1.3172957419332034,62.013881025028134,0.01100656079430884,3.153980333840412,0.553695366294894,0.7144214816759384,403.75686122532665,0.4860768742601067,7.2910887518812615,3.604971975226131,1.054527849296432,465.77074225035483,1.9152289574415713,7.52655412858511,4.158667341521025,1.0432666877017966,30.545456103347128,0.010062162026121868,3.8367275595439683,0.5553719291517659,0.7958806993080983,259.4724438957459,1.3308748754807311,13.779992300873346,4.717680798104471,2.6799330030354245,290.0178999990931,1.762863091504597,15.342347866925028,5.273052727256238,2.7026204866849146,56.93916343035809,0.010482180155824139,2.8935626595952657,0.4744930285863174,0.6058676513214226,416.0322878150941,0.4860768742601067,7.570706848739974,3.466935731792451,1.2026047232362909,472.97145124545216,1.7828563071799048,7.708803405745007,3.941428760378768,1.1333498011148058
c<E>r<49>R<VAL>,114.48198070443411,1.382209781602703,4.200493154176247,1.8464835597489373,0.7220276256649978,55.1942376934924,2.293659126393037,6.957147285520265,3.6796158462328266,1.0968685240207183,68.54870358387535,2.4425179898309732,6.607042099211403,4.032276681404433,1.0346672808494384,129.24932257714218,1.3245924551965325,4.195807174725941,1.6570425971428484,0.6300426383786715,138.89831589064704,1.2282458159976932,4.200493154176247,1.736228948633088,0.6244716118022658,100.2852732082746,2.245824173727961,6.607042099211403,3.0389476729780185,0.9415346256049473,153.24128857560714,1.2282458159976932,3.807584172613659,1.5962634226625745,0.5230209989616399,48.009095925977675,0.014339273532198327,5.08532506047958,0.7620491416821853,1.116664664907884,308.1369288559197,0.4868089536487332,11.5428689249959,4.8910623627923755,1.9106759201316466,356.1460247818974,1.9152289574415713,11.725973822066804,5.653111504474562,1.9829079542028714,14.086740319090982,0.015316231651869572,3.5525116377552024,0.7414073852153148,0.8360346938021043,140.68175652786522,1.3308748754807311,18.005696219276615,7.404302975150801,3.558500432876216,154.7684968469562,1.762863091504597,18.122792430664425,8.145710360366115,3.5442080691374285,33.92154011791796,0.01628772607772433,9.02096570092246,1.6153114341865693,2.5472046518678657,202.27628268120725,2.31837177604757,22.639995922111666,9.632203937200345,5.950827090882749,236.19782279912522,2.7148720948670038,22.7810661767679,11.247515371386916,6.418931137246948,46.78635443445378,0.01094366586025508,5.08532506047958,0.5569804099339736,0.8821192611215234,391.90619543349794,0.4868089536487332,11.5428689249959,4.66554994563688,1.9408179202807458,438.6925498679517,1.7828563071799048,11.725973822066804,5.2225303555708535,1.9614146030009374,53.0150156403885,0.014339273532198327,4.905735567947254,0.688506696628422,0.9642546422915803,293.420752731874,0.4868089536487332,7.622818978135001,3.810659126387974,1.423264377817068,346.4357683722625,1.9152289574415713,10.068843629135067,4.499165823016396,1.5573112723368647,44.00632046788219,0.019107819839875972,7.899998918329487,0.9167983430808789,1.6972456110988194,248.62336414987521,1.3308748754807311,13.193934234901462,5.179653419789067,3.3451130458422456,292.6296846177574,1.762863091504597,17.96116951093847,6.096451762869946,4.12747527572108,50.760563672533436,0.01094366586025508,3.5860321562796926,0.5233047801292107,0.7234152372489386,359.2202492643348,0.4868089536487332,7.622818978135001,3.7033015388075756,1.4800425706229454,409.9808129368683,1.7828563071799048,8.749140217467506,4.226606318936787,1.5103233563352831
c<E>r<50>R<GLY>,94.66761885397987,1.3922679364175539,3.9688353069926094,1.9319922215097933,0.6817735561576393,42.79201562601693,2.293659126393037,4.542636220794434,3.2916935096936104,0.6752288717525656,63.87037592107438,2.4425179898309732,4.732943717691376,3.7570809365337867,0.6298176680687165,100.5292203662445,1.3245924551965325,3.8085416574618955,1.5957019105753096,0.51939140454494,117.86557998016934,1.2282458159976932,3.8085416574618955,1.75918776089805,0.5879747901033033,79.17556562765076,2.245824173727961,2.9848568064123784,2.5540505041177664,0.27873675472346365,122.88948763493485,1.2282458159976932,3.8085416574618955,1.5171541683325291,0.389582705184688,29.310532693483317,0.017034106047942643,3.6598570237822514,0.5862106538696663,0.8512692051715198,264.6240524695422,2.833292870255036,11.5428689249959,5.292481049390845,1.6432405947286752,293.93458516302553,2.8522385004453072,11.725973822066804,5.878691703260511,1.6413476092045973,8.641472143064362,0.015316231651869572,2.04220616152993,0.5760981428709575,0.550094051911927,93.3269964590661,1.3308748754807311,8.810790599575057,6.22179976393774,1.8192583434794312,101.96846860213046,1.762863091504597,9.382943568659954,6.797897906808697,1.8328585115758198,22.134103260143824,0.010062162026121868,7.800443290620715,0.819781602227549,1.4418488436365737,183.73203715416048,2.31837177604757,12.771915085594856,6.804890264968907,2.227339414276875,205.8661404143043,2.7148720948670038,12.972736677795192,7.624671867196456,2.3618244245855693,23.77680773903703,0.010617062925174281,2.3838839159243275,0.3657970421390312,0.5340881560188148,304.9723251121236,1.7573500968831013,11.5428689249959,4.691881924801901,1.654962394501312,328.7491328511606,1.7828563071799048,11.725973822066804,5.057678966940932,1.6463226375478197,37.22600998609577,0.018945630190271068,3.6657419888316447,0.5908890473983456,0.8011268318132018,242.83975796965024,1.4914735326619848,8.818195199799447,3.854599332851591,1.3453533306186123,280.0657679557461,2.153594007373852,9.200420179686073,4.445488380249937,1.2954683423086586,20.575456701019426,0.010062162026121868,3.1083767575214143,0.4472925369786832,0.5848317235125302,178.3374712952159,1.3308748754807311,7.870887817749463,3.876901549895998,1.5976298401528106,198.91292799623525,1.762863091504597,8.016406491245476,4.324194086874679,1.611927391344927,30.973328688887285,0.01094366586025508,1.9809333936857652,0.4622884878938401,0.5386173343692514,238.46385977208024,1.4914735326619848,8.818195199799447,3.5591620861504514,1.418289200592245,269.43718846096755,1.7828563071799048,8.893263404418843,4.021450574044292,1.2913705117447354
c<E>r<53>R<ILE>,69.63942947944737,1.5118703184022273,3.6021752543582872,1.8821467426877667,0.5683385869972299,36.723248239065,2.307271007472448,4.637495438121657,3.338477112642273,0.6242419264607737,42.48177184971093,2.1950937118582816,4.618547816538794,3.5401476541425776,0.8391425178474247,75.48130753872793,1.3245924551965325,3.546813865284883,1.5404348477291414,0.3961129669941813,85.45116596796169,1.228980900385663,3.546813865284883,1.7090233193592337,0.5248351095173984,60.83493084360313,2.1950937118582816,2.986913750621721,2.5347887851501305,0.2910159998878312,91.06314583974533,1.228980900385663,3.546813865284883,1.468760416770086,0.31644771557495693,18.961806471017447,0.011885960148308783,3.153980333840412,0.47404516177543615,0.6844071518845779,208.96819610114267,1.8851820886002315,9.27803162996679,5.224204902528567,1.4560176464245018,227.93000257216013,1.91893381248402,10.029278993290884,5.698250064304004,1.4839332116741202,9.043930799980444,0.08200276137327656,2.7976036661779347,0.8221755272709494,0.854973059894941,90.04892802186401,4.124958616020422,16.253285690712403,8.18626618380582,2.93209268661073,99.09285882184446,4.975732606409297,16.42090956267881,9.008441711076768,2.823900164942707,9.905139391336677,0.010062162026121868,2.1533684336010186,0.5826552583139222,0.5972392316221042,105.58570814345148,2.31837177604757,10.35535266138504,6.210924008438322,1.5439292370865594,115.49084753478816,2.7148720948670038,10.411585557242667,6.7935792667522445,1.4386968276379621,16.903980827860927,0.01094366586025508,1.9533578772242848,0.3841813824513847,0.4713316144434561,208.23814876662118,1.7573500968831013,10.451276585464484,4.7326851992413905,1.733312999958187,225.14212959448207,1.7828563071799048,10.506113767271732,5.116866581692775,1.779499986675841,24.150051186596613,0.020941382516899587,3.6657419888316447,0.6037512796649154,0.80095256744583,142.26798886701425,1.4914735326619848,7.2910887518812615,3.5566997216753564,1.2015417610149672,166.41804005361087,1.91893381248402,7.52655412858511,4.160451001340272,1.2237575509739789,16.78946401415157,0.010062162026121868,3.8367275595439683,0.5596488004717189,0.9229847486153455,118.05649394122952,2.090442702270593,8.321511617427007,3.9352164647076506,1.8323871223959778,134.8459579553811,2.490553188970491,8.470943689023535,4.49486526517937,1.9432460280261894,21.66281418520363,0.01094366586025508,2.8935626595952657,0.5037863764000844,0.633826607599425,144.76112291441058,1.4914735326619848,7.570706848739974,3.366537742195595,1.4371551516517531,166.4239370996142,1.7828563071799048,7.708803405745007,3.8703241185956787,1.407943951955531
c<E>r<54>R<THR>,106.05263298317242,1.382209781602703,3.546813865284883,1.7675438830528736,0.5011166620158638,50.21128966418949,2.651301640238697,5.23600223187575,3.5865206902992495,0.574693169534288,58.57226030226369,2.1950937118582816,4.649964163104608,3.660766268891481,0.8217959416413044,115.56444725702909,1.320192438901315,3.546813865284883,1.5408592967603878,0.36988769713261144,128.7421493601736,1.228980900385663,3.3649139039134197,1.6719759657165405,0.4940459660720302,82.80202789166037,2.1950937118582816,4.205088681129412,2.6710331577954958,0.42534605251185925,137.60158002788978,1.228980900385663,3.34965101296592,1.4956693481292367,0.3309397695734263,40.920250715122215,0.010849637642598609,4.09845524879559,0.6495277891289241,1.0173715176804885,283.0591875154293,0.4868089536487332,7.78117205723629,4.493002976435386,1.3974331154209452,323.9794382305516,1.91893381248402,7.837825163843677,5.14253076556431,1.3858799090930887,21.25028667270667,0.10193635521418543,9.54673343975232,1.328142917044167,2.313394030456789,155.0897330498728,4.124958616020422,17.95642752516784,9.69310831561705,4.558343070108957,176.34001972257948,4.975732606409297,18.15903588840405,11.021251232661218,4.446269826224112,16.714270564370594,0.010062162026121868,3.089464217123396,0.6685708225748237,0.8358376804159443,163.98418065474243,2.31837177604757,10.35535266138504,6.559367226189697,1.5704591499704093,180.69845121911302,2.7148720948670038,10.411585557242667,7.227938048764521,1.5018780500303457,37.29110201616394,0.01094366586025508,4.081742660600449,0.5252267889600555,0.836180381809977,296.2811905455951,0.4868089536487332,10.451276585464484,4.1729745147266915,1.4697087013289882,333.57229256175896,1.7828563071799048,10.506113767271732,4.698201303686746,1.4446890129490233,47.99360328149668,0.01100656079430884,3.153980333840412,0.6574466202944751,0.8388616808125398,255.73790914906482,0.4868089536487332,7.2910887518812615,3.5032590294392443,1.082638467407293,303.7315124305615,1.91893381248402,7.52655412858511,4.160705649733719,1.097588888786685,25.67902581720942,0.010062162026121868,5.802184533368802,0.6757638372949848,1.2362105074059526,170.06822657720204,2.149370842400458,12.397582256370697,4.475479646768474,2.2630706717594133,195.74725239441145,2.490553188970491,13.078741172832565,5.1512434840634596,2.597499390928869,42.78197015098047,0.01094366586025508,2.8935626595952657,0.5347746268872559,0.6942379999791944,271.07524602242,0.4868089536487332,7.570706848739974,3.3884405752802502,1.2576840984926447,313.8572161734005,1.7828563071799048,7.708803405745007,3.923215202167506,1.2155938275576288
c<E>r<55>R<ASP>,86.73633054250348,1.3548289767120425,3.5672464421906347,1.9274740120556328,0.6788522750451272,36.21782361624155,2.142336114709801,4.879009391435576,3.621782361624155,0.6324598022430722,52.870967569327085,2.1950937118582816,4.783856677897407,3.7764976835233632,0.8745750803742197,92.79395650321652,1.320192438901315,3.546813865284883,1.6570349375574378,0.5713919764209037,106.85330442307252,1.228985645965306,3.5672464421906347,1.7808884070512085,0.6514892358757735,70.08484966231514,2.142336114709801,4.783856677897407,2.8033939864926056,0.7093532789245981,113.15704440677641,1.228985645965306,3.546813865284883,1.5937611888278367,0.5456222038599896,28.309005090465895,0.010849637642598609,4.191705868617852,0.5444039440474211,0.9981268795581001,224.35625862570555,0.4868089536487332,7.78117205723629,4.314543435109722,1.4483764916669688,252.66526371617144,1.3346928363906998,7.837825163843677,4.858947379157143,1.5504118843899863,6.460125908909537,0.10193635521418543,1.493824334644695,0.7177917676566152,0.4948327614298096,56.41339860958465,4.070180345082235,8.810790599575057,6.268155401064961,1.4361087620214916,62.873524518494186,4.889011497460956,9.143968569081654,6.985947168721577,1.3556113839989905,13.10778652379351,0.022636253988461696,3.089464217123396,0.7282103624329728,0.8607351108114444,115.62033326254527,5.325027292541563,8.949822289024496,6.423351847919182,1.0639331040398194,128.7281197863388,5.347663546530025,9.107943869027869,7.1515622103521554,1.021105043023043,25.897843767010123,0.01094366586025508,3.4957316628681188,0.5285274238165332,0.8297603333784027,198.02692267564498,0.4748095793880225,10.451276585464484,4.041365768890714,1.5723615345929636,223.9247664426551,1.302297259228477,10.506113767271732,4.569893192707247,1.5655077963124304,34.70227537517207,0.01100656079430884,3.917050455440589,0.5688897602487225,0.8277676306940022,222.76425338189944,0.4868089536487332,7.2910887518812615,3.6518730062606464,1.1825520092129178,257.4665287570715,1.3346928363906998,7.5528682981034345,4.2207627665093685,1.2571792370411279,20.479772788632587,0.019107819839875972,3.4975516843869316,0.7314204567368782,1.0215781244795556,154.32351029389667,2.149370842400458,12.397582256370697,5.511553939067738,2.73639513652027,174.80328308252928,2.490553188970491,13.078741172832565,6.242974395804617,2.746692441687418,31.37967438482076,0.01094366586025508,3.334628779041343,0.5410288687038062,0.7491757925368124,198.7418000483314,0.4748095793880225,7.570706848739974,3.4265827594539897,1.3182310706814624,230.12147443315214,1.302297259228477,7.708803405745007,3.9676116281577958,1.2963000946779597
c<E>r<56>R<GLN>,89.43349278360284,1.3548289767120425,3.2933308394816296,1.8251733221143438,0.5544636764241919,40.584521449700425,2.142336114709801,4.879009391435576,3.382043454141702,0.6888297844717685,57.88735397701886,2.1950937118582816,4.783856677897407,3.8591569318012575,0.7322215827601393,96.87829910525294,1.320192438901315,3.2933308394816296,1.5625532113750473,0.4309065305644519,111.32146648411782,1.228985645965306,3.3151699522077216,1.712637945909505,0.5732658726108086,75.32081284319383,2.142336114709801,4.783856677897407,2.6900290301140655,0.6034156229617221,118.32383823789216,1.228985645965306,3.2933308394816296,1.5169722851011815,0.4309939499456678,30.729701979704103,0.010849637642598609,4.93963158580268,0.5587218541764383,0.9963381496486822,221.3534763816226,0.4868089536487332,8.62348493657305,4.024608661484048,1.519410810148841,252.0831783613267,1.3346928363906998,8.76636470001717,4.583330515660485,1.6171744292899186,9.642655973500686,0.03234689620576603,1.9953715534733405,0.6887611409643347,0.6469172567912204,102.53059973303519,4.070180345082235,15.900264832332041,7.323614266645371,3.407125312796728,112.17325570653588,4.889011497460956,15.932611728537807,8.012375407609706,3.1189769847275524,16.83622304320843,0.022636253988461696,3.089464217123396,0.8861170022741279,0.9466321710595327,129.6362384511981,5.325027292541563,10.470076557668847,6.82295991848411,1.2994487106308212,146.47246149440653,5.347663546530025,13.161516793688115,7.709076920758238,1.5902933598792852,29.04363514883319,0.013058939517696988,3.61323127085352,0.5186363419434498,0.805615838259169,203.65035558600619,0.4748095793880225,5.611598632912319,3.6366134926072533,1.1854372423156296,232.6939907348394,1.302297259228477,6.779665641708371,4.155249834550704,1.2410110456054158,37.229559967961166,0.010956785842387795,3.4494749109353,0.5243599995487488,0.783207369914989,250.20273836157364,0.4868089536487332,6.56641345605567,3.523982230444699,1.1080681510988921,287.4322983295348,1.3346928363906998,6.643167883853539,4.048342229993447,1.1408090833320979,23.15198438304861,0.011408493233833639,3.524927767953855,0.6431106773069059,1.0334872539366855,166.32663239907905,2.042842463703437,8.949822289024496,4.620184233307751,1.9919206297966487,189.4786167821276,2.490553188970491,9.107943869027869,5.263294910614656,1.9378059371480085,35.36470520164047,0.010956785842387795,3.4494749109353,0.5440723877175456,0.7611893769415976,204.30184122165812,0.4748095793880225,5.721321178665903,3.143105249563971,1.0798566512899914,239.66654642329857,1.302297259228477,6.546104833647551,3.6871776372815166,1.1040182679971362
c<E>r<57>R<GLY>,95.35048739869858,1.3548289767120425,3.2930647773108515,1.7336452254308832,0.4640900278099709,44.08890263261839,2.142336114709801,4.879009391435576,3.391454048662953,0.662608650761231,57.546355489391026,3.204212526357175,5.411895886460855,4.11045396352793,0.5926584728867498,104.24876245589658,1.320192438901315,3.2930647773108515,1.5108516297956027,0.30332380794405217,116.12770953453955,1.2273650430427168,3.4591099537547327,1.6589672790648506,0.5016778331999463,78.32449761112608,2.142336114709801,5.0444357371938136,2.7973034861116455,0.7739413227154177,124.0768673751999,1.2273650430427168,3.2930647773108515,1.4771055639904749,0.3069753310346542,28.089057154780747,0.010849637642598609,3.4528601014976195,0.5107101300869227,0.8068797885226983,228.14134815262003,0.4868089536487332,7.663681754814206,4.1480245118658186,1.4428793142458296,256.23040530740076,1.3346928363906998,7.78878127665765,4.658734641952741,1.3998789709070603,10.066246184453647,0.03234689620576603,1.9953715534733405,0.6291403865283529,0.6274339231954283,117.31098803496164,4.070180345082235,15.900264832332041,7.331936752185102,3.196012972746116,127.37723421941529,4.889011497460956,15.932611728537807,7.961077138713455,2.926661466384909,16.900236945539355,0.11292999751359112,2.691440236019268,0.9941315850317267,0.8816959632392671,118.53562158768437,5.635515834465195,10.470076557668847,6.972683622804963,1.2570806815621542,135.43585853322372,6.327947603260818,13.161516793688115,7.96681520783669,1.5758597199797422,28.509139596561653,0.013058939517696988,2.8373376769776506,0.48320575587392633,0.6580680819532237,226.07562456233086,0.4748095793880225,6.3827112843284795,3.831790246819167,1.2439297982481596,254.5847641588925,1.302297259228477,6.397511107804859,4.314996002693094,1.1836874728010163,36.883011377712776,0.010956785842387795,2.7489194078902415,0.49841907267179425,0.6615713730065642,269.0329764137177,0.4868089536487332,13.723739567722532,3.6355807623475362,1.6023700846430462,305.9159877914305,1.3346928363906998,13.783813889049227,4.133999835019331,1.551692467132753,21.40654023953637,0.011408493233833639,3.4975516843869316,0.5221107375496675,0.8811146518259828,200.15331441565522,2.042842463703437,8.949822289024496,4.881788156479396,2.127125537932053,221.5598546551916,2.8283753461166476,9.107943869027869,5.403898894029063,2.0179165375582198,34.78054281992322,0.010956785842387795,2.7489194078902415,0.4764457920537427,0.6094357143711016,250.2415013550564,0.4748095793880225,13.723739567722532,3.427965771987074,1.6379357636321608,285.0220441749796,1.302297259228477,13.783813889049227,3.904411564040817,1.5477925391919751
c<E>r<58>R<GLU>,69.62142707240109,1.4928828816298898,3.5277468610373415,1.7851647967282331,0.5153161657685407,28.97412759866553,2.7117570764002004,6.346447712708814,3.621765949833191,1.1295517091077585,36.35719856418966,2.196759740000257,5.155961537205927,4.039688729354406,0.8202765125797412,74.81526894477848,1.326620399173862,3.5277468610373415,1.5586514363495516,0.39330234648960877,81.6627346709158,1.2273650430427168,3.2930647773108515,1.6665864218554245,0.48972336953454293,52.089969730203364,2.196759740000257,5.0444357371938136,2.8938872072335204,0.8898511954681381,86.35923679158356,1.2273650430427168,3.2930647773108515,1.4889523584755786,0.31334206666032743,17.395038629162606,0.012103896247919188,3.207984718375494,0.5435949571613314,0.8142161321682776,147.01998588584848,1.4598554270096429,6.911533130645921,4.594374558932765,1.2391647924291491,164.41502451501108,1.5784797267640034,6.9558739324302845,5.137969516094096,1.242947072954402,5.501246669792609,0.06752612149713322,1.9803339683839063,0.7858923813989441,0.7239515992007679,51.37687985296793,5.47600916041597,11.127809544990669,7.3395542647097045,1.9070276220479383,56.87812652276054,6.305953184957191,13.108143513374575,8.125446646108648,2.1908288595144247,8.185854824441027,0.020056861786656555,2.4099692628354816,0.9095394249378919,0.8365995076046777,71.78958487677136,5.859379296482302,15.117080066286292,7.976620541863484,2.869806548861293,79.9754397012124,6.692272941858695,15.137136928072948,8.886159966801378,2.575176134397091,15.930721894216322,0.012103896247919188,2.0871343090254406,0.4084800485696493,0.5630282287185431,168.23700637900083,0.5793075771562144,6.3827112843284795,4.313769394333355,1.1351236928433475,184.16772827321716,1.5156952888559134,6.5127676752253585,4.722249442903005,1.1208151975851433,20.628941145519704,0.010956785842387795,3.250896895280002,0.4688395714890842,0.7127822996561751,180.04676946142143,1.4598554270096429,13.723739567722532,4.091972033214123,1.8827119815487796,200.6757106069411,1.5784797267640034,13.783813889049227,4.560811604703207,1.8072507915697624,13.343854646146807,0.016607898792678544,3.273570913098645,0.5337541858458723,0.881531341799883,132.32180457689034,2.042842463703437,11.127809544990669,5.292872183075613,2.3420225360093547,145.66565922303715,2.8283753461166476,11.16420890691304,5.826626368921486,2.4804285366365653,19.699503232345613,0.010956785842387795,3.2737698811279277,0.43776673849656916,0.6846726444263408,179.97646130927285,0.5793075771562144,13.723739567722532,3.999476917983841,1.9383269166544848,199.67596454161844,1.5156952888559134,13.783813889049227,4.43724365648041,1.8487435440347941
c<E>r<59>R<VAL>,98.11468662617496,1.3548289767120425,3.7048048896577277,1.8169386412254622,0.5543003360758836,55.41281082559801,2.142336114709801,6.346447712708814,3.259577107388118,0.9832527807388,49.44475197927659,2.196759740000257,5.242004729112797,4.120395998273049,0.8104427599424405,111.26993473965129,1.320192438901315,3.278530690775461,1.5454157602729346,0.3706630860722018,115.95685884297342,1.2273650430427168,3.7048048896577277,1.730699385716021,0.5615189825694953,84.52041807599038,2.142336114709801,5.0444357371938136,2.8173472691996793,0.761468022067447,128.54377720839534,1.2273650430427168,3.005467464979818,1.5122797318634746,0.36038738816959975,31.67641275505601,0.012103896247919188,3.1593786603371186,0.5656502277688573,0.6802974369546821,244.14557186860316,0.48857839659127933,6.911533130645921,4.359742354796485,1.3210042638360977,275.8219846236592,1.3346928363906998,6.9558739324302845,4.925392582565343,1.2799788147316542,16.574054614709922,0.029413389530702716,2.3562987687972097,0.7892406959385677,0.7803764633082129,213.77105769992266,1.3251566843262594,18.74920044305907,10.179574176186794,5.370662312153584,230.34511231463264,1.7623499442465764,18.966534499834378,10.968814872125364,5.297585335602823,11.956093287021165,0.017097856328469163,2.691440236019268,0.9196994836170127,0.9161202551610869,125.40181109937767,3.984215378162446,18.768153329071524,9.64629316149059,4.690326050600418,137.35790438639884,4.792646325305553,18.785251185399993,10.565992645107602,4.388027152077446,36.01673098645369,0.012103896247919188,2.6351195701098176,0.5457080452492983,0.6887498624021328,282.20558473736577,0.4748095793880225,15.596753554271384,4.275842192990391,1.8613670435562688,318.2223157238195,1.302297259228477,15.662477223299387,4.8215502382396895,1.7701864951167496,39.24224995352522,0.010956785842387795,3.250896895280002,0.5527077458242988,0.685782464199789,259.53023479361644,0.48857839659127933,5.981463632194618,3.6553554196284006,1.121919595818646,298.7724847471417,1.3346928363906998,6.440217041201338,4.2080631654527,1.1328057286828435,28.978987297983597,0.011408493233833639,7.694373874099195,0.6899758880472285,1.3689288306868002,210.4743244518148,1.3251566843262594,11.127809544990669,5.011293439328924,2.4135034733603042,239.45331174979836,1.7623499442465764,14.564027269109427,5.701269327376151,2.845962103826485,42.20735178747208,0.010956785842387795,3.2737698811279277,0.5627646904996277,0.7217450924507229,259.27000610310876,0.4748095793880225,6.361582976669524,3.4569334147081165,1.1677143267985004,301.4773578905808,1.302297259228477,6.5629082686165505,4.019698105207744,1.1322117443155493
c<E>r<60>R<PRO>,93.3795715242367,1.3548289767120425,3.606456477069934,1.8309719906713078,0.5656497058038491,47.247393559699525,2.142336114709801,4.879009391435576,3.374813825692823,0.679170979524478,53.214957749579355,3.3151699522077216,5.242004729112797,4.093458288429181,0.5668778754200197,101.52291210416365,1.320192438901315,3.606456477069934,1.5382259409721766,0.4195840765644183,110.72076736586568,1.2292247057260621,3.606456477069934,1.7033964210133181,0.5554638042573161,76.3296818658249,2.142336114709801,5.242004729112797,2.7260600666366033,0.7308070213542952,118.50986911874739,1.2292247057260621,3.606456477069934,1.4813733639843423,0.379810542113501,26.98598489631261,0.010849637642598609,3.1593786603371186,0.5622080186731794,0.6987980314177278,195.4897539705803,0.48857839659127933,7.601940217210515,4.072703207720423,1.3486392873157171,222.4757388668929,1.3346928363906998,7.632154196590301,4.634911226393602,1.2979819107223727,11.532290689360302,0.03234689620576603,3.5605546068735485,0.8870992837969462,0.986695551894733,93.91979981055268,4.070180345082235,15.900264832332041,7.224599985427129,3.5931665348938466,105.45209049991297,4.889011497460956,15.932611728537807,8.111699269224074,3.2396489595755935,12.97809948610157,0.017097856328469163,2.691440236019268,0.8111312178813481,0.7412478981768443,131.11963176210187,3.984215378162446,18.768153329071524,8.194976985131367,4.042787744034465,144.09773124820344,4.792646325305553,18.785251185399993,9.006108203012715,3.897796593073352,27.612239302523243,0.013058939517696988,2.551058848571561,0.5209856472174197,0.608769730359668,203.5980701390602,0.4748095793880225,6.408907405340244,3.8414730214917023,1.2311663598690048,231.21030944158343,1.302297259228477,6.5345336465874215,4.362458668709121,1.1490366590053636,33.74690577915748,0.010956785842387795,2.3100723103440437,0.4753085321008096,0.5977510629359659,250.72986725479015,0.48857839659127933,7.601940217210515,3.5314065810533823,1.1448140410032153,284.4767730339476,1.3346928363906998,7.632154196590301,4.006715113154192,1.1241393616774484,19.400782327860863,0.011408493233833639,3.524927767953855,0.4974559571246375,0.800849985068836,175.2314546120313,2.042842463703437,9.071210570437454,4.493114220821316,1.900159772813406,194.63223693989215,2.8283753461166476,9.506756038369105,4.990570177945953,1.8880367184017024,33.10500576434031,0.010956785842387795,2.538900226796149,0.47978269223681613,0.5807798093677022,227.02432651234363,0.4748095793880225,6.408907405340244,3.290207630613676,1.1202718053979823,260.12933227668395,1.302297259228477,6.5345336465874215,3.769990322850492,1.0614234099400774
c<E>r<62>R<GLY>,85.41148720828963,1.3826021619884876,4.370046463727957,1.9863136560067356,0.8124923930230773,46.097963758451144,2.7117570764002004,5.210759465469823,3.8414969798709286,0.8399406978022823,45.946256226048085,3.0742608006508854,5.819214311416143,4.176932384186189,0.7911368542404749,93.71963644273589,1.3217544496092102,3.8324238407397764,1.6735649364774265,0.6193547752074245,102.12619370106538,1.2281158837056791,4.071973285062274,1.8568398854739159,0.7853415600786705,68.9794283750523,2.2439524794001544,5.763941381892636,2.874142848960512,0.77040620371527,109.12649434951739,1.2281158837056791,4.071973285062274,1.6048013874929028,0.5585493917496128,21.605405274131897,0.0270223912712364,4.051429175727506,0.7201801758043965,0.8608952194030417,154.5368836050275,0.48857839659127933,11.583703917506035,5.151229453500917,2.1790408632063287,176.1422888791594,1.9147113234975812,11.684464647741049,5.8714096293053135,2.193151599790315,8.836666436451473,0.054643294334437265,2.402549951048057,0.8033333124046794,0.8397012765605977,93.30976695080506,5.4591998190926265,11.80000564773799,8.482706086436822,2.1010735090511563,102.14643338725652,5.7712190535789585,12.127932082537441,9.286039398841503,2.2732402736712274,11.232762475571413,0.02536733876839925,2.3202092623113364,0.936063539630951,0.6918556810425595,87.60590610814347,3.984215378162446,12.401243549702077,7.300492175678623,2.3671503230205753,98.83866858371488,4.792646325305553,13.55547501374339,8.236555715309573,2.5120818960975355,25.08701072734815,0.012514873382758473,4.906350985401911,0.7378532566867103,1.160118482781484,150.28920959614425,0.48857839659127933,15.871013468251412,4.42027087047483,2.4618543647748,175.3762203234924,1.5156952888559134,16.28749697093781,5.158124127161541,2.588357451147896,29.996173838337477,0.011597121781685704,3.5706713527134175,0.5356459613988835,0.8039454087402624,256.55317216236574,0.48857839659127933,15.080807950771007,4.5813066457565315,2.418482184379804,286.5493460007032,1.9147113234975812,15.092668073812824,5.116952607155414,2.3313663295454057,17.732457385349615,0.011408493233833639,6.313796316261016,0.5910819128449872,1.143851923655885,171.1400547269913,2.2201785978461572,12.401243549702077,5.70466849089971,2.9863035097055812,188.8725121123409,2.644937033607845,12.64873462362534,6.295750403744696,3.0630236083542424,29.537531812792924,0.011597121781685704,4.299899572260955,0.5469913298665356,0.8429475512287408,208.11850491635678,0.48857839659127933,12.401243549702077,3.8540463873399404,1.9655304067774289,237.6560367291497,1.5156952888559134,12.599244492830906,4.401037717206476,2.093608190836839
c<E>r<79>R<SER>,78.12393243709013,1.5151937530380781,4.956445130610958,2.003177754797183,0.8302877683289467,31.71692796665468,2.78971202142998,4.953778700953339,3.5241031074060754,0.6401258477649939,51.7508972169478,3.051995026749532,4.6433379360021725,3.696492658353414,0.4801342397537699,81.09364734006903,1.3253427706011653,3.818990703252808,1.6549723946952863,0.6338346542870187,97.25254048278462,1.2281158837056791,4.133716836261045,1.8009729719034189,0.66141155483302,62.406928014007946,2.244784293929367,3.2221450553152335,2.600288667250331,0.31682328256846004,99.88641465678299,1.2281158837056791,3.753791935747366,1.5607252290122342,0.4668637823922747,16.397812505046595,0.010326696231256705,1.8820874130858218,0.4431841217580161,0.499057302223721,220.00851627842366,4.110673199548785,11.583703917506035,5.9461761156330715,1.6018259324223483,236.40632878347023,4.2443589591345035,11.763328202424692,6.389360237391087,1.5390033426160599,7.156052702209731,0.02695579354728217,3.8602304672301333,0.7156052702209731,1.0954414788996945,73.16427480863891,4.327350073242201,10.5491219444358,7.316427480863891,2.055539402289002,80.32032751084864,4.812930128287864,10.791618587162269,8.032032751084865,2.013768112322813,18.941448058299258,0.016720314688285498,5.318057158301185,0.8235412199260547,1.0949197006260538,145.0580539295293,4.032306339901481,9.593524670924538,6.306871909979535,1.5057728421907097,163.99950198782858,4.881906247352665,11.110918310911083,7.13041312990559,1.523544983422538,13.837336074423146,0.010172066188977702,2.6725515007770255,0.39535245926923274,0.5417912385806455,178.75267557345904,3.6718681237676547,8.520918124585133,5.10721930209883,1.0070944621156506,192.59001164788216,4.1857846947328765,8.536309649731159,5.502571761368062,0.9967826677849764,23.77351967063098,0.010479339075078364,3.374309763441837,0.41707929246721015,0.6437087761925809,253.54097218331268,1.9098229181891497,9.658030850382278,4.448087231286188,1.7653149012132558,277.3144918539436,2.055270628469365,9.680275317050121,4.8651665237533965,1.7099060365147523,20.809894402482946,0.012847818644573294,4.929393064376825,0.5945684114995128,0.9900815285891207,138.434473403932,2.177975814183185,10.616830034223526,3.9552706686837715,1.953052203266598,159.2443678064149,2.7409015988957526,10.629677852868099,4.5498390801832835,2.018054903841483,21.64728972174031,0.010172066188977702,2.5842165103498784,0.43294579443480624,0.6320206836818202,201.5023168573193,1.900298860156056,8.525914211347551,4.030046337146386,1.5201535551714027,223.1496065790596,2.055270628469365,8.55128155011595,4.462992131581192,1.4500813314300824
c<E>r<80>R<ALA>,119.73203811379001,1.4905424252205781,4.788921217471977,1.9311619050611293,0.7448124425856003,58.42509215514283,2.6730555344145577,4.953778700953339,3.4367701267731077,0.609836828313942,66.10928357359711,3.051995026749532,4.972935666048823,3.888781386682183,0.5382086181285453,130.41493669775744,1.3253427706011653,3.692361923363577,1.630186708721968,0.5316671934546837,144.47806008761077,1.2281158837056791,4.22490791983077,1.8059757510951346,0.6955017578904601,91.64094442624362,2.244784293929367,3.412718763386433,2.6183126978926747,0.3192691010040697,153.78447202969244,1.2281158837056791,3.458745042627407,1.569229306425433,0.455939064786813,47.41651529715175,0.010326696231256705,3.7997788753789195,0.6157988999630097,0.7646698212722316,381.6334492196491,1.4596332124639169,11.583703917506035,4.956278561294144,1.347632047187755,429.04996451680074,1.5775146170252974,11.763328202424692,5.572077461257153,1.323460670411966,17.777675839511367,0.02695579354728217,4.85022392267238,0.9876486577506315,1.302406624012349,131.9512785303956,4.327350073242201,10.5491219444358,7.330626585021978,1.78422865156465,149.72895436990694,4.812930128287864,10.791618587162269,8.318275242772607,1.890404096249244,17.152977724402767,0.01801898199246388,1.9579625182003149,0.6597299124770295,0.582097062085198,176.70770353809652,4.032306339901481,13.213268445202488,6.796450136080636,2.0419178337697628,193.8606812624993,4.881906247352665,13.81044504344419,7.456180048557665,1.9267674233906482,43.828875531744465,0.010172066188977702,3.5807736281196796,0.4980554037698235,0.718179897071502,404.7213141055861,0.5795821794112983,8.520918124585133,4.599105842108933,1.100954122944206,448.55018963733056,1.5113442154540948,8.536309649731159,5.097161245878756,1.083577702821061,55.5803334668699,0.010479339075078364,3.283529192033308,0.5243427685553764,0.7565298271847067,427.47826183556333,1.4596332124639169,9.296287035038358,4.032813790901541,1.240442801131813,483.0585953024332,1.5775146170252974,9.330669451902295,4.557156559456917,1.2751972346349996,27.774364153086097,0.012847818644573294,3.427149677522821,0.5786325865226271,0.845188354870209,215.05510134219006,1.9986346798561323,10.616830034223526,4.4803146112956265,2.2412163741652966,242.82946549527617,2.5357484663795526,10.629677852868099,5.058947197818253,2.3004459708849097,53.53969898978518,0.010172066188977702,3.283529192033308,0.5099018951408112,0.7511578959643952,401.32588095486426,0.5795821794112983,8.525914211347551,3.8221512471891836,1.2223817713338505,454.8655799446495,1.5113442154540948,8.55128155011595,4.332053142329995,1.2210282459128463
c<E>r<81>R<ALA>,90.51855627961956,1.4313248332623818,4.316004262422265,2.0115234728804348,0.803701487903087,45.38438468210627,2.6730555344145577,4.953778700953339,3.491106514008175,0.6687693908641277,66.07907699480576,2.1932212703672067,4.50509422391039,3.477846157621356,0.5357597495448464,99.91968515414241,1.3274912977621085,4.316004262422265,1.6935539856634307,0.6983280654243433,115.91976404769325,1.2267995261767057,3.623315704395238,1.783380985349127,0.6396533209175528,85.92920284856787,2.1932212703672067,3.2221450553152335,2.60391523783539,0.3077083609373425,124.28587733702223,1.2267995261767057,3.623315704395238,1.5732389536331928,0.48821126426315764,26.600931454114153,0.010326696231256705,2.261668697285632,0.5019043670587576,0.5666233506659947,268.5430420720821,1.4596332124639169,7.047414358917889,5.066849850416643,1.0866004333535286,295.14397352619625,1.5775146170252974,7.457341684145224,5.568754217475401,1.095452144011986,11.430828191919144,0.02695579354728217,4.85022392267238,0.9525690159932619,1.31157216283635,91.32161236428068,4.327350073242201,10.5491219444358,7.610134363690057,1.9715706775680855,102.75244055619984,4.812930128287864,10.675681357560357,8.56270337968332,1.9904922062410444,22.449217414415756,0.01801898199246388,4.689105757195278,0.7483072471471919,0.9660950425332181,188.19682151051643,2.7946332258447057,14.432591654846417,6.2732273836838806,1.9259542189363865,210.64603892493218,2.8311549087639287,14.519452758076607,7.021534630831073,1.8806123792574423,27.33411566503274,0.010172066188977702,2.6826898225212616,0.4712778562936679,0.6529373801143346,269.1845978316868,0.5795821794112983,8.23873877808893,4.641113755718738,1.2174605550285136,296.5187134967196,1.5113442154540948,8.361167476293978,5.1123916120124075,1.2398900523701748,35.216961449374516,0.012163189943876773,2.696469086737796,0.4347773018441298,0.5862956163544255,314.8340908032204,1.4596332124639169,7.047414358917889,3.886840627200252,1.1728573901560981,350.05105225259496,1.5775146170252974,7.457341684145224,4.321617929044383,1.1352774805394423,22.294353721052378,0.014140109165636794,5.479700979845125,0.506689857296645,0.9268822447200357,166.18718111752634,1.9986346798561323,9.197185788888053,3.7769813890346895,1.7783820690194518,188.48153483857874,2.4417632035559276,9.212179040406593,4.283671246331335,1.8102609033589252,35.81076348510794,0.010172066188977702,3.151046604886007,0.46507485045594726,0.6588189053587937,277.28885683487164,0.5795821794112983,7.047414358917889,3.601153984868463,1.309303311416276,313.09962031997964,1.5113442154540948,7.457341684145224,4.066228835324411,1.259305281065417
c<E>r<82>R<PRO>,90.31022136416,1.4905424252205781,5.941398334233051,1.9632656818295653,0.855917243837228,31.66705080082085,2.6730555344145577,4.82719688220316,3.5185612000912054,0.7047010840141895,53.246391240861556,2.1932212703672067,4.50509422391039,3.549759416057437,0.5958836142413877,94.77068642832327,1.3274912977621085,5.941398334233051,1.6923336862200584,0.7781726720461261,110.24860711667625,1.226375596441245,5.872866785122818,1.7782033405915525,0.7351224239246379,65.16585196000086,2.1932212703672067,2.9622436469560203,2.6066340784000346,0.27921089962946966,113.99687942119621,1.226375596441245,5.872866785122818,1.5832899919610586,0.6246911421544855,25.777650235417155,0.014973815182484085,3.3044616634769,0.5858556871685717,0.735033927421647,219.52168180889123,1.4596332124639169,11.227989093414465,4.989129132020255,1.6491843857283754,245.29933204430836,1.5775146170252974,11.908741032335428,5.574984819188827,1.7052509490839043,8.833911207895543,0.09903529991378868,4.483591570556605,1.261987315413649,1.437965999301449,54.767583075162236,5.285743536878783,10.322654800368369,7.823940439308891,1.8036284599235042,63.60149428305778,6.107966021147156,10.675681357560357,9.08592775472254,1.7962587194376345,14.910097918788628,0.01801898199246388,4.809058664403732,0.6482651269038534,0.9957564690327313,150.57620899230676,2.7946332258447057,14.432591654846417,6.546791695317685,2.390485508299264,165.48630691109537,2.8311549087639287,14.519452758076607,7.195056822221538,2.340611518440475,24.33882342457362,0.011708346697598238,2.701954238744243,0.5660191494086888,0.7330925521863583,194.67554721292277,0.5795821794112983,11.227989093414465,4.527338307277273,1.723594536098756,219.01437063749646,1.5113442154540948,11.908741032335428,5.093357456685964,1.808987591285173,29.713510125745124,0.012163189943876773,2.4187337715597064,0.41268764063534896,0.5681338682525967,273.6136321462611,1.4596332124639169,9.436672708426606,3.800189335364738,1.373840936084585,303.3271422720063,1.5775146170252974,10.14010283370224,4.2128769760000875,1.367698263792328,13.858760215760597,0.025104853026593155,4.441598200976236,0.5330292390677153,0.8775038752685878,96.828098494201,1.9986346798561323,8.196696737357627,3.724157634392346,1.5481837496337452,110.6868587099616,2.4417632035559276,8.277067825397168,4.2571868734600615,1.7104051456812008,28.097398541650264,0.012163189943876773,3.151046604886007,0.4322676698715425,0.6480845264810517,228.58117172348048,0.5795821794112983,9.436672708426606,3.516633411130469,1.5233960775781663,256.67857026513076,1.5113442154540948,10.14010283370224,3.9489010810020115,1.516569241834187
c<E>r<83>R<SER>,52.44642280248307,1.4905424252205781,3.952505418254304,1.8730865286601097,0.62396270171789,34.18911535296659,2.289869205834506,4.953778700953339,3.418911535296659,0.9906631135712797,37.55877475619157,2.5860751043242747,4.0113455825891275,3.414434068744688,0.4844672760764836,60.941986673913355,1.3262370389171434,3.5910317333088537,1.5626150429208552,0.45442516430127283,71.98823703451578,1.2267995261767057,3.5902509648826695,1.7997059258628945,0.623071862614917,57.338513382703255,2.2384707636955463,3.0531400097254773,2.606296062850148,0.2814288909214529,79.52019636583618,1.2267995261767057,3.0531400097254773,1.5592195365850232,0.43166668291802335,8.415445264579702,0.017392180974024285,1.397236544913019,0.40073548878950965,0.39994385712023306,98.83281283647851,1.4596332124639169,6.34232838197447,4.706324420784691,1.2717825687727018,107.24825810105823,1.5775146170252974,6.613344841983416,5.107059909574201,1.3431368298806057,5.439053815063675,0.27361935452583275,1.4897046867771842,0.6798817268829593,0.42752710891285,50.47836046975726,1.330082857452453,9.63522131265032,6.309795058719658,2.3513584366195532,55.917414284820936,1.7637301795500409,10.278646887818425,6.989676785602617,2.5859550751199825,8.085259820905218,0.01801898199246388,1.4769799007137614,0.5053287388065761,0.48137201337397395,101.00663399515834,4.532099277195049,8.465813800547615,6.312914624697396,1.25888526453114,109.09189381606356,4.557204130221642,8.675125529006378,6.8182433635039725,1.1791138408894075,9.565670286543888,0.012514873382758473,2.254026249230291,0.3679103956363034,0.5461064066872663,104.83685016611197,0.5795821794112983,4.994963030948883,4.03218654485046,1.0952717855499263,114.40252045265586,1.5113442154540948,6.315307268414797,4.400096940486764,1.1620104402479827,19.00241815416613,0.0161207165058439,2.2655104560258117,0.41309604682969847,0.5898265463092762,165.99194420175922,1.4596332124639169,5.572648892813792,3.6085205261252007,0.9860862791987136,184.99436235592538,1.5775146170252974,5.932738950899068,4.021616572954899,1.041422452874757,15.787128687493105,0.025104853026593155,4.099226121969146,0.6314851474997242,1.0522008884177187,95.41924909845102,1.330082857452453,8.96473599975161,3.816769963938041,2.021289521257999,111.20637778594411,1.7637301795500409,9.088058422364394,4.448255111437764,2.099198858701153,18.300900795332407,0.015240478261714596,2.657154273563405,0.415929563530282,0.5838862413347475,138.33756203789883,0.5795821794112983,4.994963030948883,3.144035500861337,1.00932594496389,156.63846283323127,1.5113442154540948,5.353076822673517,3.5599650643916196,1.0001995488648245
c<E>r<84>R<GLN>,110.19529400301253,1.3818609852247306,4.081271416665146,1.867716847508687,0.7226583920160706,41.24933553454492,2.289869205834506,4.953778700953339,3.4374446278787434,0.9067541467117782,66.13084002595242,2.194434025157725,4.6433379360021725,3.4805705276817065,0.6216925161815343,117.34812238861372,1.3262370389171434,3.607273359016284,1.6298350331751905,0.5808862298126469,137.8407743177268,1.2267995261767057,3.6915681098204756,1.7448199280724912,0.6190193450871543,85.08973481250742,2.194434025157725,4.294574105937963,2.6590542128908567,0.42393427032231507,144.4855487327601,1.2267995261767057,3.607273359016284,1.5704950949213055,0.475598655057081,40.11206633627353,0.017392180974024285,2.854819979381828,0.5986875572578139,0.7375439312840255,319.0129725794348,0.48608255875029727,7.689925792703903,4.7613876504393255,1.3223714644789872,359.12503891570833,1.5775146170252974,7.721405213274828,5.36007520769714,1.265334745805836,7.699532996733781,0.27361935452583275,1.7903096920118378,0.7699532996733781,0.5155711431777082,67.23969491830016,1.330082857452453,9.896761560607004,6.723969491830016,2.359868523768317,74.93922791503394,1.7637301795500409,10.366931050265272,7.493922791503394,2.552125105972357,20.87305662112157,0.01801898199246388,3.19830978909296,0.6733244071329538,0.7209197244847605,195.17124366108874,2.8019657098026443,12.401243549702077,6.29584656971254,1.8147603254295794,216.0443002822103,2.8437870885904495,13.55547501374339,6.9691709768454935,1.9066143251928176,38.19077639013963,0.012514873382758473,3.1300050370822072,0.502510215659732,0.7267230731505028,339.07300780069005,0.48608255875029727,7.689925792703903,4.461486944745921,1.3078977424328369,377.2637841908298,1.5113442154540948,7.721405213274828,4.963997160405656,1.2745922720198388,48.74188777545031,0.011597121781685704,2.9155759989674364,0.4686719978408683,0.6425600972571057,409.2189599461762,0.48608255875029727,12.401243549702077,3.934797691790156,1.4943802986680081,457.96084772162646,1.5775146170252974,12.425260246639327,4.403469689631024,1.4601404310188315,25.77812361876713,0.018927680968545246,4.099226121969146,0.5994912469480728,0.9140402670793017,176.73866181641245,1.330082857452453,12.401243549702077,4.110201437590987,2.2798584720003645,202.51678543517954,1.7637301795500409,12.64873462362534,4.709692684539059,2.2693387260687117,45.59766910724343,0.011597121781685704,2.9155759989674364,0.4559766910724343,0.6106034811570237,359.3910632064218,0.48608255875029727,12.401243549702077,3.593910632064218,1.5512343557788142,404.98873231366525,1.5113442154540948,12.425260246639327,4.049887323136653,1.497987277151238
c<E>r<85>R<THR>,95.70458220231262,1.3818609852247306,4.081271416665146,1.9531547388227066,0.7634787778300648,43.11036546136338,2.289869205834506,4.6885092635814365,3.3161819585664136,0.7349017808166498,73.51965350881146,2.194434025157725,5.2008998369586035,3.500935881371974,0.6576449951673579,104.69617664676377,1.3262370389171434,3.7415352641720134,1.6618440737581552,0.6329086112449309,128.36111560268827,1.226156277110499,3.628346371376148,1.8079030366575812,0.6800839782231578,93.45377402601777,2.194434025157725,5.2008998369586035,2.6701078293147935,0.5171434228561611,136.76016035817997,1.226156277110499,3.628346371376148,1.6089430630374115,0.5531260878734886,28.19278141290128,0.020624783140725356,2.854819979381828,0.5638556282580256,0.7291259409715496,239.53651774636052,1.4596332124639169,8.593567513790195,4.79073035492721,1.3159999297272227,267.7292991592618,1.5775146170252974,8.62858145154689,5.3545859831852365,1.3204371558671906,8.667290356635597,0.27361935452583275,2.829425145059754,0.7879354869668724,0.7960560127443704,70.63880800004341,1.330082857452453,9.896761560607004,6.421709818185764,2.0996492683459587,79.30609835667902,1.7637301795500409,10.366931050265272,7.2096453051526375,2.3002930708879865,23.029016823456942,0.01801898199246388,2.0922788412586453,0.6060267585120248,0.5678182163827885,227.236081419663,2.8019657098026443,9.215720290669385,5.979896879464816,1.4476120336503957,250.26509824311992,2.8437870885904495,10.352769531870369,6.58592363797684,1.493071106526923,28.36903013973937,0.011708346697598238,2.7346970021759205,0.4650660678645798,0.6483998975169915,268.41125249705175,0.5795821794112983,6.787267031282511,4.400184467164783,1.20544545417645,296.7802826367912,1.5113442154540948,6.899044096946563,4.8652505350293636,1.2284751274648869,39.363986927845815,0.013202293328116177,2.9155759989674364,0.4524596198602967,0.6193062238245168,318.99141255326793,1.4596332124639169,5.572648892813792,3.66656796038239,0.8759323609690558,358.3553994811137,1.5775146170252974,6.197680172396726,4.119027580242686,0.939997719455674,26.961795862111515,0.01533066875053768,4.099226121969146,0.5392359172422303,0.7765323012937675,203.16831873709305,1.330082857452453,10.52237346508193,4.063366374741861,2.2004759211520226,230.13011459920457,1.7637301795500409,10.544272254096203,4.602602291984091,2.2044254834760015,39.53785302345168,0.015240478261714596,2.9155759989674364,0.47635967498134557,0.6261847705306902,271.9694968835864,0.5795821794112983,6.787267031282511,3.2767409263082694,1.0053611073150814,311.5073499070381,1.5113442154540948,6.81935230194955,3.7531006012896153,1.0439772075007705
c<E>r<86>R<SER>,104.09801129646432,1.3818609852247306,3.952505418254304,1.8262808999379705,0.6022985463646443,60.05567987796856,2.289869205834506,4.6885092635814365,3.532687051645209,0.7069735845595575,62.51220336663489,2.194434025157725,4.405511041999985,3.472900187035272,0.6231205336721534,119.50705811062785,1.3260615542871235,3.801764342865325,1.593427441475038,0.5071147629722904,130.99662073737215,1.226156277110499,3.663547425334412,1.7236397465443705,0.5345642894027566,94.5529491487753,2.194434025157725,3.605120882820006,2.6264708096882026,0.34557504035276215,145.23854360812146,1.226156277110499,3.27558053579039,1.5450908894481006,0.4081885947217606,31.69890407706355,0.020624783140725356,3.0634841217416335,0.609594309174299,0.7511019983115422,263.58619365448357,0.48608255875029727,12.233344961068283,5.0689652625862225,1.4539052449343315,295.2850977315472,1.912210176324133,12.270484936383664,5.678559571760522,1.3447045935374882,13.979856519327614,0.026213963907025573,3.6988061360671978,0.7766586955182008,0.9816554547623172,120.69941041792873,1.330082857452453,9.896761560607004,6.70552280099604,1.7832311542748014,134.67926693725636,1.7637301795500409,10.366931050265272,7.482181496514242,1.8743901216258512,18.45506857119514,0.04182137878780523,2.0922788412586453,0.636381674868798,0.5339943459789456,163.40443941428242,2.8019657098026443,12.444949559578163,5.634635841871807,1.6777120385650142,181.8595079854776,2.8437870885904495,12.805177351819957,6.271017516740606,1.6746322034134424,34.1077870857643,0.020624783140725356,2.991894785361077,0.5167846528146106,0.6651826226330839,308.35330268120026,0.48608255875029727,12.233344961068283,4.672019737593943,1.4387692853464888,342.46108976696456,1.8099514959380993,12.270484936383664,5.188804390408554,1.3735776868635652,42.314105260751504,0.013059167585087295,2.9514995898538885,0.5037393483422798,0.6503574717091836,309.48998499919315,0.48608255875029727,6.366064240833339,3.684404583323728,0.8824012209017469,351.8040902599447,1.912210176324133,6.379123408418426,4.1881439316660085,0.8588382022932662,29.48457322858764,0.012055656657126601,4.099226121969146,0.5896914645717528,0.8081665938616938,190.81295504615144,1.330082857452453,12.444949559578163,3.8162591009230287,2.03252628955696,220.29752827473908,1.7637301795500409,12.805177351819957,4.4059505654947815,1.9822323732749032,43.93823212818238,0.013059167585087295,2.8568065294553797,0.5358320991241753,0.7003203960333619,267.1204864590392,0.48608255875029727,6.366064240833339,3.257566908037064,0.955644123381901,311.0587185872216,1.8099514959380993,6.379123408418426,3.793399007161239,0.94784546839098
c<E>r<87>R<VAL>,114.41319436995573,1.3818609852247306,3.857449312903417,1.8453741027412216,0.6161420414416302,69.01123533243944,2.2957140962690508,5.149907733626445,3.6321702806547074,0.7885449153241766,70.30343632904393,2.194434025157725,5.904422378238073,3.700180859423365,0.7588845410313301,132.94107164795358,1.3213880772333029,3.6303314930833803,1.6212325810726047,0.5500394194547569,142.75864877465582,1.2242341570931337,3.6205902929964813,1.7409591313982418,0.6082066382452515,105.27207950408521,2.194434025157725,4.538845439252915,2.6992840898483386,0.5120280151505826,160.08900020710377,1.2242341570931337,3.6303314930833803,1.569500002030429,0.5070453919492393,43.724946128557534,0.02022773817615331,2.955892942178324,0.6158443116698245,0.748524587827932,351.1238734746711,0.4848680187228638,7.750033542643578,4.9454066686573395,1.2289805918035148,394.84881960322866,1.912210176324133,7.790753942102471,5.561250980327165,1.0815579372816182,25.63378451979752,0.026213963907025573,6.327379191273991,0.883923604130949,1.353989909330512,214.8637218698978,1.3231208785510882,13.493196728595876,7.409093857582683,2.570818486369019,240.49750638969533,1.7604077923972261,13.602856303953935,8.293017461713632,2.566905064203843,20.602656486831492,0.02746115014270778,2.1472872085674446,0.6438330152134841,0.5333015683778787,222.1163134980398,2.8019657098026443,22.10459058220295,6.941134796813744,4.307473043195627,242.7189699848713,2.8437870885904495,22.27017874374595,7.584967812027228,4.170481468454245,47.071058309060376,0.01078359071046009,2.991894785361077,0.52888829560742,0.7265166315257161,398.64092490189324,0.4848680187228638,7.750033542643578,4.479111515751609,1.2137214743938305,445.7119832109536,1.912210176324133,7.790753942102471,5.007999811359029,1.138382072996501,50.42430073269244,0.010735933267547182,2.9514995898538885,0.5093363710372973,0.6286028523713926,381.71803541977266,0.4848680187228638,7.750033542643578,3.855737731512855,1.1162275634785217,432.14233615246513,1.912210176324133,7.790753942102471,4.365074102550153,1.0577922778708593,34.471405134545535,0.012055656657126601,7.835345397738735,0.530329309762239,1.0606530094698772,288.7088528955986,1.3231208785510882,12.444949559578163,4.4416746599322865,2.2926092875923425,323.18025803014416,1.7604077923972261,13.509574848056133,4.9720039696945255,2.4437305559947387,53.64172622222486,0.01078359071046009,2.988306702489554,0.5157858290598545,0.6850510873640493,372.5655550551755,0.4848680187228638,7.750033542643578,3.5823611062997642,1.2291036165635107,426.20728127740034,1.912210176324133,7.790753942102471,4.098146935359619,1.1641523923991948
c<E>r<88>R<TYR>,144.47628107322961,1.3742352010546919,3.6844326601453647,1.828813684471261,0.6579812576376994,60.06897824995271,2.300539831040609,5.164542540902563,3.754311140622044,0.6864206528075135,63.67423615256201,2.5860751043242747,4.837146373716445,3.7455433030918828,0.5818595174092035,155.8645752531779,1.323782448888465,3.6844326601453647,1.6235893255539364,0.5493290912486032,170.90925830295208,1.2242341570931337,3.6844326601453647,1.7619511165252792,0.6318659493245127,91.78516850688835,2.242080461363574,4.764128230985139,2.6995637796143632,0.4889593664083161,181.52578712496722,1.2242341570931337,3.6844326601453647,1.5923314660084844,0.5149167167256663,59.08737345240099,0.011036192837998726,2.955892942178324,0.5574280514377452,0.7229373818717266,514.539148251381,0.4848680187228638,7.880979524089938,4.854142908031896,1.3195221896850722,573.626521703782,1.89600697545888,8.190463115596808,5.411570959469642,1.1847905684091262,20.68016924092851,0.026213963907025573,3.523475451505547,0.7953911246510965,0.9717126221890204,194.25948266515758,3.519192353428025,13.493196728595876,7.471518564044522,2.503038633914494,214.93965190608606,4.304415406449836,13.602856303953935,8.266909688695618,2.3810085948595527,17.687788119339665,0.24824308267540296,1.6103081127076342,0.7690342660582463,0.367704385158996,149.87387758444538,3.7065808386326466,16.412639152595716,6.516255547149799,2.627683619909543,167.56166570378502,4.173778178018081,17.050889854015203,7.285289813208045,2.542458667340808,61.127412507687,0.01078359071046009,2.56990843120001,0.509395104230725,0.715478958454235,527.3644024110404,0.4848680187228638,7.880979524089938,4.394703353425337,1.218406952354338,588.4918149187274,1.89600697545888,8.190463115596808,4.904098457656062,1.1485542986201034,68.93906931560913,0.011036192837998726,2.4904074521726667,0.5183388670346551,0.6139914241837815,542.5286088581371,0.4848680187228638,7.880979524089938,4.079162472617572,1.1176185764311923,611.4676781737462,1.89600697545888,8.190463115596808,4.5975013396522275,1.0695756989863878,28.068357569750752,0.013944617518195201,2.972897609758629,0.6379172174943353,0.839486707134035,196.08700405214034,2.051854348541383,12.444949559578163,4.456522819366826,2.4265783093699533,224.15536162189113,2.8732687709498173,13.509574848056133,5.094440036861162,2.5081936271531067,70.06530230532388,0.010469463350896824,3.294163899859875,0.5151860463626756,0.7214770856712717,519.6782080754996,0.4848680187228638,7.880979524089938,3.821163294672791,1.2110597464737143,589.7435103808235,1.89600697545888,8.190463115596808,4.336349341035467,1.1375445482005273
c<E>r<89>R<PHE>,149.38173433425322,1.3643895681839344,3.7355377607394726,1.8672716791781654,0.7232425718223195,60.41781993837332,2.747555684863442,5.149907733626445,3.7761137461483325,0.5818560749868337,58.219627542878726,3.2147335843229503,4.62007777976427,3.8813085028585816,0.39183287484826884,163.42888551305904,1.323782448888465,3.7355377607394726,1.68483387126865,0.6644293671205252,169.86388835695521,1.2242341570931337,3.7355377607394726,1.7694155037182835,0.680869611801741,86.81911554768035,2.242080461363574,5.149907733626445,2.713097360865011,0.6497685521247875,182.67989722092864,1.2242341570931337,3.7355377607394726,1.6166362585922889,0.5948980440741095,66.7440840740016,0.013938743465264025,3.8902691504148974,0.5608746560840471,0.8073857993644599,552.9359873057019,0.4823678288130395,8.126891979012044,4.646520901728588,1.2573186079231562,619.6800713797038,1.3892123942956949,8.182209082310562,5.207395557812637,1.2305174778620063,20.83234880220909,0.015906478875596264,3.913127157600183,0.9920166096290043,1.2323794079944579,157.47241764097527,3.519192353428025,13.493196728595876,7.4986865543321555,2.855356454734107,178.30476644318435,4.304415406449836,15.260465844362368,8.49070316396116,2.7886627369279777,16.741719024603746,0.03943576915232683,3.225035224391897,0.8811431065580919,0.7064517921431964,109.68302399239849,4.641265691971341,7.551117217542753,5.772790736442026,0.7014072722375299,126.42474301700224,5.938849828367173,7.8663009163632385,6.653933843000118,0.5056694126632809,67.41135773452163,0.01078359071046009,3.5585347255373154,0.5266512323009502,0.7779247491630189,539.4866046628725,0.4823678288130395,8.126891979012044,4.214739098928692,1.0830783981416157,606.8979623973942,1.3841764859429055,8.182209082310562,4.741390331229642,1.1022186562560234,69.44572327570752,0.013938743465264025,3.5585347255373154,0.5106303182037317,0.6878928061097923,541.3677358095501,0.4823678288130395,8.126891979012044,3.9806451162466923,1.0714127966198657,610.8134590852576,1.3892123942956949,8.182209082310562,4.491275434450423,1.087413491502781,23.560074631525467,0.011208077013820539,3.1367101587835293,0.6731449894721562,0.961234226567332,137.45327122756487,2.0480030182991413,11.875499465103886,3.927236320787568,2.0307748454529633,161.01334585909035,2.8732687709498173,15.012209623887415,4.600381310259724,2.215498648159246,71.52363575729527,0.010469463350896824,3.5585347255373154,0.5145585306280235,0.7509085910835114,528.0895865289322,0.4823678288130395,8.126891979012044,3.7992056584815264,1.1552374172545623,599.6132222862273,1.3841764859429055,8.182209082310562,4.313764189109548,1.1316771675045476
c<E>r<90>R<CYS>,140.07349773365362,1.3643895681839344,3.6759987602753785,1.8191363342032938,0.6415643973827997,64.44043803774714,2.747555684863442,5.229650023986612,3.79061400222042,0.5828833847800966,80.67252802987903,3.0663511549345777,4.878824124940618,4.033626401493952,0.5036542503265393,150.1938779947382,1.3226749234584736,3.5949572121208866,1.5809881894182967,0.48987924802440425,170.31837243850902,1.2242341570931337,3.5031820679496652,1.7379425759031533,0.6170020770355532,101.66507408256062,2.2405780346017035,4.5817660211166205,2.6753966863831744,0.49799308962385935,178.14481478414953,1.2242341570931337,2.983602518583822,1.5357311619323235,0.41251931215566046,59.25309420562924,0.0118288551615926,4.556682809121664,0.5589914547700872,0.8546982223651116,497.62752755638763,0.4823678288130395,8.53511286325579,4.694599316569695,1.4045094934285505,556.8806217620169,1.3892123942956949,9.189646906007134,5.253590771339781,1.413854447593116,26.1628837602359,0.015906478875596264,7.450393419383847,1.0901201566764958,1.6678993134980156,206.12370456894837,3.519192353428025,20.55809755416908,8.58848769037285,4.151544328654955,232.28658832918427,4.304415406449836,20.59054706921348,9.678607847049344,4.0682098596216365,37.327298089194684,0.017226110681406226,9.44276461755792,1.1311302451271117,1.6718175631478158,276.5456925998841,3.1431066652760364,19.696829626403996,8.38017250302679,4.4925914163205904,313.8729906890788,3.621364077016003,20.447221753393706,9.511302748153902,4.770808674018423,56.448047968000516,0.010482180155824139,3.8390693430191156,0.4743533442689119,0.7131950907514562,505.2972835645594,0.4823678288130395,9.951347201752014,4.246195660206381,1.2487618149417758,561.74533153256,1.3841764859429055,9.984241700010838,4.720549004475295,1.268963859321778,66.83766110580146,0.013140422100879512,4.497018627479582,0.5181214039209415,0.6975325201419007,506.39969348931857,0.4823678288130395,8.53511286325579,3.925579019297043,1.256692710654735,573.23735459512,1.3892123942956949,9.189646906007134,4.443700423217985,1.2203325494927748,36.16047693234697,0.010882930659659174,8.152503527186546,0.6953937871605186,1.25617059737461,290.85719990863265,2.0191533486561184,19.696829626403996,5.593407690550628,4.369058744407606,327.0176768409796,2.839712243787786,19.760412522915587,6.2888014777111465,4.396760615194113,64.58354172345983,0.010482180155824139,4.0165277990313015,0.4930041352935865,0.6966866397833905,474.45908829227324,0.4823678288130395,8.43834432732956,3.6218251014677345,1.1893351319323537,539.042630015733,1.3841764859429055,9.189646906007134,4.114829236761321,1.150622474837185
c<E>r<91>R<ALA>,145.15177125813727,1.3803546667260753,4.132198036823605,1.935356950108497,0.7894665274710019,47.2774407033351,3.35533117586708,4.316428217082119,3.636726207948854,0.257153084135088,70.06977484434722,3.0663511549345777,4.678576370478688,3.8927652691304013,0.42589943313496914,154.8638720620404,1.3226749234584736,3.854528717771907,1.7400435063150608,0.7194966288267133,168.52015282515364,1.2282458159976932,3.854528717771907,1.7927675832463155,0.6985220807434368,85.87956560063371,2.244692884051007,4.443873541124106,2.6837364250198035,0.4822661458776403,176.77054305832442,1.2282458159976932,3.854528717771907,1.636764287577078,0.6005945698569347,64.31058750829436,0.01593538342909051,4.364354145649486,0.5742016741811996,0.7926460491797022,551.2647063285831,0.4823678288130395,8.479168827133435,4.922006306505206,1.3461597821124083,615.5752938368774,1.9098828201328524,9.089393308361014,5.496207980686406,1.3655265615613188,10.562434042880238,0.052280035352528564,3.4527304847236273,0.7544595744914455,1.0554841802240884,94.552740060421,4.881839059160939,8.786828523155464,6.753767147172929,1.11251753101175,105.11517410330123,6.393277438232549,8.846164508421396,7.508226721664373,0.8686214807904267,22.803866505986413,0.17939476946279065,2.0234932302923507,0.8445876483698671,0.5097058595219591,171.21975704973534,3.1431066652760364,22.20687648650369,6.341472483323531,3.4147115467745173,194.02362355572174,3.621364077016003,22.733797226914483,7.186060131693398,3.4080487370175723,63.70176757037599,0.017430808024842648,4.364354145649486,0.5264608890113718,0.7342136276591055,568.5792788027838,0.4823678288130395,9.951347201752014,4.699002304155238,1.3198687404405975,632.2810463731599,1.9098828201328524,9.984241700010838,5.225463193166611,1.3389534114140091,69.64455165464643,0.01593538342909051,4.364354145649486,0.5236432455236574,0.6854892142243081,541.046758270917,0.4823678288130395,8.43834432732956,4.068020738879076,1.1711328787673645,610.6913099255635,1.9098828201328524,9.089393308361014,4.591663984402733,1.1995420943974247,23.801830817698733,0.010882930659659174,2.8519265601215533,0.6432927248026684,0.7841985186379273,162.63630650265463,2.0191533486561184,18.949194334306412,4.395575851423098,2.998353842824455,186.43813732035335,2.839712243787786,20.271184201416357,5.038868576225767,3.1336106128950934,67.7969659368138,0.011208077013820539,4.364354145649486,0.5255578754791768,0.707449698645218,512.3950603434162,0.4823678288130395,8.43834432732956,3.9720547313443113,1.2603685451877917,580.1920262802298,1.6515884262224851,9.089393308361014,4.497612606823487,1.2765199329352948
c<E>r<92>R<SER>,135.689108237944,1.3532967122990498,4.269093005214836,1.9111142005344226,0.7410862593733966,63.74192323873404,2.142203466731339,4.847635870017097,3.5412179577074467,0.668190868155772,65.3843305457756,2.9628785891163587,4.278850955475938,3.6324628080986443,0.3906160969124794,150.4281703272881,1.3201286041266858,4.269093005214836,1.6714241147476454,0.6461817385298794,158.92332079895732,1.2282458159976932,3.668969433707121,1.7658146755439703,0.6407646857396679,97.96989351925008,2.142203466731339,3.9868140826600666,2.6478349599797317,0.37512935216525695,172.8622717945362,1.2282458159976932,3.4829133183452665,1.585892401784736,0.5258582070227944,56.053552828805806,0.010330975631706707,3.1113847721279377,0.533843360274341,0.7120915226041107,525.7467208668661,0.4876709640429908,8.479168827133435,5.007111627303487,1.4032871689186923,581.800273695672,1.3339834533969166,9.791194161511466,5.540954987577829,1.4101415278352742,18.119537068506073,0.012993743670037361,3.5447171559579544,0.6969052718656182,0.8896667761295739,190.26867083593743,4.342245969643045,12.711898785072663,7.318025801382209,2.352851169474549,208.3882079044435,4.766165701689515,13.364302283762651,8.014931073247826,2.2670947702159805,21.98222969909503,0.011633163123827117,2.2835783533831915,0.8454703730421165,0.6192718079069613,143.46834513981025,3.0923031958636784,10.430644193970693,5.518013274608086,1.3043356553541483,165.45057483890528,3.621364077016003,12.454137424263044,6.363483647650203,1.579977697366001,57.98821305180961,0.013258075812384362,2.821261029135645,0.46390570441447687,0.6269826537830178,582.1656553436503,0.47618877737477305,10.345855586822836,4.657325242749202,1.49654513937542,640.1538683954598,1.301680844761934,10.362584739964856,5.121230947163678,1.4853440532388298,61.23189697464647,0.010330975631706707,2.0990182904422365,0.4710145921126651,0.5503024720674139,534.1419730497605,0.4876709640429908,8.479168827133435,4.108784408075081,1.2788988220473199,595.3738700244069,1.3339834533969166,9.791194161511466,4.579799000187745,1.2719221773937044,32.32276260120393,0.010882930659659174,7.275533145049357,0.6098634453057344,1.0975901331809665,204.95688405007104,2.060535255958712,8.217274293092487,3.8671110198126613,1.2338937756266388,237.27964665127496,2.839712243787786,12.454137424263044,4.476974465118396,1.6382994518755183,63.46233003228029,0.01138865506016451,2.4050141482471563,0.4666347796491198,0.5717068165007327,524.0378576476176,0.47618877737477305,8.479168827133435,3.8532195415265997,1.323185606883986,587.5001876798979,1.301680844761934,9.791194161511466,4.319854321175719,1.314308976554012
c<E>r<93>R<SER>,141.14478494254303,1.3532967122990498,4.124258681756546,1.907361958683014,0.7110272387539414,63.325940856986406,2.142203466731339,4.562982676647163,3.3329442556308635,0.6471576297600562,73.51028795564032,2.9596411588809386,5.196724061259448,3.675514397782016,0.5144299232741463,152.9150424481447,1.3201286041266858,3.499076809136792,1.6267557707249436,0.5573787965878673,170.0736006923984,1.2282458159976932,3.4829133183452665,1.7902484283410358,0.6450656934958446,104.8157130640031,2.142203466731339,3.137212737079174,2.6203928266000776,0.32364672769990965,181.80380267865823,1.2282458159976932,3.4829133183452665,1.5809026319883324,0.5053540124944834,58.4393674606203,0.010330975631706707,3.5917171498316733,0.5513147873643425,0.7572391404779539,533.6196036937858,0.4861090587264698,14.714488558555786,5.034147204658357,2.04614390253453,592.0589711544061,1.3339834533969166,14.725276201033722,5.585461992022699,2.012847877771412,20.849582956572085,0.012993743670037361,3.4383695490417665,0.6949860985524029,0.8192288310668637,233.21956598142788,1.322905561592961,13.213446605072932,7.773985532714263,2.953018778078176,254.069148938,1.7594379546314598,13.449350078138075,8.468971631266667,2.9561890028691704,22.03531202931906,0.011633163123827117,3.0806757556856574,0.8161226677525577,0.752309757980146,164.23124853191234,3.0923031958636784,13.830223286995533,6.082638834515272,2.0623006707743734,186.26656056123142,3.814605784752669,13.968548696686785,6.89876150226783,2.1117516487981653,58.67699604368357,0.013258075812384362,5.04154087868368,0.48897496703069643,0.7373375455531356,538.9670971187761,0.47618877737477305,10.447064746566866,4.491392475989801,1.7286040721579825,597.6440931624597,1.301680844761934,10.547684931559253,4.980367443020498,1.7227054944122404,68.63021193058208,0.010330975631706707,3.7630872330106424,0.5083719402265339,0.6390765158750722,526.9557964294333,0.4861090587264698,10.747238198870036,3.9033762698476546,1.3834124463021884,595.5860083600154,1.3339834533969166,10.800984908834153,4.4117482100741885,1.3563512867029428,35.993408480159566,0.01138865506016451,5.849433538833754,0.6205760082786133,0.9881069177285102,218.01099618970557,1.322905561592961,12.567763561195534,3.7588102791328546,1.6716164880876014,254.00440466986512,1.7594379546314598,13.608820875449096,4.379386287411467,1.8538197358709785,68.13998566418759,0.01138865506016451,4.698077987647837,0.5123307192796059,0.6787622379757219,459.48074295627885,0.47618877737477305,6.532906761024606,3.454742428242698,1.121997371051737,527.6207286204664,1.301680844761934,7.59293532008172,3.9670731475223033,1.1142009523951093
c<E>r<94>R<TYR>,105.06115030659319,1.3532967122990498,4.547040319468449,1.8431780755542666,0.6256098161130283,55.938953862084894,2.142203466731339,4.562982676647163,3.2905266977696996,0.6882780637582725,66.55056591387854,2.1958453795550303,4.379227902897249,3.5026613638883446,0.5051005255399285,115.14376243300543,1.3201286041266858,3.452377692012013,1.535250165773406,0.4061432769940006,129.80007801447522,1.2282458159976932,3.668969433707121,1.6857152988892885,0.526221473761585,95.74964088110791,2.142203466731339,3.3329600051923833,2.5878281319218353,0.32450383213605377,140.2845009423362,1.2282458159976932,3.364688586823823,1.4766789572877494,0.33324445607743625,37.56439947627692,0.010330975631706707,6.2250015878038525,0.5869437418168268,1.038724192894312,311.3108349028132,0.48717209250025917,14.714488558555786,4.8642317953564564,2.097532026478445,348.87523437909016,1.3339834533969166,14.725276201033722,5.451175537173284,2.1642305521706007,18.37792484151345,0.061106957929379035,4.177548722186234,0.7990402105005848,1.027317048805458,188.8579564623078,4.342245969643045,13.213446605072932,8.21121549836121,2.973322465758742,207.23588130382126,4.766165701689515,13.449350078138075,9.010255708861793,2.977019686784972,21.902551623374656,0.011633163123827117,4.987271709523085,0.8761020649349862,1.1857520036047493,185.16969628552397,3.0923031958636784,22.4759823072136,7.406787851420959,4.211113253275245,207.07224790889862,3.814605784752669,22.69091246816229,8.282889916355945,4.620113630745082,37.40357556098327,0.010617062925174281,6.746504178984413,0.45614116537784477,0.926776512605887,357.38210717965717,0.47618877737477305,10.447064746566866,4.358318380239721,1.9481237896435888,394.7856827406404,1.301680844761934,10.547684931559253,4.8144595456175665,2.0267876224526824,40.939380381014956,0.010330975631706707,5.2173730705650225,0.49324554675921634,0.7911076880417304,306.5764771094059,0.48717209250025917,10.747238198870036,3.693692495294047,1.5064186199705043,347.51585749042084,1.3339834533969166,10.800984908834153,4.186938042053264,1.4993216899332396,31.964336056809245,0.01138865506016451,6.047225914359505,0.570791715300165,1.0409847813541238,236.4668058213656,2.3193113284769424,11.252734299324402,4.222621532524386,2.22218847029823,268.4311418781748,2.566754421410364,14.342501070976635,4.79341324782455,2.4763192881415788,41.08932393533763,0.01138865506016451,5.243720983412702,0.4950520956064775,0.7677713965258254,254.67758800779802,0.47618877737477305,6.532906761024606,3.068404674792747,1.074158615325906,295.76691194313565,1.301680844761934,7.59293532008172,3.563456770399225,1.1827184828921076
c<E>r<95>R<VAL>,93.22817369744449,1.3532967122990498,4.595626121051674,1.9422536186967603,0.9132860253438697,43.917107958908765,2.2941551203944965,5.342518998311279,3.6597589965757304,0.9051983802376672,49.78453122439721,2.1958453795550303,6.607042099211403,3.556037944599801,0.9861350220650448,102.01010111944531,1.3244400852314886,4.230884012975638,1.672296739663038,0.6958322218102672,109.08391475482458,1.2282458159976932,3.991674124728333,1.731490710394041,0.6645954396843919,77.18025696439622,2.1958453795550303,6.607042099211403,2.8585280357183787,0.8851182307967689,118.87293611390746,1.2282458159976932,3.9891504668663984,1.5641175804461507,0.5048245333452888,34.9173252380737,0.015261009047391028,5.08532506047958,0.7274442757932021,1.1443432520523902,278.61963348052063,1.98405213101978,15.630189557343328,5.804575697510846,2.5272691596440016,313.53695871859435,1.999313140067171,15.653383835352606,6.532019973304049,2.6614890260904907,12.674164795269311,0.06128889996367448,4.177548722186234,0.9052974853763793,1.0362977512070806,126.8061568740768,5.009823604142184,13.213446605072932,9.057582633862628,2.901477006740097,139.4803216693461,5.742600371395055,13.449350078138075,9.962880119239006,2.8379665311744295,12.509605483664714,0.011633163123827117,4.0606874313553405,0.8935432488331939,1.1512210772367166,92.79281514531885,2.9727355655140855,12.595189192352336,6.628058224665632,3.117412068559538,105.30242062898358,3.2010816615657522,15.609632264241604,7.521601473498827,3.777497780572373,35.9341971524112,0.010617062925174281,6.545299174109221,0.5444575326122909,1.0825378405760826,351.48518469421265,1.7715280404972873,15.630189557343328,5.325533101427465,2.5829208638976655,387.4193818466239,1.810530281348608,15.653383835352606,5.869990634039755,2.657890645636923,32.357388265929806,0.011633163123827117,4.802046657529662,0.5304489879660624,0.8199513982120201,262.96868263151964,1.8676312917714313,8.000111851333713,4.310962010352781,1.5747478180557835,295.3260708974494,1.999313140067171,9.965154718717475,4.841410998318843,1.7875344562469404,18.3435370200991,0.01138865506016451,4.0606874313553405,0.5095426950027527,0.8169862454355351,169.5743778718154,2.3193113284769424,12.595189192352336,4.710399385328206,3.109597377880518,187.9179148919145,2.6608148607580118,15.609632264241604,5.219942080330958,3.378587141816873,34.38135758562393,0.01138865506016451,4.013116505027272,0.5209296603882414,0.7454882798861383,250.87063058707167,1.7715280404972873,7.622818978135001,3.801070160410177,1.4157347500631126,285.2519881726956,1.810530281348608,8.50082196487504,4.321999820798418,1.5939929405661686
c<E>r<96>R<GLY>,69.19635105773543,1.3850014584758965,4.95132174518626,1.9770386016495836,0.9112258523962361,29.946782536830387,2.2941551203944965,4.562982676647163,3.327420281870043,0.7252092862883789,43.54753647317259,2.1958453795550303,6.607042099211403,3.628961372764383,1.0768536061769773,75.47355917809973,1.3244400852314886,4.925508626126295,1.677190203957772,0.7445801113192245,82.78667301344501,1.229332704137712,4.544494718310414,1.7247223544467711,0.6736465412376561,61.313338574785874,2.1958453795550303,6.607042099211403,2.78696993521754,0.8990168239497294,89.44461303312664,1.229332704137712,4.544494718310414,1.542148500571149,0.5329082448554925,19.689235891203253,0.015261009047391028,4.847663465947697,0.8560537344001414,1.2338628831907386,137.2051539430904,0.4875329133383275,12.91202551434344,5.965441475786539,2.8103664717075207,156.89438983429366,1.919738307920803,14.110690963697795,6.821495210186681,3.0922964708543113,8.352181786010494,0.06128889996367448,3.2135254149120875,0.8352181786010494,0.930535566228298,98.2329825709594,5.009823604142184,13.213446605072932,9.823298257095939,2.588673038674897,106.58516435696988,5.855096550399674,13.449350078138075,10.658516435696988,2.535742916094374,4.156242772592667,0.02667325161269929,1.8654270847502552,0.46180475251029635,0.5422138310425226,46.94064980242001,2.9727355655140855,7.507487344956644,5.215627755824446,1.6225429469567418,51.09689257501268,3.2010816615657522,7.6624071811220915,5.677432508334743,1.5000952021182707,21.74192540054633,0.011825379912109746,6.746504178984413,0.7247308466848776,1.4484985423367205,163.52663203334396,0.4875329133383275,12.91202551434344,5.450887734444799,3.1469369739797077,185.26855743389027,1.7632018873932758,14.110690963697795,6.175618581129675,3.3182707140114425,16.511741869020007,0.012105190749235106,2.296932364731779,0.48563946673588254,0.6080155634773828,146.3622324475973,0.4875329133383275,12.91202551434344,4.3047715425763915,2.414615252044613,162.8739743166173,1.919738307920803,13.38429134417007,4.790411009312273,2.5069640021609634,10.700187699965177,0.01138865506016451,3.2859208691858193,0.345167345160167,0.5902700104875468,137.4311259177748,2.3859730604644938,11.252734299324402,4.433262126379833,2.4703612049417267,148.13131361774003,2.6608148607580118,11.265826200951821,4.778429471540001,2.557188423084772,19.54222304738878,0.01138865506016451,4.360040112769882,0.5583492299253937,0.836361532532908,125.25723313763137,0.4875329133383275,12.91202551434344,3.578778089646611,2.1847571324216104,144.79945618502012,1.7632018873932758,13.38429134417007,4.137127319572003,2.363719877188467
c<E>r<97>R<ASN>,60.50697900434009,1.3850014584758965,4.194157051752085,1.833544818313336,0.6715021115258659,29.08680742267448,2.6359858195871144,5.99716268288575,3.63585092783431,1.031115538857387,33.328152863693944,2.537143616987074,5.230431465338456,3.703128095965994,0.7619495228853084,65.64005607637259,1.326315693117691,4.194157051752085,1.5628584780088712,0.5477934510750024,71.08863274761289,1.229332704137712,3.3372498095152734,1.6532240173863464,0.4870775568755906,48.490796731295546,2.244880019396233,5.230431465338456,2.6939331517386416,0.6836421751118399,76.22170981964541,1.229332704137712,3.3372498095152734,1.4658021119162579,0.3212934107544269,9.558576179645556,0.01070895454792975,2.5861775865342604,0.5622691870379739,0.6664070177428887,110.908499027797,0.4875329133383275,14.714488558555786,6.524029354576294,3.841726077802268,120.46707520744258,1.919738307920803,14.725276201033722,7.086298541614269,3.765228082996412,5.578110634077763,0.06128889996367448,2.8308684067410788,1.1156221268155526,0.9972531927593574,44.98230552433233,5.009823604142184,11.252734299324402,8.996461104866466,2.1157202365445182,50.56041615841009,5.855096550399674,11.99509802394417,10.112083231682018,2.253560391883627,5.980323689388765,0.02667325161269929,1.8654270847502552,0.46002489918375117,0.4965740355613257,87.6564255060648,2.9727355655140855,9.406127115516938,6.742801962004985,2.0042466645218724,93.63674919545358,3.2010816615657522,10.110804592408979,7.202826861188736,1.9638979425515422,7.941702584723405,0.011825379912109746,2.5861775865342604,0.34529141672710456,0.5895063920122239,131.8009185922465,0.4875329133383275,13.362430160432268,5.730474721402021,3.4727691423736933,139.7426211769699,1.7632018873932758,13.696445591463178,6.075766138129126,3.401738177220954,9.791132424848595,0.01070895454792975,1.9620528444956955,0.4079638510353581,0.5796815203454769,90.05589261473779,0.4875329133383275,11.50827937959366,3.7523288589474078,2.0921143073994615,99.84702503958638,1.919738307920803,11.51898833414159,4.160292709982766,1.9989780226304992,7.488118227632478,0.013091901627419134,0.9034959139512146,0.28800454721663377,0.2490660898902234,127.62861512374184,2.3859730604644938,11.252734299324402,4.908792889374686,2.8797048900977225,135.1167333513743,2.6608148607580118,11.265826200951821,5.19679743659132,2.8967287270274142,9.44253493390059,0.011230599418857068,1.9620528444956955,0.3372333904964497,0.44918445599951334,107.39170927938994,0.4875329133383275,10.15521483122302,3.835418188549641,2.5121702828783357,116.83424421329052,1.7632018873932758,10.166445430641877,4.17265157904609,2.4460580168947907
c<E>r<98>R<THR>,83.52552376116085,1.3850014584758965,4.029333360902674,1.9424540409572293,0.7232399984017279,52.17533151175643,2.6359858195871144,5.667311632868356,4.013487039365879,0.8714236971848912,53.56151079843107,2.537143616987074,5.230431465338456,3.825822199887934,0.6840210893656169,96.27947144211817,1.3258122909401886,4.029333360902674,1.6891135340722485,0.6201223938621325,99.22620042952688,1.2286531026527379,3.3532717682163424,1.7107965591297738,0.5542310719279944,78.65143336197995,2.2437453015055735,4.961181836862605,2.8089797629278555,0.6676963898139993,112.4351073399669,1.2286531026527379,3.2675088176862683,1.561598713055096,0.4649525550884958,26.078204510102303,0.010231485294818654,5.14383911321729,0.7048163381108731,1.1153843862043173,213.0146348501462,0.4875329133383275,14.714488558555786,5.757152293247194,2.7365124132172887,239.0928393602485,1.919738307920803,14.725276201033722,6.461968631358067,2.7007477552055548,18.11929184430895,0.014175709340155329,7.870330954970324,1.2942351317363536,2.004047552601643,121.44563338941816,5.009823604142184,13.213446605072932,8.674688099244154,2.1488725797376613,139.5649252337271,5.855096550399674,16.861821016219675,9.968923230980508,3.019713616397898,13.376886482007055,0.02667325161269929,1.8654270847502552,0.6080402946366843,0.5071807428323853,158.59764392604734,2.9727355655140855,12.012009675464697,7.208983814820334,2.0731143156246334,171.9745304080544,3.2010816615657522,12.754732070601584,7.817024109457018,2.119142318274868,28.728905284992894,0.011825379912109746,6.746504178984413,0.6384201174442865,1.1855518340662898,238.09681553671476,0.4875329133383275,13.362430160432268,5.291040345260328,2.7794235233118716,266.8257208217077,1.7632018873932758,13.696445591463178,5.929460462704616,2.7355726109667082,27.936321257858257,0.012105190749235106,4.329416856670078,0.5587264251571651,0.8607814155650952,197.09263535122045,0.4875329133383275,10.747238198870036,3.941852707024409,1.5479782033830451,225.0289566090787,1.919738307920803,10.936407453678925,4.500579132181574,1.6264817633549342,22.514250180159813,0.013130000656348173,3.5641168436826725,0.5235872134920887,0.761512716760794,221.13762572295195,2.416941788521399,10.228879785515346,5.142735481929115,2.261125071907873,243.6518759031118,2.6608148607580118,10.596736479924871,5.666322695421204,2.5052070012305285,32.98313477726322,0.011230599418857068,4.941185218329581,0.588984549593986,0.9663666300537923,208.59027142723426,0.4875329133383275,10.15521483122302,3.724826275486326,1.7498734171972057,241.57340620449745,1.7632018873932758,10.166445430641877,4.313810825080312,1.805292327704915
c<E>r<99>R<GLY>,113.00031365671217,1.3850014584758965,4.124258681756546,1.9152595535035961,0.7351097198523222,59.43913220888808,2.2941551203944965,4.8014198797416245,3.496419541699299,0.739333187298299,76.63772696148837,2.537143616987074,5.902302378148656,3.8318863480744185,0.7224165207806096,125.93200876191614,1.3244400852314886,4.029333360902674,1.635480633271638,0.5824012045070511,139.79554442549522,1.2290920038270159,3.590242284297656,1.7474443053186903,0.6170495227539645,105.9631487378144,2.2423118393262715,5.457095334673478,2.78850391415301,0.7525009433464208,152.3609086318322,1.2290920038270159,3.5350130307317165,1.5547031493044101,0.4674169657981611,40.30194713162902,0.01212044549949276,6.2250015878038525,0.6948611574418797,1.123561351787313,335.9650102398966,0.4875329133383275,14.714488558555786,5.792500176549942,2.6557520994181645,376.2669573715257,1.919738307920803,14.760764216613502,6.487361333991822,2.565946786601877,17.58667420046197,0.012993743670037361,4.177548722186234,0.7646380087157378,0.9467451352082447,193.45428322892667,1.322905561592961,13.213446605072932,8.41105579256203,2.847896019654046,211.04095742938864,1.7594379546314598,13.449350078138075,9.175693801277767,2.8804090705538226,24.15479008143245,0.02667325161269929,5.741953701333525,0.7791867768204016,1.0404307433814117,218.87998496180785,2.9727355655140855,16.996521796249908,7.06064467618735,3.0424386240721524,243.03477504324033,3.2010816615657522,18.351119196157118,7.839831453007752,3.093120687266916,40.59214626825516,0.011825379912109746,6.746504178984413,0.6150325192159873,1.1064869928892926,336.04286791923164,0.4875329133383275,10.447064746566866,5.091558604836843,2.1881850957881106,376.63501418748683,1.7632018873932758,10.560265301550618,5.706591124052831,2.1983934829087763,43.48750167229096,0.012105190749235106,5.2173730705650225,0.5177083532415591,0.7606374742343969,334.4962743202291,0.4875329133383275,12.453468730110217,3.9820985038122507,1.546623459864279,377.98377599252007,1.919738307920803,12.46558917560971,4.499806857053811,1.5829375408211546,33.4270731173228,0.01138865506016451,6.047225914359505,0.5479848052020131,0.8429505570558761,310.3198127551036,1.322905561592961,16.996521796249908,5.087210045165633,3.080570782917189,343.74688587242645,1.7594379546314598,17.119012372485905,5.635194850367647,3.17066061651176,46.94450050047012,0.01138865506016451,5.243720983412702,0.5522882411820014,0.8276388246473948,308.7881626368419,0.4875329133383275,6.939958514606815,3.6328019133746103,1.217554600577328,355.73266313731204,1.7632018873932758,7.59293532008172,4.185090154556613,1.321944588257786
c<E>r<100>R<GLU>,119.82818156238991,1.3870455315675465,4.344946831416355,1.9971363593731652,0.838565332880737,54.37530592775532,2.142203466731339,5.842246943732433,3.625020395183688,1.0734623015136207,67.55060285762491,2.197970554631684,4.5161254282614385,3.7528112698680505,0.5308568196627051,129.2555083310164,1.3201286041266858,3.764614885822985,1.7007303727765315,0.6531824292545848,143.37252802972787,1.2286517130398646,3.899327162591742,1.8148421269585806,0.6921613677452667,93.09086256208529,2.142203466731339,4.315427973399513,2.737966545943685,0.5966912257867819,153.0104388002398,1.2286517130398646,3.40939506371761,1.610636197897261,0.540576108554,40.674920799542136,0.010787642477936288,6.939313534993616,0.5894916057904658,1.001894921513507,378.1770564285264,0.4861090587264698,14.714488558555786,5.480826904761252,2.32649851698617,418.85197722806856,1.9254726695675097,14.725276201033722,6.070318510551719,2.282641861115823,12.66006658124591,0.012993743670037361,2.8910621500134805,0.7033370322914395,0.8301490326944145,139.62243530275668,1.322905561592961,11.704311495159573,7.7568019612642605,2.4332970589545457,152.28250188400256,1.7594379546314598,12.055833611425355,8.460138993555697,2.684621167468723,26.44339982726857,0.02667325161269929,5.741953701333525,1.0170538395103297,1.2719458034823254,169.67715900984285,3.0923031958636784,12.414907911705313,6.526044577301648,1.9050396723229546,196.12055883711142,3.814605784752669,12.598345041887413,7.5430984168119775,1.9857234682359663,38.13131378017525,0.011825379912109746,6.0797841283253895,0.5223467641119897,0.9063607856914405,349.5565717885854,0.4861090587264698,11.398828186403307,4.788446188884731,2.142552545782303,387.68788556876063,1.7632018873932758,11.497048514471299,5.310792952996721,2.1225773516364517,47.15467508705302,0.012105190749235106,4.101889350533034,0.4963650009163476,0.6462939732535917,381.9045396261474,0.4861090587264698,10.747238198870036,4.020047785538394,1.29809593436854,429.05921471320045,1.9254726695675097,10.800984908834153,4.516412786454741,1.3299384227325968,31.205138155294485,0.01138865506016451,5.173174973502345,0.6934475145620996,1.0720589508969551,206.36782604732616,1.322905561592961,12.217300486221575,4.585951689940582,2.173096623834889,237.57296420262062,1.7594379546314598,12.466934160763763,5.27939920450268,2.311095769412718,46.80657991279135,0.01138865506016451,4.021819422316428,0.5143580210196852,0.714140134516992,325.2894953066707,0.4861090587264698,7.3643534542625275,3.5746098385348426,1.0387981319195196,372.0960752194621,1.7632018873932758,7.527990125169907,4.088967859554528,1.094093211275006
c<E>r<101>R<LEU>,128.2283347043456,1.3817976692417675,4.256702102955533,1.972743610836086,0.8438518871623601,51.09626982322515,2.142203466731339,4.8014198797416245,3.40641798821501,0.7582546747408261,67.72317744610302,2.197970554631684,4.590339709813446,3.7623987470057236,0.5784646106969541,140.88376502033142,1.3201286041266858,3.834786121425678,1.739305740991746,0.7298638382097786,161.1934746835128,1.2286517130398646,3.899327162591742,1.9189699367084856,0.7890680578971982,93.35186274731562,2.142203466731339,4.443873541124106,2.745643021979871,0.5605356084019076,170.97219271548718,1.2286517130398646,3.529430598143175,1.7097219271548718,0.6557714849694387,46.2333006064095,0.013332588559460845,2.908092710018648,0.5080582484220825,0.6269819190340877,450.16347264041974,0.4823678288130395,11.93318246878448,4.94685134769692,1.9426950140591348,496.39677324682924,1.9098828201328524,12.109893076453737,5.454909596119003,1.8684815349522592,8.391796478905981,0.012993743670037361,2.2938228190105896,0.44167349888978846,0.5476177072513768,141.38223263816167,1.322905561592961,11.704311495159573,7.441170138850614,2.3389164038135015,149.77402911706764,1.7594379546314598,11.71730523882961,7.882843637740402,2.4123364098899165,20.309016421085474,0.011633163123827117,2.1042825296997725,0.812360656843419,0.5440269637527823,190.96539969747846,3.0923031958636784,22.20687648650369,7.638615987899138,4.964878216802087,211.27441611856395,3.814605784752669,22.251139755001148,8.450976644742559,4.980513975828869,47.024689157322385,0.013332588559460845,2.7165583279804704,0.4798437669114529,0.6287830372693419,428.6551850237097,0.4823678288130395,11.398828186403307,4.374032500241936,1.6822690111727714,475.67987418103206,1.3096710706753454,11.497048514471299,4.853876267153389,1.6400748964703908,65.9238733549234,0.011633163123827117,3.2539589545627763,0.5539821290329697,0.6710976118138234,484.4201725006899,0.4823678288130395,8.100100880680884,4.070757752106638,1.1369391434894138,550.3440458556133,1.9098828201328524,8.190961966938502,4.624739881139607,1.1406229630215812,27.859261540709227,0.01138865506016451,3.4599104931532416,0.6056361204502005,0.7973871094642756,236.14036858143936,1.322905561592961,19.05378209304854,5.1334862735095514,3.659314158910868,263.99963012214863,1.7594379546314598,19.576324082257386,5.739122393959753,3.7923685690545117,62.632484117794775,0.01138865506016451,3.2539589545627763,0.5219373676482898,0.6857348176402415,457.14676292242893,0.4823678288130395,8.100100880680884,3.809556357686908,1.2289802153458436,519.7792470402237,1.3096710706753454,8.190961966938502,4.331493725335197,1.239184333969801
c<E>r<102>R<PHE>,116.32923510731693,1.3532967122990498,4.086104117784517,1.9388205851219489,0.7585232446470092,45.963335261955976,2.142203466731339,5.906285597146244,3.8302779384963315,0.9524091843905611,64.48368290504206,2.197970554631684,6.03467589758745,4.030230181565129,0.7982354866051474,124.42689226300448,1.3201286041266858,4.010590307551157,1.7044779762055409,0.668592438054655,138.51149997286996,1.2286517130398646,4.0845146843950735,1.7988506489983112,0.7063116052835807,80.82307570014854,2.142203466731339,5.128201002969462,2.7870026103499494,0.6889879369068184,144.53154546781116,1.2286517130398646,3.912984394318444,1.6059060607534572,0.5558425374473114,36.56185253750455,0.013258075812384362,2.908092710018648,0.44050424743981387,0.595482683286081,395.9828313616979,0.4823678288130395,11.398828186403307,4.770877486285516,1.706588613396568,432.54468389920237,1.3339834533969166,11.497048514471299,5.21138173372533,1.6452016816180046,7.824679258405531,0.052280035352528564,2.252025633080855,0.7113344780368664,0.8540822614968383,110.4269006298407,6.00648492230107,15.70623448511651,10.038809148167337,3.4280899122376027,118.25157988824623,6.393277438232549,16.18848020334827,10.750143626204203,3.7162764026731296,17.970446788772055,0.19526974400472863,2.1042825296997725,0.8985223394386027,0.5202543394124745,134.8801563273512,4.089451573044471,13.198113292747621,6.744007816367559,2.4561109449000655,152.85060311612324,4.694491408338715,14.648144869710967,7.642530155806162,2.709475417869563,36.803683128128625,0.010458651810621333,2.5184926423107807,0.43298450738974853,0.5810217907322696,371.8563751008114,0.47618877737477305,12.309890260614566,4.374780883538958,1.7719843305780651,408.66005822894,1.301680844761934,12.384411722611176,4.807765390928706,1.696435412726896,45.89551898588043,0.010314468441354308,2.0746788917027583,0.4499560684890238,0.5570527073250907,407.1155377597563,0.4823678288130395,7.309562244690824,3.9913288015662385,1.0864538383188997,453.0110567456368,1.3339834533969166,7.319876713132178,4.441284870055263,1.041194382505395,21.850209912526484,0.010882930659659174,5.853232732940793,0.6828190597664526,1.0866102920940472,155.49358964519615,2.060535255958712,9.429918063644664,4.85917467641238,2.161593011054648,177.34379955772263,2.9017423380635856,11.795609544784835,5.541993736178832,2.402654004530962,43.15681321858024,0.010314468441354308,2.0351031530817476,0.44491560019154885,0.5926484195240572,365.0273361187981,0.47618877737477305,7.309562244690824,3.7631684135958565,1.1193881058355757,408.1841493373783,1.301680844761934,7.319876713132178,4.208084013787405,1.0388372208911425
c<E>r<103>R<PHE>,124.83518798637562,1.3817976692417675,4.132198036823605,1.8632117609906809,0.7455932312078737,50.46874289497675,2.747555684863442,6.238080363033505,3.8822109919212884,0.9742832380861369,48.08997566254124,3.3292768552004812,4.875398162958198,4.007497971878437,0.49914141742988943,134.09266249385195,1.3226749234584736,3.9735102534188766,1.6554649690599006,0.6397147768135231,141.2756832820352,1.2286517130398646,3.9735102534188766,1.76594604102544,0.6803490414287715,72.1400154328853,2.2432863263719023,4.5817660211166205,2.7746159781878963,0.6022956921108853,150.41918890294738,1.2286517130398646,3.9735102534188766,1.6002041372653977,0.5791416395502699,43.52131173435811,0.013258075812384362,3.6934060943246463,0.5120154321689189,0.7466054080305242,407.3663289356522,0.4823678288130395,8.479168827133435,4.7925450463017905,1.3208895675243686,450.88764067001017,1.9098828201328524,8.551830996804709,5.304560478470708,1.3345692485967937,8.744499995837147,0.04224151074986082,2.7894101831638087,0.5829666663891432,0.6643451400246877,152.86749664984,5.185150750336334,18.33123624916084,10.191166443322667,3.3489382759106636,161.61199664567715,6.393277438232549,18.3734777599107,10.77413310971181,3.1031121045020056,12.818633384197295,0.024511228412427144,1.94759866478888,0.8545755589464863,0.543189430352779,102.38332540159331,4.089451573044471,15.439893936478256,6.8255550267728875,2.934231680475348,115.2019587857906,4.694491408338715,15.464405164890684,7.680130585719373,2.8687309049699374,41.699608333815576,0.013258075812384362,3.155126312391988,0.4389432456191113,0.6732367093936317,448.21700586345196,0.4823678288130395,15.557929609591156,4.718073745931073,1.8277520752604275,489.9166141972675,1.9098828201328524,15.704457146379685,5.157016991550185,1.8161497607499988,48.141609665697544,0.010314468441354308,3.135220951302607,0.48141609665697543,0.6277755472046694,419.4933836040469,0.4823678288130395,8.479168827133435,4.1949338360404695,1.1494170691152874,467.6349932697444,1.9098828201328524,8.551830996804709,4.676349932697445,1.1512325307568239,15.893130254313036,0.010882930659659174,2.588176156087166,0.5676117947968942,0.6952989477068581,126.08193784784731,2.060535255958712,9.875858680527926,4.502926351708832,2.0972319931533914,141.97506810216035,2.9017423380635856,11.795609544784835,5.070538146505727,2.2939211114359614,47.61368544570394,0.011208077013820539,2.6419299627938333,0.45782389851638405,0.6233262657708086,426.35038444514345,0.4823678288130395,8.479168827133435,4.099522927357149,1.2527343608805819,473.96406989084744,1.6515884262224851,8.551830996804709,4.557346825873533,1.2530702403482876
c<E>r<104>R<GLY>,115.05259802640732,1.3817976692417675,4.340899417342021,1.8861081643673332,0.7293680933334158,60.84307095669001,2.747555684863442,5.760804764021837,3.802691934793126,0.7215563110894072,70.29892439876642,2.200869557069656,4.875398162958198,3.9054957999314674,0.6965128901236219,126.30742002470781,1.3226749234584736,3.8474299891279364,1.6193258977526643,0.5839504127504418,140.86226539333106,1.2278533295640348,3.8934170163086783,1.7607783174166383,0.6673910432845082,96.66656318211399,2.200869557069656,4.856520785030144,2.761901805203257,0.6181349139590603,150.6991334716771,1.2278533295640348,3.7619503778144203,1.553599314141001,0.4936106946399782,40.789543105335795,0.0167731043099284,4.556682809121664,0.6373366110208718,1.0326846705462092,313.014858009517,0.4823678288130395,12.06207119023594,4.890857156398703,1.7107978792395908,353.8044011148528,1.9098828201328524,12.16667555409214,5.528193767419575,1.7743940361361257,17.20172238616989,0.019515492483435537,4.973939202034398,0.8600861193084945,1.1859448672605175,165.59509275955907,3.519192353428025,14.674327060608675,8.279754637977954,2.7828237772686917,182.79681514572903,4.304415406449836,14.974543214160244,9.139840757286452,2.4313467825266466,25.866758551870888,0.017279013047412306,5.307047490605321,1.1246416761682994,1.3805467962558413,173.09575583802234,3.077986434174136,15.127306300065257,7.525902427740101,2.704620416902028,198.96251438989322,3.3587456609408273,16.420808629217355,8.6505441039084,2.985895265081943,39.202397672187956,0.017804656613040315,3.9516029954545324,0.5091220476907526,0.8555345406467164,335.79182144905656,0.4823678288130395,9.846336417206658,4.360932746091644,1.2629808550083437,374.99421912124456,1.9098828201328524,10.251198643859553,4.870054793782397,1.431844967249637,48.865586941504645,0.010314468441354308,4.603311304496691,0.5959217919695688,0.906946411720228,336.2500555572173,0.4823678288130395,8.126891979012044,4.100610433624602,1.3516414038148832,385.11564249872197,1.9098828201328524,8.17440134098119,4.69653222559417,1.417350096413217,29.93828139776116,0.010882930659659174,4.071465665770816,0.6962391022735154,0.8950194325779258,219.58099457463476,2.0649666603051173,11.627159083424203,5.106534757549645,2.331065354150517,249.51927597239595,2.754016145658395,11.719467461659868,5.802773859823161,2.4558249862439703,45.73466828107628,0.011208077013820539,4.0165277990313015,0.5138726773154638,0.8142664276263212,334.5970654622189,0.4823678288130395,7.339285669732817,3.7595175894631336,1.1503196119772436,380.33173374329516,1.6515884262224851,7.955654380046973,4.2733902667785975,1.2429969081438084
c<E>r<105>R<GLU>,111.78009664575352,1.3852509009102367,4.308841003375075,1.9610543271184828,0.7417897870679027,57.13867659899945,2.2957140962690508,5.229650023986612,3.571167287437466,0.7125344175879682,59.16454057850276,2.200869557069656,4.856520785030144,3.9443027052335173,0.6376253866355419,121.462163347521,1.323782448888465,3.8474299891279364,1.6413805857773107,0.5700373866441606,129.54560083507732,1.2289479555274259,3.5636366181940415,1.774597271713388,0.6407978657545789,87.079264606249,2.200869557069656,4.856520785030144,2.721227018945281,0.6048271053586727,138.29142903962284,1.2289479555274259,3.418155943128011,1.5365714337735872,0.4206652792769103,42.171910669829884,0.012902665584487494,4.556682809121664,0.6913427978660637,1.0907589891395466,323.6862650338242,0.4848680187228638,12.06207119023594,5.30633221366925,1.604632121547874,365.8581757036541,1.9176036851126455,12.16667555409214,5.997675011535313,1.6168213471640882,13.041259873791207,0.019515492483435537,3.913127157600183,0.7245144374328448,0.9323382188131393,133.25096774299715,1.3231208785510882,11.101576953111362,7.402831541277619,2.812628011803371,146.29222761678835,1.7604077923972261,11.375046728822038,8.127345978710464,2.7299561082348625,18.755188506649148,0.01824432744859017,4.902440118741064,0.8931042146023404,1.1479985065477287,181.25554946544986,4.900708405464513,15.962671648651451,8.631216641211898,3.1173726775039903,200.010737972099,5.99897993511998,16.420808629217355,9.524320855814238,3.03775832737192,41.62866871752402,0.013938743465264025,4.576623098228808,0.5946952673932003,0.9674925822668153,319.58619161873526,0.4848680187228638,8.69009691112592,4.565517023124789,1.3614580822381934,361.2148603362593,1.9176036851126455,9.218150796320387,5.16021229051799,1.530559060879116,48.21518171157423,0.010314468441354308,4.099990674316194,0.6344102856786084,0.8761095039578333,326.9286478904084,0.4848680187228638,8.126891979012044,4.301692735400111,1.280104701103741,375.1438296019826,1.9176036851126455,8.17440134098119,4.9361030210787185,1.3455943309973988,27.088705972372416,0.011208077013820539,4.071465665770816,0.7128606834834846,0.883255304723985,194.8039719339746,1.3231208785510882,12.555123624692786,5.126420314051963,2.466813643588056,221.89267790634702,1.7604077923972261,12.58563770840917,5.839280997535448,2.5541099866615995,45.31574287242426,0.010469463350896824,3.700254181006432,0.5394731294336221,0.8095264433928098,325.21958131633454,0.4848680187228638,7.364372280779264,3.871661682337316,1.144239650737963,370.5353241887588,1.6515884262224851,7.965778801542353,4.411134811770938,1.2740716637919032
c<E>r<106>R<GLY>,120.64328822531952,1.3852509009102367,4.035984416004724,1.9149728289733257,0.6951042436944241,76.31625087119568,2.2957140962690508,5.359923751988322,3.634107184342651,0.7702528058018083,71.7318635586689,2.200869557069656,4.856520785030144,3.7753612399299423,0.6162456749208501,138.61401662047894,1.323782448888465,3.8474299891279364,1.630753136711517,0.5509193726904227,146.82222172469255,1.2282545278431454,3.5646435498142828,1.7689424304179826,0.6244883293875958,110.35622799411497,2.200869557069656,4.856520785030144,2.6916153169296333,0.5523459065386277,164.21904142971584,1.2282545278431454,3.4862749925705026,1.5639908707591985,0.4714932274657108,47.45843827779598,0.012902665584487494,4.258780680467529,0.6007397250353921,0.8944617100100511,408.93016874763606,0.4848680187228638,8.69009691112592,5.176331249970077,1.3351477102004339,456.38860702543207,1.9176036851126455,9.165902169138683,5.777070975005469,1.2996977580358111,30.047062048717493,0.026213963907025573,5.87029305326023,1.0015687349572497,1.3226857072384237,232.08386740377438,1.3231208785510882,14.310850948555526,7.7361289134591456,2.9917855248015606,262.1309294524919,1.7604077923972261,15.141112765866199,8.737697648416397,3.0329893042278306,22.78635503978506,0.021246678334787106,3.225035224391897,0.8439390755475948,0.826601060459343,209.7811783035482,3.7926044222850948,18.48162673776017,7.769673270501785,3.679129507284504,232.56753334333325,5.735574626465701,18.7242458114028,8.61361234604938,3.6443224056062227,50.200311796978596,0.013938743465264025,5.009726485064331,0.5577812421886511,0.8720883596818456,407.5343519764556,0.4848680187228638,8.69009691112592,4.528159466405062,1.3861072213723487,457.7346637734342,1.9176036851126455,9.165902169138683,5.085940708593713,1.4732573408038585,54.60177908813377,0.013375387631032964,3.700254181006432,0.5515331221023613,0.7237019403316719,406.36578035710903,0.4848680187228638,8.61109492696437,4.10470485209201,1.0992049681174771,460.9675594452428,1.9176036851126455,8.74217355810431,4.656237974194371,1.0958812363131654,39.02754910207187,0.011208077013820539,6.027526766148725,0.6728887776219289,1.1331036835838082,293.7653590347823,1.3231208785510882,12.872402918271305,5.064919983358315,2.5754762856771003,332.7929081368541,1.7604077923972261,13.509574848056133,5.7378087609802435,2.723843647659614,56.9895325121612,0.010469463350896824,3.700254181006432,0.5326124533846841,0.7978784365804639,404.3747110389288,0.4848680187228638,7.182195656782142,3.779202906905877,1.1401366664693187,461.36424355109,1.6515884262224851,7.560703067696156,4.311815360290561,1.1201565466337695
c<E>r<107>R<SER>,137.84545897558695,1.3852509009102367,3.6831733143982017,1.7672494740459865,0.5611544366386261,61.38554857855,2.2957140962690508,4.510293655015803,3.4103082543638887,0.5729156556717364,58.396109269502865,2.6388386278348475,4.746281766066437,3.893073951300191,0.5179357827043397,148.99965107119453,1.323772837439603,3.6205902929964813,1.5360788770226241,0.4132394075957783,158.19399994621935,1.226156277110499,3.6831733143982017,1.6829148930448867,0.5249839564521581,87.39417186356515,2.240833910873496,3.0395970220082877,2.570416819516622,0.2894006027577628,169.31682008972328,1.226156277110499,3.6205902929964813,1.4983789388471087,0.37429449046960556,54.71330429896359,0.012598344987410748,5.540399309629703,0.6079256033218177,0.9533659316036307,455.6040104460542,0.4848680187228638,11.325598846633426,5.062266782733936,1.637207610079479,510.3173147450178,1.579501605091667,11.366326920742427,5.670192386055754,1.5727291202341718,20.35496397256466,0.01661451946571546,5.87029305326023,1.017748198628233,1.3054671847582526,130.9439416769976,1.3231208785510882,9.985606198139692,6.5471970838498805,2.2056481602004614,151.29890564956227,1.7604077923972261,12.707602896606023,7.564945282478114,2.390272350623987,20.16023629488823,0.09577246728346811,2.1472872085674446,0.8765320128212274,0.5361351971925548,139.45842133442488,3.7926044222850948,9.385905184941748,6.063409623235865,1.2367254865123696,159.6186576293131,5.423553915033694,10.667292917200747,6.939941636057092,1.1427732925696465,54.66428344749408,0.012598344987410748,5.292995984150056,0.5754135099736218,0.9082212117411447,430.5291283890735,0.4848680187228638,11.325598846633426,4.531885561990247,1.6582011545189927,485.1934118365676,1.5142815245418235,11.366326920742427,5.107299071963869,1.6600995239789,59.43102437380902,0.012308169065294194,3.063251961938561,0.52593826879477,0.6999514859473014,467.79468230657795,0.4848680187228638,7.941849802803091,4.139775949615734,1.3373985466564293,527.225706680387,1.579501605091667,8.190463115596808,4.665714218410504,1.280907761901416,25.088727124572895,0.013944617518195201,3.5101036292407697,0.5575272694349532,0.7768782374186629,192.85109294288347,1.3231208785510882,9.719786540682371,4.285579843175189,1.736703247286099,217.93982006745637,1.7604077923972261,10.056689115834274,4.8431071126101415,1.6547759292301834,60.31791233925213,0.010469463350896824,3.294163899859875,0.5584991883264087,0.7841875151026257,412.8451303961021,0.4848680187228638,7.941849802803091,3.8226400962602045,1.410831942772228,473.1630427353542,1.5142815245418235,8.190463115596808,4.381139284586613,1.318876306548705
c<E>r<108>R<ARG>,115.78622197143231,1.3536197396939476,3.7036378379684485,1.8675197092166502,0.6269186052363678,58.11883622818573,2.143220935515462,4.510293655015803,3.418755072246219,0.6885721055155789,59.35312851086832,2.6388386278348475,6.789403066109125,3.9568752340578883,0.8846145666339262,130.09779160452757,1.3208028206229863,3.6447987394592696,1.6262223950565946,0.5557183642890261,137.3001341191045,1.226156277110499,3.6205902929964813,1.7602581297321092,0.5667574189808218,86.95400500328263,2.143220935515462,4.37457986806765,2.6349698485843223,0.43323183245019065,150.43928453285645,1.226156277110499,3.6205902929964813,1.567075880550588,0.4585834578996127,40.23026239685525,0.012598344987410748,3.2212583793847083,0.5293455578533586,0.7647207342459759,387.041777860985,0.4856329512579265,11.325598846633426,5.092654971855066,1.6228290909865009,427.27204025784033,1.336359394635482,11.366326920742427,5.6220005297084255,1.5552647126293226,16.396727839415888,0.020387019891964897,3.085487302698997,0.7807965637817089,0.8120245538488227,140.30067486863567,1.3231208785510882,11.604447002725259,6.680984517554079,2.2582393446875004,156.69740270805156,1.7604077923972261,11.787130187372583,7.461781081335788,2.1007180246728536,17.619284094453334,0.14346625486675713,2.1472872085674446,0.9788491163585186,0.5546378707463576,108.57772793574559,3.7926044222850948,15.095232754288716,6.032095996430311,2.3035510766964604,126.1970120301989,5.700835113242465,15.667137685672877,7.0109451127888285,2.1376428188669454,40.85631151871681,0.012598344987410748,2.6083852360708804,0.5107038939839601,0.6794824998586857,363.17924386252446,0.4755572497066538,11.325598846633426,4.539740548281555,1.592830691645043,404.03555538124124,1.3032614129046467,11.366326920742427,5.0504444422655155,1.551320055200216,42.08401382115774,0.012308169065294194,2.4904074521726667,0.4525162776468574,0.5971924425613291,379.2021288378449,0.4856329512579265,8.822019438497037,4.077442245568225,1.3240047869980507,421.2861426590026,1.336359394635482,8.877240057044647,4.529958523215082,1.2544218097499402,25.815788515802495,0.01533066875053768,3.5101036292407697,0.679362855679013,0.8686168641815021,156.2198595091616,1.3231208785510882,12.847846287471299,4.111048934451621,2.439767276567458,182.03564802496408,1.7604077923972261,13.616593268777141,4.790411790130634,2.377762911388665,44.457955913571425,0.012308169065294194,3.294163899859875,0.5110109875123152,0.694473851645884,322.26520306211563,0.4755572497066538,8.822019438497037,3.7041977363461567,1.4708719577511968,366.7231589756871,1.3032614129046467,8.877240057044647,4.215208723858472,1.387933921498045
c<E>r<109>R<LEU>,146.01519393503725,1.3536197396939476,3.9931903479672113,1.8963012199355487,0.6955892578968181,53.297876409433414,2.143220935515462,4.510293655015803,3.553191760628894,0.5209792005488243,68.6170364097938,2.5860751043242747,4.746281766066437,3.8120575783218777,0.5537319564902173,154.6023030800085,1.3208028206229863,3.9931903479672113,1.6623903556990163,0.6167650450538652,169.4531048275744,1.226156277110499,3.607273359016284,1.7651365086205668,0.6105214151530175,88.09528890395623,2.143220935515462,3.27558053579039,2.591037908939889,0.3149887236573931,177.51971370739446,1.226156277110499,3.607273359016284,1.584997443816022,0.5083202769861449,61.77174375524084,0.012598344987410748,3.53089745230044,0.5615613068658258,0.7854929075134545,555.6075309184224,0.48608255875029727,11.325598846633426,5.05097755380384,1.4299955439154108,617.3792746736632,1.336359394635482,11.366326920742427,5.612538860669665,1.3778191476478818,15.856027556490707,0.011657184111088625,3.085487302698997,0.9327075033229828,1.019384320508099,109.60657855135756,5.327462924474787,8.487285476509797,6.44744579713868,0.8803631222211388,125.46260610784827,5.897093365047732,8.654882579947731,7.3801533004616635,0.7644549426075895,24.844354374667663,0.04629623047799569,2.574639227164184,0.9201612731358394,0.6675516366514118,158.60909060972654,4.600973761838345,8.343866932238601,5.874410763323205,0.826500922979021,183.45344498439422,5.700835113242465,9.219644093217426,6.794572036459045,0.7235657288354124,61.76809564784742,0.012598344987410748,3.53089745230044,0.5666797765857561,0.7292604807320704,510.9244381426382,0.4755572497066538,11.325598846633426,4.687380166446222,1.3778417248075616,572.6925337904856,1.3032614129046467,11.366326920742427,5.2540599430319785,1.3493257221511519,66.09433901585064,0.010679819928043344,3.867081964535908,0.5163620235613331,0.6944115341339049,519.4534382538413,0.48608255875029727,8.276543764539277,4.0582299863581355,1.189587197659928,585.547777269692,1.336359394635482,8.353722457931656,4.574592009919469,1.1711058813894204,27.47069965123501,0.011514523108567154,3.22369834342577,0.7848771328924288,1.0065546521464697,127.53123330179825,2.1703150793994155,10.169436189239832,3.6437495229085215,1.5765030457251612,155.00193295303325,2.86053603960979,10.398431276825647,4.42862665580095,1.6081924947912405,66.31546042437728,0.012308169065294194,3.867081964535908,0.5766561776032807,0.7255324986650135,440.4336461648411,0.4755572497066538,8.276543764539277,3.829857792737749,1.3333004301174363,506.7491065892184,1.3032614129046467,8.353722457931656,4.406513970341029,1.3027922047570175
c<E>r<110>R<THR>,118.28369374080019,1.3536197396939476,3.871915154362986,1.9078015119483902,0.7338256901935514,51.81185944138055,2.143220935515462,5.69497735585485,3.7008471029557533,0.8567012204292909,59.32175598913229,2.8705918200120917,5.480929463790325,3.9547837326088193,0.6989494413816416,127.59640164968194,1.3208028206229863,3.871915154362986,1.6570961253205447,0.6095096440596175,140.01154499225123,1.226156277110499,4.328197546528153,1.7950198075929644,0.6698509324262081,86.51552262244536,2.143220935515462,5.613539365184115,2.883850754081512,0.8457868539055862,149.49803253302863,1.226156277110499,4.328197546528153,1.6075057261615981,0.5576563783055168,41.88223580374099,0.011066616593828016,2.737500100320217,0.5046052506474819,0.6643645717399905,406.6645951749374,1.2151504817600767,7.978538904022244,4.899573435842619,1.1510871056633076,448.54683097867843,1.336359394635482,8.024638970080215,5.404178686490101,1.2067176683400536,12.531477948923099,0.020387019891964897,2.829425145059754,0.9639598422248538,0.9150975193673689,98.62981442154035,5.613586011238106,22.492099934991586,7.58690880165695,4.3466926441165326,111.16129237046344,6.389626665355448,22.51436582988041,8.550868643881802,4.072710471625675,17.76085011911138,0.025104853026593155,2.050268562630631,0.7104340047644553,0.5211361461527994,155.2662775122235,4.532099277195049,9.349712871545876,6.21065110048894,1.2400458054128676,173.0271276313349,4.557204130221642,10.61614260967533,6.921085105253396,1.3491003595654867,41.61998215624416,0.011066616593828016,2.7975893509153993,0.49547597805052573,0.6539462693583964,384.9426277596988,0.4755572497066538,8.096910210810282,4.582650330472605,1.176078472535641,426.56260991594297,1.3032614129046467,8.169114911847018,5.078126308523131,1.1643034241180832,46.73273520034945,0.011066616593828016,2.477712767235321,0.4673273520034945,0.5845414048559248,392.6666667540851,1.2151504817600767,7.978538904022244,3.926666667540851,1.0406424817728719,439.3994019544345,1.336359394635482,7.996233660052314,4.393994019544345,1.0745755205387018,27.960903926183907,0.011514523108567154,3.149613236110614,0.7557001061130786,0.8922209872666146,171.47938142608828,2.091907407463717,10.52237346508193,4.634577876380765,2.5497968791455388,199.44028535227216,2.8020754089142077,10.664585258104351,5.390277982493842,2.694712884272998,46.87106482418931,0.011066616593828016,2.538166425124089,0.4986283491935033,0.5823864072510392,342.2300041155411,0.4755572497066538,7.978538904022244,3.6407447246334157,1.221006181545293,389.1010689397305,1.3032614129046467,7.996233660052314,4.1393730738269205,1.234928993253861
c<E>r<111>R<VAL>,127.21343397756732,1.4905424252205781,3.929625379673915,1.8707857937877548,0.6268236535683939,57.97422158233564,2.6730555344145577,4.460014831091242,3.4102483283726848,0.4607758006133849,70.17876609727315,2.8705918200120917,5.2008998369586035,3.8988203387373974,0.5263973917731847,138.65455179349638,1.32411665216726,3.929625379673915,1.6122622301569347,0.5296677884221405,154.9322801956948,1.226375596441245,3.929625379673915,1.7808308068470666,0.6119187581992988,95.99409956345832,2.2384707636955463,5.2008998369586035,2.66650276565162,0.5066962470082154,165.02242974017713,1.226375596441245,3.929625379673915,1.5716421880016869,0.47574851734949497,49.923654204017495,0.014973815182484085,3.3044616634769,0.6088250512685061,0.7690218649576003,405.06866748888217,1.4596332124639169,7.31452144808026,4.9398617986449045,1.1427186714412016,454.9923216928996,1.5775146170252974,7.388570257033658,5.54868684991341,1.1093640385855745,16.86945521713848,0.09903529991378868,5.180151578888122,1.124630347809232,1.305735636835735,103.24927533785313,5.285743536878783,10.322654800368369,6.883285022523542,1.5527730514060831,120.11873055499166,6.107966021147156,10.675681357560357,8.007915370332777,1.6645857270792448,26.723879765641517,0.025104853026593155,4.978099919253317,0.8907959921880505,0.9622009068186855,183.41224778537745,4.532099277195049,9.215720290669385,6.113741592845915,1.2011035538163732,210.136127551019,4.557204130221642,10.352769531870369,7.004537585033967,1.293332256283997,48.87743108233683,0.011708346697598238,2.701954238744243,0.5371146272784266,0.7121116466565705,420.98242675825384,0.5795821794112983,8.096910210810282,4.626180513826966,1.121244121210811,469.85985784059073,1.5113442154540948,8.169114911847018,5.163295141105393,1.1520632567306202,56.689729235759565,0.012163189943876773,2.96629356449155,0.48042143420135225,0.6449169447371468,453.65044902776333,1.4596332124639169,6.0984582336074915,3.844495330743757,0.9934575578778209,510.34017826352283,1.5775146170252974,7.236491348925442,4.324916764945109,1.0295866268695923,26.48595842705471,0.011514523108567154,4.871012887726939,0.6621489606763677,1.0175900462315073,160.4365547092316,1.9986346798561323,10.52237346508193,4.01091386773079,2.1432017218092283,186.92251313628628,2.4417632035559276,10.544272254096203,4.673062828407157,2.1933435475978573,54.09130962823513,0.012163189943876773,3.151046604886007,0.4917391784385012,0.6759240998890416,399.5857383257012,0.5795821794112983,7.668562441634279,3.632597621142738,1.1917884439976358,453.6770479539364,1.5113442154540948,7.7481008473847455,4.12433679958124,1.225396211424113
c<E>r<112>R<LEU>,122.69908459866032,1.3819891258566217,4.17411811259402,1.9171731968540675,0.7468464907689131,50.85782658045743,2.640299955844992,5.674514382738382,3.6327018986041018,0.7762762983722783,68.99393043295818,2.1932212703672067,5.802383191025326,3.8329961351643433,0.8852723811510578,133.70609039221702,1.32411665216726,3.856213932747978,1.6924821568635067,0.6324322076888363,146.3730109679911,1.226375596441245,3.856213932747978,1.7635302526263987,0.6240451159444688,91.35093907550217,2.1932212703672067,5.2008998369586035,2.768210275015217,0.6222448010696267,157.5599552274752,1.226375596441245,3.856213932747978,1.6077546451783185,0.5165805454395119,42.42541600492452,0.0110272974600365,3.3300494021950033,0.6148611015206452,0.8220669434338832,339.67909086129464,1.4596332124639169,6.872808241375651,4.922885374801371,1.2315345590087134,382.10450686621914,1.5775146170252974,7.7578746337242155,5.537746476322017,1.2897853768055232,11.275594468326563,0.09903529991378868,2.1314778565810624,0.8053996048804688,0.6007420379868552,107.07893463259965,5.285743536878783,11.432721481486912,7.6484953308999755,2.1649917598543706,118.35452910092626,6.096804380372996,12.83580891941886,8.453894935780447,2.114192248610602,24.381463406962304,0.025104853026593155,5.264492721025476,0.9377485925754733,1.2970052589371726,215.9420524033345,2.7946332258447057,23.768542189597106,8.305463553974404,4.754464387850517,240.32351581029678,2.8311549087639287,24.256575089303144,9.243212146549876,4.908241077610306,43.20398801123904,0.0110272974600365,3.234823196438943,0.5333825680399882,0.7763522103270571,392.9217262590954,0.5795821794112983,8.096910210810282,4.850885509371548,1.2709571525815202,436.12571427033447,1.5113442154540948,8.169114911847018,5.384268077411536,1.2622335875710047,47.212051177702975,0.0110272974600365,2.9797803141456347,0.4917921997677393,0.6711943026585578,396.00711085398206,1.4596332124639169,15.519331693933694,4.125074071395646,1.9708130550497676,443.2191620316851,1.5775146170252974,16.09778015332548,4.616866271163386,2.0289012321616693,26.404028496087076,0.02189878901427278,8.593041102285376,0.6948428551601862,1.4561659949309058,183.37234743064812,2.049316697516212,16.60940548753758,4.825588090280213,2.9385293064206697,209.7763759267352,2.3840090729867427,17.00995377615869,5.5204309454404,3.466761379063576,48.81866096214347,0.0110272974600365,3.151046604886007,0.4981496016545252,0.7556472379128337,383.3604319789057,0.5795821794112983,15.519331693933694,3.9118411426418946,1.7523226876963909,432.1790929410492,1.5113442154540948,15.56306798520152,4.409990744296421,1.7512102836700014
c<E>r<113>R<GLU>,113.51615795486171,1.4313248332623818,4.17411811259402,1.9571751371527881,0.7500768727321727,65.22964061727863,2.272006589184954,5.674514382738382,3.8370376833693314,1.0140583669838903,65.27569738259947,2.1932212703672067,4.894048849519377,3.6264276323666373,0.7294606101226221,126.16864660034024,1.312143831775347,4.016459877723674,1.6601137710571083,0.62991284096325,135.80691454599975,1.174811845991718,3.691867357586886,1.7637261629350616,0.621523345850118,97.18502457697832,2.1932212703672067,4.399991537879698,2.699584016027176,0.48621473047551195,147.68626889327945,1.174811845991718,3.3722767346318925,1.5545923041397836,0.46708556659558226,35.74183079336862,0.010844630892190565,3.3300494021950033,0.595697179889477,0.8020996158518952,288.29588771997703,1.4596332124639169,8.657517368091316,4.804931461999617,1.382579630527513,324.0377185133456,1.5775146170252974,9.377867118549666,5.400628641889094,1.5407694185923686,19.406792183554508,0.03148130389091364,3.0710579197400403,0.7187700808723891,0.7579307530356324,275.27009451573576,1.3064524532776431,20.072806009036135,10.195188685767992,4.4164409863434555,294.6768866992902,1.7313814214513976,20.126469345277183,10.913958766640379,4.301192446612887,24.62519723151668,0.01843078474615112,7.23730907885518,1.0260498846465282,1.437600399436853,156.64521379507136,2.7946332258447057,15.05542688686387,6.5268839081279735,2.4706718963668197,181.27041102658802,2.8311549087639287,15.073857671610021,7.552933792774501,2.716103418776487,38.29689655816024,0.0110272974600365,3.234823196438943,0.5550274863501484,0.8281023243122814,320.7001558175828,0.5795821794112983,7.81899793198858,4.64782834518236,1.353244987357009,358.9970523757431,1.5113442154540948,7.923429645531585,5.202855831532509,1.3923878507896097,42.01178173637369,0.010844630892190565,2.665017240058061,0.5061660450165505,0.6703211566220659,327.8049856257806,1.4596332124639169,8.344885144903301,3.949457658141935,1.3009171180892938,369.8167673621542,1.5775146170252974,8.511359555309674,4.455623703158484,1.3357382591968312,32.8734843214304,0.014538243971925269,4.243696567465635,0.6445781239496157,0.9560180235080484,242.93694643912585,1.3064524532776431,11.353177892894067,4.7634695380220755,1.9265383840744716,275.8104307605562,1.7313814214513976,11.397455676795627,5.40804766197169,2.088639511118275,41.868982435830745,0.0110272974600365,3.1270003460660707,0.4550976351720733,0.6757554581063532,351.2038278021786,0.5795821794112983,8.344885144903301,3.8174329108932454,1.442314301509512,393.0728102380094,1.5113442154540948,8.511359555309674,4.27253054606532,1.3914327561225122
c<E>r<114>R<ASP>,112.72628291933763,1.4137205737812637,4.074727040591055,1.9435566020575454,0.7463130748820284,52.889120091289655,2.272006589184954,4.975607797364079,3.5259413394193104,0.9251939996119174,62.47429675432431,2.1932212703672067,4.894048849519377,3.470794264129128,0.7672646060177144,122.44966399791247,1.312143831775347,3.8086655546824533,1.6547251891609793,0.587570357969922,136.46772678253816,1.2162580889557495,3.6334542744539515,1.7723081400329632,0.6216542452669943,93.94354891748543,2.1932212703672067,4.975607797364079,2.76304555639663,0.6366394007472662,146.12765189541383,1.2162580889557495,3.352657516124433,1.5712650741442347,0.4611371960608387,38.08208711169603,0.010589856937423647,3.5251045896932833,0.6347014518616005,0.8778822917883923,326.7503188841091,2.8556646130535484,14.686828624090474,5.445838648068485,1.9592115519417892,364.8324059958052,2.885704959828045,14.850345481170717,6.0805400999300865,2.0255644664817005,10.780658747499148,0.016457425342196075,2.1314778565810624,0.6341563969117145,0.6058381076014184,158.2644444114364,1.3064524532776431,22.114531291918013,9.309673200672728,4.881328479402646,169.04510315893555,1.7313814214513976,22.163459865892417,9.943829597584443,4.667499460890433,21.55896697439063,0.01843078474615112,7.803720986391251,1.197720387466146,1.9551581156588396,123.59605029668515,2.7946332258447057,15.05542688686387,6.866447238704731,2.768654431167267,145.1550172710758,2.8311549087639287,15.073857671610021,8.064167626170878,2.984528563514239,35.47322088128124,0.010589856937423647,3.4917209849772313,0.49962282931382035,0.8112726547434697,334.0751759608384,1.7427959642087671,11.706376789995502,4.705284168462513,1.716258547894754,369.5483968421197,1.769550736656039,11.811514837695047,5.204906997776334,1.8317757810765807,45.13068212752102,0.010589856937423647,3.4647547991484355,0.5861127549028704,0.7913740288769467,330.5228486790597,1.8439311152546907,10.562838029256582,4.292504528299476,1.592869592496928,375.6535308065807,1.8624514564311605,11.049000497440847,4.878617283202347,1.6648777967457191,25.246352508772475,0.014538243971925269,4.891441602052852,0.5259656772660932,0.8483928126738881,220.87564477961357,1.3064524532776431,11.353177892894067,4.601575932908616,2.061114375471139,246.12199728838607,1.7313814214513976,11.397455676795627,5.12754161017471,2.1812077592437014,41.82186006969764,0.010589856937423647,3.4833266009393604,0.4496974201042757,0.7297632708462263,362.09077175932424,1.7427959642087671,10.562838029256582,3.893449158702411,1.620154422195475,403.91263182902196,1.769550736656039,11.049000497440847,4.343146578806688,1.696590309307849
c<E>r<115>R<LEU>,115.3897790824729,1.3715435061674652,4.614814446691197,1.9557589674995406,0.8286847712930491,58.92698932475032,2.640299955844992,4.975607797364079,3.682936832796895,0.7485999081550478,46.10801598931999,2.1980271475993676,7.186371591881758,4.191637817210908,1.1398886452282673,136.46791139287834,1.3259548825950336,4.614814446691197,1.7956304130641887,0.7597347936831922,128.8080156251825,1.2283952628390182,4.333920603685757,1.8141974031715844,0.7537090260095474,77.51679605163147,2.1980271475993676,4.975607797364079,2.768457001843981,0.6182413549561817,148.27710192476763,1.2283952628390182,4.333920603685757,1.684967067326905,0.6497703435061457,41.07410563452022,0.0110272974600365,3.975418958535668,0.6519699307066702,0.8301709530124106,311.9306204840052,0.4980744075264738,14.686828624090474,4.951279690222305,1.8298859480785676,353.00472611852547,1.894232372975361,14.850345481170717,5.603249620928976,1.816697479755399,10.77757522557695,0.016457425342196075,2.1314778565810624,0.6339750132692323,0.6073748123257645,163.96062427607296,5.285743536878783,24.42435730885808,9.64474260447488,5.228504920412336,174.73819950164994,5.618157757655229,24.514398902231317,10.278717617744114,5.040319149895033,10.834021217332587,0.028124772587335478,2.1592412780634938,0.7738586583808991,0.6004757317408448,118.85766715570489,4.415178232458459,27.321926255688993,8.489833368264636,5.72820784879126,129.6916883730375,5.55568816508443,27.654905417830072,9.263692026645534,5.621825599188242,49.277748471425404,0.01093798060826634,3.975418958535668,0.5415137194662132,0.8026617620983341,407.3346817283594,0.4980744075264738,11.706376789995502,4.476205293718235,1.5896059328819963,456.6124301997848,1.769550736656039,11.732335890308729,5.017719013184449,1.64700012765079,43.218122130749826,0.0110272974600365,2.5402292733934786,0.5920290702842442,0.7094231368910442,301.2738278464315,0.4980744075264738,7.482651312631347,4.12703873762235,1.0972747910842109,344.49194997718126,1.894232372975361,7.597316563876431,4.719067807906593,1.1543531148303123,11.462517445517127,0.014538243971925269,2.3349145834421963,0.3371328660446214,0.44404535354696295,205.81364527090824,2.1721366400927877,20.820990239982567,6.05334250796789,4.0076847478563,217.27616271642538,2.3840090729867427,21.07598599469543,6.390475374012511,3.96195561357487,50.27924685012439,0.01093798060826634,2.990374800377822,0.5292552300013094,0.7193357890399711,361.96384986982264,0.4980744075264738,7.81899793198858,3.810145788103396,1.346806652266448,412.2430967199471,1.769550736656039,7.858367737663829,4.339401018104707,1.3923093623560057
c<E>r<116>R<LYS>,111.61935735359371,1.3647940700382173,4.190241192326204,1.9244716785102365,0.7568557748595853,56.338202159974514,2.293133347406671,5.632843623156013,3.521137634998407,0.9543842938267341,55.561303185488974,1.8825449623784223,7.186371591881758,3.9686645132492124,1.327417917276165,129.3952018864323,1.325481326922381,3.693423008083421,1.725269358485764,0.6542353052119579,132.0304214543083,1.2164397219826026,4.246115697020867,1.8086359103329905,0.7235537441129828,86.23628590127001,1.8825449623784223,4.75457389635959,2.7818156742345166,0.6557602240456191,148.59171826801733,1.2164397219826026,4.015309132652794,1.6510190918668592,0.6051001813113751,34.906288405603895,0.010589856937423647,3.56159772512221,0.5817714734267316,0.7635005206781601,277.97564993460014,0.48598458209109197,14.412158938522452,4.632927498910003,1.9615346864293501,312.8819383402041,1.3890356899366685,15.363468120325697,5.214698972336735,1.9979397726983859,16.744524369609337,0.019918603151417358,6.571285483619437,0.9849720217417257,1.5442968417049974,166.2829376370122,1.3232342262956536,23.346915163507504,9.781349272765423,5.986326015764932,183.02746200662153,1.7584647030549694,23.36683376665892,10.766321294507149,5.819412516149381,24.282704039819404,0.028124772587335478,7.143972557393553,1.278037054727337,1.7437225896707342,169.32797833284886,4.415178232458459,21.940656861709968,8.911998859623624,4.149984450751191,193.61068237266826,5.55568816508443,22.611009906975397,10.190035914350961,4.229215165030203,40.46823271197255,0.010589856937423647,3.374180675255686,0.4705608454880529,0.6595517922292105,352.13113489270506,0.48598458209109197,14.412158938522452,4.094548080147733,1.8113917766948355,392.59936760467764,1.3849725332990959,15.363468120325697,4.565108925635786,1.8362156533352403,46.794820266578334,0.010589856937423647,4.902513894507726,0.6410249351586074,0.8892582544813904,317.8687922487881,0.48598458209109197,15.828346445872342,4.354367017106687,2.1563287951427945,364.6636125153665,1.3890356899366685,15.873507798834495,4.995391952265294,2.24627023460997,30.38811304364356,0.01398232416417855,6.289754197042701,0.7791823857344503,1.3980284915787848,224.56082683800793,1.3232342262956536,13.272542467136418,5.75796991892328,3.0874037169557504,254.94893988165148,1.7584647030549694,14.263398236007877,6.53715230465773,3.3417531028702823,51.57455728438932,0.010589856937423647,4.902513894507726,0.5157455728438932,0.7840671361483014,387.9804462559126,0.48598458209109197,15.828346445872342,3.879804462559126,2.05653323790946,439.5550035403019,1.3849725332990959,15.873507798834495,4.395550035403019,2.133618960125204
c<E>r<117>R<ASN>,113.033314382493,1.3715435061674652,4.190241192326204,1.88388857304155,0.7879382575627422,49.19431215768696,2.293133347406671,5.953657094593492,3.5138794398347826,1.159669199605918,53.676864782508375,2.1980271475993676,5.220901163760531,3.8340617701791695,0.8462350176364273,126.2967784519111,1.325481326922381,3.86435821964341,1.6839570460254814,0.6345899126542796,130.17513852612885,1.2263363716780376,3.9297783783096487,1.735668513681718,0.6939028897516519,84.63023138094546,2.1980271475993676,5.795121794230537,2.9182838407222573,0.9029472776297285,143.42118495194174,1.2263363716780376,3.628346371376148,1.5935687216882415,0.5445186145201314,38.04425200437578,0.010576332059184068,3.5322285011179115,0.5944414375683715,0.7882262885768042,319.05399619068515,0.48598458209109197,8.330728596593652,4.9852186904794555,1.5137601435719676,357.09824819506093,1.915566273726194,9.04762636996832,5.579660128047827,1.45972530976532,10.147997292139253,0.019918603151417358,5.379086402199931,0.9225452083762957,1.522439352892959,109.72714080753465,1.3232342262956536,27.97669955677749,9.975194618866787,7.751496002288847,119.8751380996739,1.7584647030549694,28.49210351107618,10.897739827243083,7.703884583053356,17.221051874494346,0.028124772587335478,2.57519704691928,0.8200500892616356,0.7632716289317828,162.10932655433788,4.415178232458459,16.959159126533734,7.719491740682757,2.7388731706587435,179.33037842883223,5.55568816508443,17.162481179003084,8.539541829944392,2.5625256673943357,36.756658746490885,0.010576332059184068,3.3565520282830468,0.44825193593281565,0.6456640277212485,366.80056449507845,0.48598458209109197,8.330728596593652,4.47317761579364,1.5361795981039903,403.5572232415694,1.769550736656039,9.04762636996832,4.9214295517264555,1.5520656028512705,43.825577231265264,0.010570324333654568,2.6235649976588338,0.5766523319903324,0.7155049045082292,316.1381690233405,0.48598458209109197,8.573728661830813,4.159712750307111,1.564335383170683,359.9637462546058,1.915566273726194,8.605552460597849,4.736365082297445,1.5446637197217654,25.522199988543576,0.011794009259370242,5.379086402199931,0.6544153843216302,1.077614275662286,251.07675041788045,1.3232342262956536,17.26868912956526,6.437865395330268,3.748361674444932,276.598950406424,1.7584647030549694,17.30128717301021,7.092280779651898,3.931408698742635,42.77645426597221,0.010589856937423647,2.6861482885627073,0.4649614594127414,0.6510693260806196,351.1873739423046,0.48598458209109197,8.573728661830813,3.817254064590267,1.6399134887642446,393.9638282082768,1.769550736656039,8.605552460597849,4.282215524003009,1.627687141989335
c<E>r<118>R<VAL>,152.47817615747525,1.3715435061674652,3.9297783783096487,1.8370864597286174,0.7328355602098076,53.00762755908558,2.293133347406671,6.012331016171752,3.7862591113632553,1.2642040854693914,65.21999378889481,3.299300680990273,5.879353413332881,4.3479995859263205,0.7385298307308495,161.9941294626447,1.325481326922381,3.713666000307938,1.653001321047395,0.602629770047724,176.1161332584447,1.2263363716780376,3.8159220406951277,1.778950840994391,0.6988673205905273,89.70352313598434,2.2435515436959994,5.502772654463497,2.990117437866145,0.9659226613195366,184.5286933605476,1.2263363716780376,3.649382217109341,1.6186727487767334,0.553118227753082,63.80575078402835,0.010576332059184068,3.055702780648737,0.55483261551329,0.734789204748928,520.5916457010748,0.48598458209109197,9.05388844547059,4.52688387566152,1.4836760507732314,584.3973964851031,1.5748038563974753,9.075597125711518,5.081716491174809,1.4654826537706687,9.303574072910099,0.02054195256890523,2.7755925415296385,0.5472690631123588,0.7269583910216844,190.61263906295693,1.3232342262956536,25.091463819988405,11.212508180173938,5.792285977661461,199.91621313586705,1.7584647030549694,25.13398354272927,11.759777243286297,5.851571900011196,22.985233666291485,0.028124772587335478,4.338380769175856,0.9194093466516594,0.9084984139240334,215.82222033180312,4.090769230085332,16.959159126533734,8.632888813272125,3.5951253087015997,238.80745399809464,4.675816561417447,17.162481179003084,9.552298159923787,3.4470829676796826,62.76404730123443,0.010576332059184068,2.9873073363482305,0.5021123784098754,0.6586841963021672,540.7714334403164,0.48598458209109197,8.651838626144809,4.326171467522531,1.5055571624585296,603.5354807415508,1.5106881995060464,9.075597125711518,4.828283845932407,1.46385181118005,69.74745143933488,0.010570324333654568,2.6235649976588338,0.5244169281152998,0.6269816403551568,521.6469469069183,0.48598458209109197,8.573728661830813,3.922157495540739,1.3384800717292962,591.3943983462532,1.5748038563974753,8.641255933348981,4.446574423656039,1.3225866838786218,28.023940680111224,0.011794009259370242,5.520824333259544,0.824233549415036,1.0787365299039595,220.4684868918035,1.3232342262956536,14.20839817155695,6.484367261523633,3.8868387347727964,248.49242757191476,1.7584647030549694,14.783122663944269,7.308600810938669,4.174939958557213,68.74568285622315,0.01062882310923996,2.6235649976588338,0.4981571221465446,0.6216045688086569,530.8866219602864,0.48598458209109197,8.651838626144809,3.8470045069585974,1.5183102202520664,599.6323048165096,1.5106881995060464,8.845489466391703,4.345161629105142,1.454087355338607
c<E>r<119>R<PHE>,129.66785205765385,1.3715435061674652,3.720038856281975,1.8263077754599133,0.6375689920919375,54.64212738130884,2.293133347406671,6.012331016171752,3.4151329613318024,0.9906903180518465,59.844733952205125,3.299300680990273,6.49749271259195,4.274623853728937,0.8715307717179545,139.00083504500898,1.3247860998623882,3.4975490991410165,1.5795549436932839,0.4776219463602272,152.74297378333745,1.2262585362562344,3.8129456011275473,1.7760810905039237,0.6383345305810555,83.02735674731667,2.2341829317047397,4.641307701617563,2.678301830558602,0.520038867978367,161.56656190824137,1.2262585362562344,3.8129456011275473,1.568607397167392,0.49246622951173274,43.04647378450717,0.010576332059184068,3.5322285011179115,0.4836682447697435,0.6832304758993925,390.90320002605375,0.48598458209109197,10.304222236069592,4.392170786809593,1.619861610381305,433.94967381056097,1.585970158385277,10.316850574768981,4.8758390315793365,1.5928612752155658,15.161660932254549,0.018028587127751905,5.381934424797905,0.8918624077796793,1.3829766189059254,121.1482569763871,1.3223046404755225,11.613212033326054,7.126368057434536,2.7306660546669583,136.30991790864164,1.7584647030549694,13.777793577289344,8.018230465214215,3.2828645994458543,18.19887005007191,0.16880467193617044,2.651744038398725,0.9099435025035956,0.635767752304518,171.6079319149438,4.090769230085332,20.025074761042347,8.58039659574719,4.145816963887411,189.80680196501575,4.675816561417447,20.246245167053925,9.490340098250787,4.114179170954745,39.351357218207326,0.010576332059184068,3.374180675255686,0.41422481282323503,0.5720522538374692,382.5502336642108,0.48598458209109197,8.651838626144809,4.02684456488643,1.3722494698493013,421.90159088241813,1.522313250372788,9.075597125711518,4.441069377709664,1.3308075356584914,53.64722983212606,0.010570324333654568,2.3744646042207123,0.5013759797394959,0.6313673293371754,387.0492634923314,0.48598458209109197,10.304222236069592,3.6172828363769294,1.337512230262835,440.69649332445755,1.585970158385277,10.316850574768981,4.118658816116426,1.322432773417218,22.07274288303026,0.028677792896688814,5.381934424797905,0.7611290649320779,1.1027593729459921,150.24629726453605,1.3223046404755225,11.456006296401995,5.1809068022253815,3.0340206375182768,172.31904014756634,1.7584647030549694,13.777793577289344,5.94203586715746,3.4239598436548415,52.483201051403796,0.01062882310923996,2.9796494918265166,0.49512453822079056,0.6741632780053156,363.57699421858814,0.48598458209109197,8.651838626144809,3.4299716435715863,1.2915117344153246,416.060195269992,1.522313250372788,8.845489466391703,3.9250961817923775,1.2418868489327621
c<E>r<121>R<PRO>,122.60823038319094,1.3831188295222931,3.936434986168547,1.8577004603513778,0.7146876335375141,55.77767261609219,2.2998301158785814,5.9964605831044695,3.9841194725780134,1.0188251543871918,65.98200400297598,2.1947487324198995,7.017963638754434,4.123875250185999,1.1427073016074096,136.768220462462,1.3229536566869147,3.7607182809585633,1.688496548919284,0.650409976279959,144.25343774095893,1.2262585362562344,3.8129456011275473,1.737993225794686,0.6521864392435373,89.36157481600806,2.1947487324198995,5.648677379050381,2.882631445677679,0.8886620370364545,156.67850216952567,1.2262585362562344,3.706184810433887,1.5987602262196496,0.5403123596186586,40.035574178334215,0.01029910318836258,2.755205699501704,0.4655299323062118,0.6155437908355047,411.26987207285833,0.4873970731230912,9.067087203735355,4.782207814800678,1.470665340097049,451.3054462511926,1.585970158385277,9.08856073718444,5.247737747106891,1.4051364762344407,16.26228571392286,0.018028587127751905,4.248900144386898,0.8559097744169927,1.157661243820303,167.36272649777064,4.087403762200726,13.643282787994394,8.808564552514245,2.6687155474642155,183.62501221169347,6.521173620278832,15.950834019023718,9.664474326931236,2.875920053161048,18.24258514140195,0.14319836777242045,2.1028350349665477,0.7601077142250813,0.5568131916056541,209.4625777775263,3.5061731163332297,28.029153162017906,8.72760740739693,5.310346284756486,227.70516291892824,4.3059258527203434,28.62986419075545,9.48771512162201,5.24682974086336,47.299018647986244,0.010695213889508892,3.228055192010956,0.5499885889300726,0.7327385170703208,387.1964981960596,0.4873970731230912,9.067087203735355,4.5022848627448795,1.4532594690182161,434.49551684404594,1.522313250372788,10.172016800970567,5.052273451674953,1.4158623769504741,51.765806887144294,0.01029910318836258,2.755205699501704,0.4930076846394695,0.6748203647428118,424.6409400617725,0.4873970731230912,9.067087203735355,4.044199429159738,1.3874765049833457,476.4067469489168,1.585970158385277,9.08856073718444,4.537207113799208,1.3652365074613375,25.300107591170722,0.01119124521881254,3.153850475221555,0.6837866916532628,0.8203068924203555,229.74890723857987,2.102448510371019,16.93429963224594,6.209429925367024,3.6685470346597078,255.0490148297506,2.807889770896818,19.029108802409482,6.893216617020286,3.89144456859532,55.272470752264425,0.010758293826492515,3.588926379516792,0.5418869681594551,0.7791487411492376,397.4464351142441,0.4873970731230912,9.067087203735355,3.8965336775906283,1.321470248709705,452.71890586650846,1.522313250372788,9.08856073718444,4.4384206457500825,1.331168734608123
c<E>r<122>R<GLU>,83.0322070496409,1.3873660274951454,4.079349371677298,1.8870956147645659,0.6963338068418359,45.67528697091417,2.887355974874331,6.199239301631446,4.152298815537652,1.0948178485025128,52.700349561877005,2.1947487324198995,5.3111286802396025,4.053873043221308,0.8173464290426822,93.94797310037265,1.3229536566869147,4.079349371677298,1.6776423767923687,0.6694487976722654,105.95817366954405,1.2262585362562344,4.6693313767742035,1.8268650632680008,0.7838585342595955,70.12118181493318,2.1947487324198995,4.9781600982051755,2.804847272597327,0.7077879208906631,113.47080266693266,1.2262585362562344,3.7546548881612725,1.6210114666704665,0.5995511942722086,20.611859242380916,0.01029910318836258,2.402946773262604,0.4385501966464025,0.5577193759550513,235.0913718392306,1.4647464443897684,12.041231435562679,5.001944081685758,1.8917474173212512,255.70323108161156,1.585970158385277,14.444178208825283,5.440494278332161,2.082934492064209,7.684486164877457,0.025210403387167624,2.1650584013159193,0.591114320375189,0.6667519338162189,115.91177821662842,5.807380438362543,12.621244324100246,8.91629063204834,2.4626873678943166,123.59626438150588,6.529017283927819,13.365246426366578,9.50740495242353,2.4185351369893033,17.400643546850326,0.14319836777242045,3.5273866075085625,0.9158233445710697,0.8870978323838039,156.71923821299032,3.5061731163332297,13.699304847951282,8.248380958578437,3.1182674612026386,174.1198817598407,4.3059258527203434,14.09620274970683,9.16420430314951,3.192547800925018,24.506003467138292,0.010695213889508892,3.416926171336147,0.5001225197375162,0.6351411433913743,249.83845075009995,0.5807319805374505,10.45171112465291,5.098743892859183,1.9715750832336156,274.34445421723825,1.522313250372788,12.78133711541361,5.598866412596699,2.1354418493237164,35.85456708651553,0.01029910318836258,6.587773834024624,0.6077045268900937,1.0499365370393887,240.01975350636096,1.4647464443897684,7.052021964515916,4.06813141536205,1.157675420740506,275.8743205928765,1.585970158385277,12.399277944865894,4.675835942252143,1.739102957890245,18.406495130641268,0.01119124521881254,2.7492099232569123,0.6817220418756025,0.8076967234841193,167.23252918977454,2.114898167778165,12.446453257629628,6.193797377399057,3.0459046549259714,185.6390243204158,2.8926950442276267,12.560859913420128,6.87551941927466,3.054379641828391,34.64558501751478,0.010758293826492515,5.932408647359427,0.6078172810090313,0.9243813919272248,233.93966555056852,0.5807319805374505,7.769498513492402,4.104204658781904,1.3981497298338932,268.5852505680833,1.522313250372788,11.383072523891446,4.712021939790936,1.7125394957721611
c<E>r<123>R<VAL>,114.7012500419515,1.5052522529223638,4.034178720100452,1.9776077593439914,0.7427666002921915,51.91253140193831,3.3759443414335766,6.1253106855569746,3.9932716463029467,0.8859659748803161,67.48532704426654,2.19571790692386,5.3111286802396025,3.969725120250973,0.7412803034893306,125.70882928889877,1.3198815644631612,4.190366444425629,1.7459559623458163,0.7373431086494177,137.31940600334994,1.2253434334913909,4.034178720100452,1.8068342895177623,0.6765207582237633,87.05873657581633,2.19571790692386,5.3111286802396025,2.8083463411553655,0.6924107180549394,146.4234102347828,1.2253434334913909,4.034178720100452,1.6269267803864755,0.5944675816998858,42.376960360944764,0.01029910318836258,3.897504502109193,0.5575915836966416,0.825438735544184,416.891226613583,1.4706862658160844,15.72322617579863,5.485410876494513,2.147604510882516,459.26818697452774,1.5951575206532564,16.309918897270087,6.043002460191154,2.129833701663807,15.359848395350323,0.025210403387167624,3.423399784344884,0.9599905247093952,1.0450363058724121,157.67823103540462,4.8969903144179625,18.955928103767747,9.854889439712789,4.015999342609962,173.03807943075495,6.356653050477224,19.79357294327776,10.814879964422184,4.200392822215189,25.1573915394064,0.012498319158698479,5.086594544846376,0.9675919822848615,1.074338305809483,211.55366491991578,3.5061731163332297,13.077679429659156,8.13667941999676,2.761330932593475,236.71105645932215,4.3059258527203434,13.772611335113327,9.104271402281622,2.8406083334539365,48.00371452227317,0.013844297107608483,6.790841355936502,0.6761086552432841,1.0521762596169133,349.48987323702283,0.5807319805374505,10.3166779892465,4.922392580803138,1.2793972904478201,397.4935877592961,1.5227094010708841,11.802127720064684,5.598501236046424,1.4478840658290333,50.76942254186951,0.010119263562744507,5.347255980349978,0.5704429499086462,0.7772413840581393,382.6883697525835,1.4706862658160844,11.143177835849713,4.299869323062736,1.5008169209276958,433.45779229445304,1.5951575206532564,12.399277944865894,4.870312272971383,1.6861151157310663,27.65208801535767,0.01119124521881254,7.299430399904766,0.7900596575816478,1.300264472029278,209.03186255095122,2.1078458411266183,17.78133465516339,5.972338930027178,3.5492071962542737,236.6839505663089,2.8926950442276267,18.414155243451862,6.762398587608826,3.6053167459393465,51.53209238686577,0.010119263562744507,7.807135039480471,0.6523049669223515,1.02027069795377,324.25818944935776,0.5807319805374505,10.3166779892465,4.104534043662756,1.4104434957555494,375.7902818362235,1.5227094010708841,11.155795174034466,4.756839010585108,1.5785287504987688
c<E>r<124>R<ALA>,108.60867568898021,1.3856697083835527,4.285478231024197,2.011271772018152,0.8174782267651614,56.00131732650435,2.259182804437011,6.1253106855569746,3.73342115510029,1.0055922331903862,61.80906654897403,2.19571790692386,4.7140254381842475,3.863066659310877,0.749016817679323,120.20238169143968,1.3229536566869147,4.190366444425629,1.717176881306281,0.708475173904335,131.160640672088,1.2253434334913909,4.197665228315035,1.847332967212507,0.7386364617310281,83.85095105459905,2.19571790692386,3.613942402078374,2.6203422204562203,0.3944122464405573,140.43248514914217,1.2253434334913909,3.6095899595429546,1.6141664959671513,0.5524460702662648,33.03208079099403,0.01029910318836258,2.825039616932555,0.47872580856513086,0.5858855983407382,371.46428111035374,0.48687479537261424,15.076046591791183,5.383540305947156,2.0433605156895824,404.4963619013477,1.919886823643553,15.810170718096781,5.862266114512286,2.058066605944448,14.244369564922945,0.025210403387167624,3.423399784344884,0.8379040920542908,0.9778129411819579,148.97566917367652,2.687009107139829,23.07078329985052,8.76327465727509,4.353422521727344,163.2200387385995,3.038378378102004,23.917195288370507,9.601178749329382,4.350314075659175,21.783383420088587,0.012498319158698479,6.545470383458614,1.1464938642151887,1.4520520849482967,148.19834691008322,5.373188783256921,12.75174582925797,7.799912995267538,2.3945941730394074,169.9817303301718,5.759779547214835,14.358778237115466,8.946406859482726,2.779990987701336,39.968031530979054,0.010858817084359096,4.728855358529756,0.5877651695732213,0.8495775732556129,323.45397106653286,0.48687479537261424,9.379857748649613,4.7566760450960714,1.419659277193941,363.4220025975119,1.394402247896763,12.294796814055715,5.344441214669293,1.6662855087755164,45.52481849520662,0.010119263562744507,3.3462137145789494,0.57626352525578,0.7179291315358793,351.3982024079936,0.48687479537261424,10.172286841955213,4.44807851149359,1.836280205502154,396.9230209032002,1.919886823643553,11.117935850564933,5.02434203674937,1.8638179116788085,27.0853344370606,0.012130879335149114,8.485947617623284,0.9028444812353533,1.6999599110768915,145.14665753678753,2.0148371824964215,12.75174582925797,4.838221917892918,2.7221743858481373,172.23199197384815,2.9790280071487305,12.803281049010392,5.741066399128272,2.903211863261214,45.54469163601701,0.010119263562744507,6.375201825730086,0.599272258368645,0.9689968601682162,308.05277524136676,0.48687479537261424,9.897619032496905,4.053325990017984,1.8042662852451743,353.5974668773837,1.394402247896763,9.99967035861582,4.652598248386627,1.826904160245452
c<E>r<125>R<VAL>,132.8408928158549,1.3726279973858533,3.751204909595517,1.8977270402264983,0.6779033709775569,52.78177730621136,2.259182804437011,4.579459945412121,3.518785153747424,0.7603254971614639,75.47939908018118,2.4237611800889622,5.59045896278896,3.9725999515884833,0.8062918589400324,140.46133428029134,1.3237667818774421,3.751204909595517,1.633271328840597,0.5686578402870335,163.08603621538617,1.2283197150781031,3.5988303070044503,1.8120670690598464,0.6565286195328931,91.16932155511331,2.2385972617240824,3.613942402078374,2.6048377587175233,0.3436159121284188,169.3824051767874,1.2283197150781031,3.592668646669372,1.5979472186489376,0.5220964526110471,52.1535293356521,0.010366193634540721,3.703303549846752,0.48290304940418616,0.648062394565216,530.7489491035403,0.48687479537261424,8.520362584733675,4.914342121329077,1.3651025327168655,582.9024784391925,1.8974018423203038,8.535630337850245,5.397245170733264,1.3656812803208147,13.802608979746765,0.03188855607271712,3.4872082007815983,0.8119181752792215,1.032147299001949,123.19133480475239,1.3243743167652156,15.378509368091954,7.246549106161905,3.2667847888526467,136.99394378449915,1.7607033692107488,16.79748195807963,8.058467281441127,3.408493827925626,25.63989855592587,0.010628434737515846,2.970555195046863,0.8270935018040604,0.774891847518538,283.90465299536856,5.031918037579317,26.662502557244807,9.158214612753826,4.756392780539848,309.54455155129443,5.759779547214835,26.673130991982323,9.985308114557885,4.558985632601842,49.98177931874436,0.010366193634540721,3.032002147847207,0.4715262199881543,0.63908803368755,484.9632906921913,0.48687479537261424,8.127481541806674,4.575125383888597,1.3798357038368012,534.9450700109358,1.394402247896763,8.23694536978813,5.046651603876752,1.3690036056036878,63.299886761789885,0.010119263562744507,3.4770982728286537,0.4869222058599222,0.6352728141176123,542.2249388921659,0.48687479537261424,9.561135536162112,4.170961068401277,1.482994755684561,605.5248256539558,1.8974018423203038,9.774392165354389,4.657883274261198,1.453056259071638,22.731187587410197,0.012130879335149114,3.4994069114919597,0.5682796896852549,0.7321449152404703,193.11513237530215,1.3243743167652156,15.378509368091954,4.8278783093825535,3.0395657310321558,215.84631996271236,1.7607033692107488,16.197034269585437,5.396157999067809,3.0510240339036123,57.66024906326606,0.010119263562744507,3.312826713154462,0.4687825127094801,0.6340400236912068,479.89965919027026,0.48687479537261424,9.561135536162112,3.901623245449352,1.5684978429026093,537.5599082535363,1.394402247896763,9.621313603729988,4.370405758158832,1.527154834162086
c<E>r<126>R<PHE>,136.3305658646998,1.3856697083835527,4.112038569434968,1.8675419981465724,0.6530795393907812,63.93506361249367,2.259182804437011,5.3007390882616825,3.551947978471871,0.7504403550165839,73.54216432154153,2.1951704699599266,5.59045896278896,3.8706402274495546,0.9084106184204402,147.79660956692712,1.3237667818774421,3.669874696631594,1.6064848865970338,0.5097843213409498,166.30156193921013,1.22975637852414,3.7470985073054903,1.788188838056023,0.6567248659177894,100.96084924968744,2.1951704699599266,3.9741461487703655,2.6568644539391433,0.4543376751542503,177.2528633395807,1.22975637852414,3.731903618695616,1.5826148512462563,0.5192022711456209,57.24630294867857,0.010858817084359096,3.703303549846752,0.4731099417246163,0.7229406463373751,593.7463020310388,0.48687479537261424,8.127481541806674,4.906994231661478,1.3754566405482027,650.9926049797173,1.5746209654358974,8.23694536978813,5.380104173386093,1.358116509520529,17.619960978167104,0.01645885309872419,3.4872082007815983,0.7341650407569627,1.0229377401623378,197.49032915471662,1.3243743167652156,24.024153991035746,8.22876371477986,4.937011603272995,215.1102901328837,1.7607033692107488,24.233426308409193,8.96292875553682,4.774585126969231,22.822861038978395,0.01675840723077293,4.508235583320346,0.8778023476530152,0.9617664504540213,203.22044162778258,5.031918037579317,13.275053243049172,7.816170831837791,2.2131501191967033,226.04330266676098,5.759779547214835,13.311733807250413,8.693973179490808,2.148316519398329,58.708369360644454,0.010858817084359096,3.0599135182716353,0.48923641133870377,0.7367609384926772,550.6728000832634,0.48687479537261424,8.127481541806674,4.588940000693862,1.4255532069976742,609.3811694439078,1.394402247896763,8.23694536978813,5.0781764120325645,1.4030028607673677,67.32677249196226,0.010119263562744507,3.04923723222236,0.5178982499381712,0.6953815935871949,540.5436282216713,0.48687479537261424,9.209914221863073,4.158027909397472,1.5072818238893713,607.8704007136334,1.5746209654358974,9.25716796584627,4.675926159335642,1.4728338746493366,28.4905371578169,0.012130879335149114,4.272045687634758,0.6061816416556787,0.8683275113161336,234.2788478376724,1.3243743167652156,24.024153991035746,4.984656336971753,3.5509593193714784,262.7693849954893,1.7607033692107488,24.04770097150373,5.590837978627432,3.5467196789904145,67.53549596702152,0.010119263562744507,3.312826713154462,0.5402839677361722,0.7001183716334576,476.398036320919,0.48687479537261424,8.127481541806674,3.811184290567352,1.4760775799262293,543.9335322879406,1.394402247896763,8.23694536978813,4.351468258303525,1.4586819531009008
c<E>r<127>R<GLU>,131.76856545530532,1.3634352054681302,4.112038569434968,1.8558952881028918,0.6447297267924538,70.13538556397447,2.2922270090683976,5.060554415000998,3.339780264951165,0.7989409921591414,53.642834619089335,2.1951704699599266,5.870674256699306,3.831631044220667,0.9029217476660522,145.06115298459545,1.3237667818774421,3.592668646669372,1.5597973439203812,0.4418410092091387,150.87486965790671,1.2290036747698818,3.7470985073054903,1.7543589495105432,0.6013450084187444,95.77344025490422,2.1951704699599266,5.060554415000998,2.660373340414006,0.5942807916784048,164.3519732978963,1.2290036747698818,3.5435448220359804,1.521777530536077,0.4146072118625641,49.75978013132902,0.010858817084359096,3.7080854789998776,0.5026240417305962,0.7375774704565565,472.1077621286702,0.4985080187307176,8.127481541806674,4.768765274026971,1.3743424047170365,521.8675422599991,1.3884467929054423,8.23694536978813,5.271389315757567,1.4058904094606435,21.351093904126884,0.01645885309872419,3.378800314184467,0.7907812557084031,0.8845573684161683,183.01019255588926,1.3226031337783297,17.567028757782282,6.77815527984775,3.0118332325751562,204.36128646001615,1.7603986795095303,17.644936514659324,7.568936535556154,3.0644082430434496,12.559442155314073,0.01675840723077293,2.5374906873497274,0.6610232713323196,0.6512856886668618,151.96309237655032,5.031918037579317,11.485288749237952,7.998057493502649,2.1331080902202975,164.5225345318644,5.796732524331751,11.73538058407262,8.659080764834968,1.8881936735118374,51.15644233797806,0.010858817084359096,3.434364237339559,0.4826079465846987,0.7136622733979764,471.7720894912288,0.4985080187307176,8.127481541806674,4.450680089539895,1.3531552417853656,522.9285318292068,1.3854035595257836,8.23694536978813,4.933288036124592,1.327010300599253,55.02145638811595,0.010858817084359096,3.1092827091209294,0.544766894931841,0.7115709482372163,394.1425285432722,0.4985080187307176,8.127481541806674,3.9024012727056654,1.2141269625699775,449.16398493138814,1.3884467929054423,8.23694536978813,4.447168167637506,1.239977683010006,25.264278848515236,0.015288994870114259,3.4788877204360666,0.5875413685701217,0.7052565169382607,186.20016077813284,1.3226031337783297,8.39150167587286,4.33023629716588,1.9036279940399983,211.46443962664804,1.7603986795095303,9.692911778879612,4.917777665736001,2.082496050196338,55.79228890711758,0.010858817084359096,3.1602146256056,0.5165952676584961,0.6664028895081172,399.84630623624093,0.4985080187307176,8.127481541806674,3.702280613298527,1.3205684100228063,455.63859514335854,1.3854035595257836,8.23694536978813,4.2188758809570235,1.292609155976345
c<E>r<128>R<PRO>,127.82080851362409,1.3634352054681302,3.720018647248394,1.852475485704697,0.6500537756763015,59.292972147061015,2.2953232292856467,5.060554415000998,3.487821891003589,0.7625844454212625,63.805075755183374,2.197541327503006,5.871237406939493,3.753239750304904,0.7554590666780909,139.06640511062744,1.3237667818774421,3.655004960010187,1.598464426558936,0.5135965820217453,150.9753907161238,1.2290036747698818,3.648865514893187,1.7353493185761355,0.6040219386824045,95.26895167794439,2.197541327503006,5.060554415000998,2.721970047941268,0.5578638279529239,161.77465952150098,1.2290036747698818,3.648865514893187,1.540711043061914,0.4518036359360521,47.20497834597995,0.011958088968119451,3.084097569213429,0.536420208477045,0.704032487452797,427.65658909506305,0.4985080187307176,9.272067688660172,4.859733966989353,1.436073076608572,474.861567441043,1.3884467929054423,10.961574356168192,5.396154175466398,1.4996913736750388,16.956449396532378,0.012271433874097681,4.3075534554584,0.7707476998423808,1.0956236900733478,195.86704580674927,1.3276385025449144,17.567028757782282,8.903047536670421,3.7541493027888175,212.82349520328165,1.7632440067866888,17.644936514659324,9.673795236512802,3.6714342019337183,20.145056117252462,0.01484899375701687,5.056805353579673,0.9592883865358315,1.2069644991081518,137.734762606063,4.052244275681915,11.462985297062232,6.558798219336333,1.7668575460551827,157.87981872331545,4.213318107859074,11.485180127476237,7.518086605872164,1.7574304727070547,49.64715633074623,0.011958088968119451,3.4355892150623726,0.5171578784452732,0.7282828501773088,435.37205330595566,0.4985080187307176,8.127481541806674,4.535125555270372,1.321169182165966,485.01920963670193,1.3854035595257836,10.345309497329259,5.052283433715645,1.3853828175662393,56.87418005709424,0.011004782739510333,3.1092827091209294,0.5078051790811986,0.6686489947414709,454.9116081273978,0.4985080187307176,8.311590277970254,4.061710786851767,1.2795913628703361,511.7857881844921,1.3884467929054423,8.89271987112691,4.569515965932966,1.3276953718879558,28.682427390109037,0.015288994870114259,3.7757417422204114,0.5515851421174814,0.743175493759379,238.73387963599703,1.3276385025449144,14.737387582154042,4.591036146846097,2.5110327112048854,267.4163070261061,1.7632440067866888,15.07301535335964,5.1426212889635785,2.563863719164705,58.31100532583388,0.011004782739510333,3.3384893458708653,0.5160265958038397,0.6508634922526696,432.3265255741435,0.4985080187307176,8.14982978430271,3.8258984564083494,1.3506966151700794,490.6375308999774,1.3854035595257836,8.89271987112691,4.341925052212189,1.379222497440003
c<E>r<129>R<SER>,113.05413699158504,1.3849692910698177,3.720018647248394,1.82345382244492,0.5923606769247236,56.38619676360147,2.2953232292856467,5.429298374568163,3.5241372977250918,0.9111977116403589,62.60411824007093,2.197413853751659,6.111512450231006,3.6825951905924077,0.8300833378882333,123.93207421986891,1.3259447493865917,3.720018647248394,1.5687604331628975,0.46994875037588235,137.78134677406769,1.2242800453934664,3.720018647248394,1.722266834675846,0.5722844708634912,95.99761676404844,2.197413853751659,5.060554415000998,2.82345931658966,0.7067281739701615,148.29304067815949,1.2242800453934664,3.720018647248394,1.5287942337954585,0.4374183878741687,39.14493020030152,0.010265244005029928,3.9510293255590723,0.6116395343797113,0.8574338818899955,306.2122627059325,0.4853990567398796,14.954243865642866,4.784566604780196,1.9054093069806657,345.35719290623405,1.5746209654358974,14.966958726762524,5.396206139159907,2.0133079595759185,11.562601078036385,0.012271433874097681,2.1719289032109703,0.550600051335066,0.602393436279242,191.893556712188,1.3276385025449144,17.42790328898718,9.137788414866096,3.4829020778105058,203.45615779022438,1.7632440067866888,17.586502112526773,9.688388466201161,3.458821514409508,18.211104689315427,0.013466894906011717,5.314442943111114,0.8671954613959727,1.3023327346891065,177.57897513736566,4.052244275681915,16.507584923692775,8.456141673207888,3.458509591155288,195.79007982668114,4.213318107859074,16.821205367767796,9.323337134603864,3.1795201159026956,40.47118162083199,0.013874198934489712,4.636637438115183,0.5469078597409729,0.860237177920973,322.38490391515893,0.4853990567398796,7.727226641876996,4.356552755610256,1.3057216715769795,362.85608553599087,1.5144980271518205,10.345309497329259,4.903460615351228,1.551032756374819,45.821834422026186,0.010265244005029928,3.1092827091209294,0.4723900455878988,0.6611191154489318,380.7218976433635,0.4853990567398796,8.311590277970254,3.9249680169418917,1.2482183896116446,426.5437320653897,1.5746209654358974,8.89271987112691,4.397358062529791,1.3386436271885769,28.504524341847187,0.013466894906011717,3.7757417422204114,0.5182640789426761,0.7915860549701758,291.79634385853956,1.3276385025449144,16.507584923692775,5.3053880701552645,3.597107145332851,320.30086820038673,1.7632440067866888,16.55993188272837,5.82365214909794,3.632122118091157,47.78652811738126,0.011004782739510333,2.989662843399227,0.46849537369981625,0.6223890620194823,391.25147795634484,0.4853990567398796,8.14982978430271,3.835798803493577,1.428291327389117,439.0380060737261,1.5144980271518205,8.89271987112691,4.304294177193393,1.4997249558210393
c<E>r<130>R<GLU>,74.3745940765653,1.3849692910698177,5.240591990762199,2.0101241642314944,0.8992377691286131,42.112134652771104,2.2953232292856467,6.552006999511761,3.509344554397592,1.263728342968386,52.67409928488876,2.197413853751659,6.111512450231006,3.5116066189925843,0.8704684961542124,85.91726922284552,1.3267243579496106,5.240591990762199,1.7183453844569103,0.8164820799081466,96.99507006217364,1.2242800453934664,4.04653165623202,1.830095661550446,0.758686745303945,83.66491984392552,2.197413853751659,4.8714741099341285,2.9880328515687684,0.822612956826206,108.7787244789473,1.2242800453934664,3.877786975080309,1.648162492105262,0.7025091009704473,17.452816485614452,0.013812104310485296,2.6499840781979387,0.5288732268368016,0.6908159472494446,201.54574475833033,1.943925369738281,14.954243865642866,6.1074468108584945,2.7670407026525106,218.99856124394478,1.971578016881448,15.11415720401597,6.636320037695296,2.8303401826321783,10.570011928989432,0.012271433874097681,6.957289173442,0.8130778406914948,1.857365596276579,112.68734602555355,1.3276385025449144,17.42790328898718,8.668257386581043,3.9169641082784135,123.25735795454298,1.7632440067866888,19.176727390454793,9.481335227272536,4.680513506196674,11.544706976440681,0.01058711774134835,2.5300908191298017,0.6076161566547726,0.679683711649135,164.12252881420773,3.1289198467420647,13.812819140533975,8.638027832326722,3.042802264417414,175.66723579064842,3.566472853987479,13.918528436734382,9.245643988981495,2.954660926523181,22.054837079236638,0.013874198934489712,3.331061694649179,0.5513709269809159,0.8173155784344877,205.57207371806908,1.3469567382526293,11.614092378414398,5.139301842951727,2.0324533170269006,227.62691079730573,1.5144980271518205,12.400329613664912,5.690672769932643,2.446139931925583,25.140919616217346,0.011004782739510333,3.288646197832069,0.40549870348737654,0.6012944672359721,272.97106646734915,1.8495271362626227,11.69696775137345,4.402759136570148,2.0802091041727677,298.11198608356653,1.8748079823040138,12.196968868144126,4.808257840057525,2.2038283557909613,32.03334626116634,0.01058711774134835,5.177376587009128,0.6815605587482201,1.0987229686180853,244.5164285587589,1.3276385025449144,16.148146262345108,5.202477203377849,3.5290896204043865,276.5497748199253,1.7632440067866888,16.55993188272837,5.88403776212607,3.824862531119235,31.412155781590492,0.011004782739510333,4.376376398142103,0.4487450825941499,0.69020659319421,286.94104570797776,1.3469567382526293,8.791850064207438,4.099157795828254,1.8509570098187316,318.3532014895682,1.5144980271518205,9.672782426910242,4.547902878422403,2.076214734098795
c<E>r<131>R<ALA>,88.8058656571495,1.3538478066855644,3.6030438235948896,1.77611731314299,0.5911619657329943,44.734156384196545,2.7032868145219533,6.429726263367871,3.7278463653497123,1.2903336523251032,68.02995781446997,2.197413853751659,6.208174281294493,3.779442100803887,1.002980858660182,98.90642378095485,1.32718519993865,3.6030438235948896,1.569943234618331,0.46509576500300864,119.7361691863753,1.2242800453934664,3.573942313080457,1.7353067998025407,0.6266159486875634,91.91813356289815,2.197413853751659,4.8714741099341285,2.965101082674134,0.7626320623581304,128.65643060924586,1.2242800453934664,3.573942313080457,1.5689808610883642,0.4939584116815505,19.61660733352098,0.01072963404309668,2.6602155027627763,0.3701246666702072,0.5489124609347187,243.97889473283703,0.4853990567398796,14.546788607972303,4.60337537231768,2.001145751734121,263.595502066358,1.5993949683234354,14.59305610715296,4.973500038987886,1.9444680555043865,9.188574969617619,0.011999771517864133,3.169006250438038,0.5742859356011012,0.7944981252853104,178.30524091394273,5.7012929586135215,18.560596651474043,11.14407755712142,4.550010345968459,187.49381588356033,5.820404969081846,21.72960290191208,11.71836349272252,5.131052026212491,20.931048062412252,0.018368105112218203,3.7624140937149733,0.7752240023115649,0.9681590353184938,237.07080616495296,3.1289198467420647,16.16540705137686,8.78040022833159,3.453267716219844,258.00185422736524,3.566472853987479,18.28205312759956,9.555624230643158,3.564265542469966,19.07046247179069,0.011631880568478081,2.6602155027627763,0.31263053232443755,0.4928712972845409,263.18454858088626,0.4853990567398796,11.009296435707256,4.314500796407971,1.7183041093706262,282.25501105267693,1.526206413160456,11.637409491322675,4.627131328732409,1.6957173627687363,32.14241544290072,0.011004782739510333,2.2936195191908597,0.36115073531349123,0.5327057576461944,342.70368437042816,0.4853990567398796,16.16540705137686,3.8506031951733504,1.9373464316257423,374.84609981332886,1.5993949683234354,16.280989718152718,4.211753930486841,1.9178328728243466,27.889812908431555,0.012552921133737183,3.512742045436678,0.48929496330581673,0.6067733010570108,324.49151350798,2.068267143983576,18.560596651474043,5.692833570315439,3.9715415951143,352.38132641641164,2.7138174529367993,18.672462604186588,6.182128533621257,4.026507762649924,33.37703892080348,0.011004782739510333,2.332942721707103,0.35889289162154275,0.47978092649442616,339.9892491533783,0.4853990567398796,16.16540705137686,3.655798377993315,1.9741611408168243,373.36628807418174,1.526206413160456,16.280989718152718,4.014691269614858,1.9276925882582692
c<E>r<132>R<GLU>,130.62918170634728,1.3538478066855644,4.0485797684022655,1.949689279199213,0.7342503652248569,56.43359114127938,2.1420689861777515,6.429726263367871,3.319623008310552,1.0287025069710873,68.80805852200388,2.197541327503006,6.208174281294493,3.6214767643159935,0.8751846334910697,140.54043408186044,1.3211263149640473,4.0004185247892385,1.6534168715512993,0.634372105532619,159.70299496573756,1.2242800453934664,4.0004185247892385,1.8356666088015812,0.7161783867983218,100.73262306658468,2.1420689861777515,4.318667867127674,2.72250332612391,0.5051587433526378,168.27687598137612,1.2242800453934664,4.0004185247892385,1.602636914108344,0.5835850249452307,51.45775095395131,0.010475248990145403,3.280813523746918,0.5593233799342534,0.7546612522714533,452.18417399166447,0.4853990567398796,9.784493333176215,4.915045369474614,1.424591896199388,503.64192494561576,1.3347588628247005,9.841035814585926,5.474368749408867,1.4301375196976844,12.022253647000376,0.011579769792852801,4.650179503149229,0.5009272352916824,0.9139230405732434,243.2585102059893,5.7012929586135215,25.210470305054514,10.135771258582887,5.210476378984817,255.28076385298968,5.820404969081846,25.574435764665218,10.63669849387457,5.3048447218729065,21.82390830999458,0.02036162859237134,3.7624140937149733,0.8393810888459453,0.9389982694237706,168.98095139138695,3.1289198467420647,12.484123167168036,6.49926736120719,2.0502416781472075,190.80485970138156,3.566472853987479,13.954694075230613,7.338648450053137,2.3028388980008994,50.00219924004761,0.010475248990145403,3.17261653257557,0.5000219924004761,0.7357866504857266,442.1681182279499,0.47520056173743797,7.179678797203451,4.421681182279499,1.161362633360413,492.1703174679975,1.301311996180599,7.741152028050818,4.921703174679975,1.2461090648016948,65.14880960709206,0.011004782739510333,3.1514991677194377,0.5129827528117485,0.7481682897926708,502.85034165056186,0.4853990567398796,8.731051045358981,3.959451509059542,1.3626490250551062,567.9991512576539,1.3347588628247005,8.771589092134182,4.472434261871291,1.4047368123611788,34.89017914044721,0.016473812221152073,3.512742045436678,0.5207489423947345,0.6804074243674753,285.0154299875585,2.068267143983576,14.396148768173589,4.2539616416053505,2.426829416769908,319.9056091280057,2.5600799853231164,14.621321341431075,4.774710584000085,2.5294045007944903,62.527552791459456,0.011004782739510333,3.0121372323083184,0.4597614175842607,0.6404953907484168,502.7562070219792,0.47520056173743797,8.731051045358981,3.6967368163380825,1.3680571714222554,565.2837598134387,1.301311996180599,8.771589092134182,4.156498233922343,1.3920698687732642
c<E>r<133>R<ILE>,107.34317560681525,1.3849692910698177,3.788920629681463,1.850744407014056,0.6116608485756203,54.19774039574628,2.638810278725488,5.744092138738971,3.3873587747341425,0.8880316356652895,76.08715846066679,2.197541327503006,6.0425146816620465,3.6231980219365134,0.7619718196990066,120.83289807456882,1.3244180406610506,3.912039118530759,1.6111053076609176,0.5635733533350206,135.8566284182383,1.2242800453934664,3.720018647248394,1.6982078552279787,0.5604469740427614,100.6403330094721,2.197541327503006,4.539036344105626,2.6484298160387394,0.453265526986019,147.7170728924846,1.2242800453934664,3.720018647248394,1.5228564215720062,0.43472666328419507,36.25918716677233,0.010475248990145403,3.280813523746918,0.4770945679838464,0.7120875318664613,379.8848857166986,1.943925369738281,9.272067688660172,4.998485338377613,1.085045992431531,416.1440728834709,1.971578016881448,9.314468352816029,5.475579906361459,1.1070737654394245,16.068362565073077,0.018169409248233848,4.7861555022453715,0.7303801165942307,1.289633232356606,188.7799026769053,4.533657172470157,16.86351674018897,8.580904667132058,3.4378792984086433,204.84826524197837,5.412017181288434,17.005593719258165,9.31128478372629,3.802337662968502,27.784672336147395,0.02036162859237134,3.105719877826937,0.8171962451808057,0.8397108434016998,242.35239688090496,3.1289198467420647,23.257579215905935,7.128011672967793,3.6683233860766276,270.13706921705233,3.566472853987479,23.42376040734458,7.945207918148598,3.6073222108612417,36.379844976970524,0.010475248990145403,3.17261653257557,0.44913388860457437,0.6963542159788115,361.8941047367407,1.7408299217768217,7.716321084535593,4.467828453540009,1.0228749324606867,398.2739497137112,1.7676526738396365,7.797888735303728,4.916962342144583,1.108819000437675,47.14956830998358,0.011004782739510333,2.8426015759624654,0.4533612337498421,0.6600581570499059,396.21183254395964,1.8495271362626227,7.647927062211238,3.809729159076535,1.1286792991055232,443.3614008539432,1.8748079823040138,7.740943019443979,4.263090392826377,1.18739884505967,30.540059090092015,0.014541345408197515,2.0437980405487224,0.43628655842988595,0.4773003369945493,314.8521700174351,2.068267143983576,23.257579215905935,4.497888143106216,3.3434755286542406,345.3922291075271,2.5600799853231164,23.42376040734458,4.934174701536102,3.295992086070933,48.30437178196401,0.011004782739510333,2.558607715560637,0.42372255949091236,0.584600258555064,404.60828168768876,1.7408299217768217,7.647927062211238,3.549195453400779,1.1865612609891307,452.91265346965275,1.7676526738396365,7.731417857523983,3.9729180128916908,1.2282536844959993
c<E>r<134>R<SER>,71.7908774297217,1.3538478066855644,3.8180765706773,1.940293984587073,0.6830205497939125,37.35513510385643,2.638810278725488,6.991262609003553,3.3959213730778575,1.2505768456688242,45.49569797146594,2.750236614466104,4.539036344105626,3.499669074728149,0.4302539976617411,81.43049899166934,1.3262291178166195,3.8180765706773,1.6618469181973334,0.619324716727495,90.02444102575281,1.2242800453934664,3.8180765706773,1.7651851181520157,0.6323996338332365,70.33551135148666,2.241350494690727,6.027285677600563,2.8134204540594663,0.8340740143333508,99.75704691115767,1.2242800453934664,3.8180765706773,1.5834451890659949,0.5570224425304311,20.366614809111645,0.010475248990145403,2.939902303612749,0.4736422048630615,0.6221677333375185,224.09558425735213,1.943925369738281,8.332275884514274,5.211525215287259,1.0591839859358116,244.46219906646374,1.971578016881448,8.39088720032827,5.68516742015032,1.0328269875635454,4.165016257549889,0.018169409248233848,0.9153984158054911,0.32038586596537605,0.26880740355497,107.52318538938198,5.7012929586135215,16.86351674018897,8.27101426072169,4.150419319261916,111.68820164693189,5.820404969081846,17.005593719258165,8.591400126687068,4.279416739789167,15.249765729407397,0.027858139821514527,2.892708303484035,0.8026192489161788,0.7840627213220864,111.37317618316774,3.1289198467420647,8.333183292146714,5.861746114903565,1.3146491019350575,126.62294191257514,3.566472853987479,9.001409029563602,6.664365363819744,1.2685178231797034,17.60289552518725,0.010475248990145403,2.939902303612749,0.3826716418518967,0.5585118637131559,212.95910955765885,1.7408299217768217,8.332275884514274,4.629545859949105,1.1605588666393978,230.56200508284613,1.7676526738396365,8.39088720032827,5.012217501801003,1.209255138155613,27.51429880760407,0.01164086024478328,2.4330683535221294,0.4585716467934012,0.6735185250900914,214.05560457817228,1.890950358887494,6.281483161737015,3.5675934096362045,1.0230458312353006,241.56990338577637,1.971578016881448,6.704427811029893,4.0261650564296065,1.0431920721521974,20.606139777003207,0.012856763914349756,2.313974441135766,0.44795956036963497,0.4809430094941581,185.1285708864716,2.068267143983576,15.299781167543188,4.024534149705905,2.772631419835824,205.73471066347483,2.5600799853231164,15.32249084665844,4.47249371007554,2.700025745273785,26.790386715252186,0.01164086024478328,2.2936195191908597,0.3998565181380923,0.5198144549563956,219.47849945295638,1.7408299217768217,6.281483161737015,3.2757984992978564,1.064906406795328,246.26888616820858,1.7676526738396365,6.704427811029893,3.675655017435949,1.0849030711370484
c<E>r<135>R<HIS>,76.8047978747865,1.3538478066855644,3.853684121729109,1.8732877530435732,0.6900325462316266,29.802654666508676,2.1420689861777515,4.472675125056084,2.9802654666508674,0.6034561429265488,44.90862107079906,2.1994928383411976,4.606873808504063,3.454509313138389,0.631733988592502,83.22917757092384,1.3211263149640473,3.8180765706773,1.6005611071331507,0.5579793507633786,95.88125865300007,1.2242800453934664,3.8180765706773,1.7432956118727285,0.6440992924734906,64.00200809390788,2.1420689861777515,4.318667867127674,2.6667503372461616,0.5007339608920386,101.58603601541873,1.2242800453934664,3.8180765706773,1.5391823638699806,0.49040583931876003,18.471952256461073,0.010475248990145403,2.1532933992372367,0.4104878279213572,0.5071099440510436,216.57330881369944,0.48577089355603675,8.466488082643991,4.812740195859988,1.436063748861624,235.04526107016048,1.3347588628247005,8.649083156206888,5.223228023781344,1.424864355660064,2.4570893765951674,0.08861093365420736,0.5995811629190335,0.2730099307327964,0.16748107640346824,54.174659519329,5.7012929586135215,6.62970676605255,6.019406613258777,0.29622180129100234,56.63174889592417,5.820404969081846,7.010114822678974,6.292416543991575,0.37913643883777903,12.211192233392726,0.027858139821514527,2.892708303484035,0.7631995145870454,0.8105398450467197,97.24736215588928,3.1289198467420647,9.925569877579619,6.07796013474308,1.6846190536837184,109.458554389282,3.566472853987479,10.075116438495503,6.841159649330125,1.6974636545944994,17.754812655652614,0.010475248990145403,2.1532933992372367,0.35509625311305226,0.4633016208791211,217.6350633257416,0.47520056173743797,8.466488082643991,4.352701266514832,1.4642154929977893,235.3898759813942,1.301311996180599,8.619087732553389,4.707797519627884,1.453207876958637,26.135543468294813,0.01174773240598892,2.4330683535221294,0.442975313021946,0.6131686530735015,202.39767814043353,0.48577089355603675,7.52590490313105,3.4304691210242972,1.1272283615656173,228.53322160872835,1.3347588628247005,7.909890455169366,3.8734444340462435,1.131550986582485,19.64045684370668,0.020273969594301278,3.206096612582993,0.491011421092667,0.593546871047578,136.06884821098083,2.068267143983576,6.936531482819191,3.4017212052745207,1.2731036969398795,155.70930505468752,2.532440649842665,8.356809345860935,3.892732626367188,1.320216653139777,26.013094383098224,0.01174773240598892,2.2936195191908597,0.3825455056337974,0.47945453128609744,215.65762908280976,0.47520056173743797,7.52590490313105,3.171435721806026,1.1398457746161825,241.670723465908,1.301311996180599,7.776471656567681,3.5539812274398237,1.1005438844048845
c<E>r<136>R<THR>,87.91096345528038,1.3538478066855644,4.0514215302431715,1.997976442165463,0.7838416669237469,45.23368119121669,2.1420689861777515,5.307457376708363,3.230977227944049,0.946249506594858,55.99814396527116,2.197541327503006,4.606873808504063,3.4998839978294476,0.709904872566008,98.0784346814395,1.3211263149640473,3.7242797155133154,1.662346350532873,0.634897069366221,107.76098697194098,1.2242800453934664,3.7745927142718476,1.7665735569170653,0.6721682162989654,83.75609809962694,2.1420689861777515,4.318667867127674,2.701809616116998,0.547800658852542,117.48690923812582,1.2242800453934664,3.7242797155133154,1.5458803847121818,0.4969771983724363,28.84977318095089,0.010475248990145403,3.253509487978963,0.5769954636190178,0.7578001260880628,252.09105648871082,1.213883275414446,8.475683089692211,5.041821129774217,1.2317951004731895,280.9408296696617,1.3347588628247005,9.69775025432734,5.618816593393234,1.4562112023101754,6.800122639297304,0.011579769792852801,1.9391960124304113,0.35790119154196337,0.4210918019847986,157.93810047015177,1.3313082849126658,17.238021358706646,8.312531603692198,3.5796805761660715,164.73822310944908,1.762517617167945,17.2496011284995,8.670432795234163,3.543598091152113,21.20387626795302,0.02036162859237134,2.892708303484035,0.8834948444980425,0.8933432643993098,151.13559236748915,3.3337981535341896,9.925569877579619,6.297316348645381,1.5752595296409337,172.3394686354422,3.6755380663797546,10.075116438495503,7.180811193143424,1.6016470171912607,27.457615626847918,0.010475248990145403,3.253509487978963,0.4992293750335985,0.7324483072843133,249.1897267537188,0.47520056173743797,8.475683089692211,4.530722304613069,1.3253666716405383,276.64734238056667,1.301311996180599,9.0739808383527,5.029951679646667,1.430824126633785,32.729893316188004,0.01174773240598892,3.1514991677194377,0.5279015050998065,0.7280499756183318,229.83812152846076,1.213883275414446,6.760185451385951,3.707066476265496,1.1851710593068043,262.56801484464876,1.3347588628247005,6.998306829461412,4.234967981365303,1.2541657028864608,27.62117346361936,0.012033682120019762,3.7565783114582167,0.4845819905898133,0.7069440843291156,256.26352544625024,1.3313082849126658,15.017588065858035,4.495851323618425,2.4899382564487462,283.8846989098696,1.762517617167945,15.029621747978055,4.980433314208239,2.5050237977100425,31.804297594440012,0.01174773240598892,2.2936195191908597,0.41847759992684225,0.5340970389166776,261.9729279545427,0.47520056173743797,7.020934391861374,3.447012209928193,1.221145982414131,293.7772255489827,1.301311996180599,7.068777522397823,3.8654898098550357,1.2132474515743001
c<E>r<137>R<GLN>,84.21628540001676,1.5099755657127496,4.289130387078871,1.9140064863640172,0.6651552711770745,47.90828134453853,2.638810278725488,5.744092138738971,3.6852524111183484,1.035944997583779,52.883429188675734,2.750236614466104,4.789170445797625,3.525561945911716,0.444982893144957,95.58895182840476,1.3241402340308992,4.019761622613126,1.6480853763518062,0.614610522407171,105.05005696955396,1.2242800453934664,4.289130387078871,1.7508342828258994,0.6140150771144236,77.4472723494221,2.2375392261123572,3.8303204731660947,2.670595598255934,0.4450140169904703,114.83621471273813,1.2242800453934664,4.019761622613126,1.551840739361326,0.47463917435187686,20.860489687227947,0.010475248990145403,2.9229631308794417,0.4635664374939544,0.7124931276618869,243.26469623826142,1.943925369738281,11.368614219719348,5.405882138628032,1.411144788017487,264.12518592548935,1.971578016881448,11.76663872102502,5.869448576121986,1.498960828897103,12.787531689194196,0.04323753784101925,4.7861555022453715,0.752207746423188,1.089699275057553,155.12063028512512,4.533657172470157,16.86351674018897,9.124742957948536,3.782767789403121,167.9081619743193,5.412017181288434,17.005593719258165,9.876950704371724,4.059688230571449,15.123688503905784,0.03683460314202591,3.105719877826937,0.8896287355238697,0.8736258576674935,113.02853074377344,3.3337981535341896,15.202315961692875,6.648737102574908,2.543694314067325,128.15221924767923,3.6755380663797546,15.239150564834901,7.538365838098778,2.6491908723586253,23.306098026495135,0.010475248990145403,2.9068608059999637,0.5179132894776697,0.710355528104147,211.89196666077078,1.7408299217768217,11.368614219719348,4.70871037023935,1.4986189136777999,235.19806468726586,1.7676526738396365,11.429171359664402,5.226623659717019,1.6097499663925094,25.236529508310046,0.01174773240598892,2.465055062590679,0.413713598496886,0.5976326218203609,244.1779468201803,1.890950358887494,10.023842109994803,4.002917160986562,1.7577766519464835,269.41447632849037,1.971578016881448,10.662715637566095,4.416630759483448,1.7958351769157215,20.026196239014656,0.014541345408197515,3.2861197598086846,0.43535209215249254,0.6093963649625492,191.83585722331372,2.068267143983576,15.299781167543188,4.17034472224595,2.730635740061077,211.8620534623284,2.5600799853231164,15.314322512951385,4.605696814398443,2.7280355908983354,27.43529131104016,0.01174773240598892,2.4487713129611723,0.3976129175513067,0.5439737175248113,253.33246866269565,1.7408299217768217,10.023842109994803,3.6714850530825456,1.653592934183155,280.76775997373585,1.7676526738396365,10.662715637566095,4.069097970633853,1.697094435423771
c<E>r<138>R<LYS>,109.38545494945753,1.384922363343602,4.289130387078871,1.9888264536265006,0.7684251346525671,56.17657038155186,2.2942372435039258,5.307457376708363,3.304504140091286,0.8078747655210415,65.36522552352957,2.197541327503006,5.2703054468401085,3.631401417973865,0.7573711069026027,123.65592261423916,1.3241402340308992,4.019761622613126,1.6939167481402624,0.6434628878720832,136.54625676459855,1.2242800453934664,4.289130387078871,1.8452196860080885,0.7436229123746779,94.21434368504978,2.197541327503006,3.729808360743363,2.617065102362494,0.3650952154340408,150.31774019884855,1.2242800453934664,4.019761622613126,1.6338884804222669,0.6060400995779426,40.14491463800064,0.010475248990145403,2.9547357579696802,0.5213625277662421,0.7337804471507605,401.6888399695781,1.943925369738281,11.368614219719348,5.216738181423092,1.3605822250224573,441.8337546075788,1.971578016881448,11.76663872102502,5.738100709189335,1.4110144164070246,10.702160031157485,0.017932518901421446,1.9391960124304113,0.44592333463156186,0.4470514167880735,186.17883740484376,1.3313082849126658,15.370059746613151,7.757451558535156,3.1746390278467826,196.88099743600125,1.762517617167945,15.41329728445417,8.20337489316672,3.0883014458670464,15.387561171668558,0.02036162859237134,2.4379035198363264,0.6155024468667424,0.6085837854410044,167.86653986047986,3.3337981535341896,15.202315961692875,6.714661594419194,2.4331403459405316,183.25410103214844,3.6755380663797546,15.239150564834901,7.330164041285937,2.3213444132690584,40.284686994785424,0.010466975379936905,3.0424974653361687,0.5164703460869926,0.7262580139954246,369.73548149179715,1.7408299217768217,11.368614219719348,4.740198480664066,1.4476824139055853,410.0201684865825,1.7676526738396365,11.429171359664402,5.256668826751058,1.4952309636340302,48.59673985767904,0.01164086024478328,3.1514991677194377,0.5009973181204025,0.6752648458571419,395.03050017221176,1.890950358887494,9.525254003114242,4.072479383218678,1.39318205366969,443.62724002989074,1.971578016881448,10.662715637566095,4.57347670133908,1.4769690019120423,22.37067958437996,0.019221392580800245,3.2861197598086846,0.4067396288069084,0.5468929368468936,215.31346699190544,1.3313082849126658,10.085834381698987,3.9147903089437355,2.0662501412002245,237.68414657628543,1.762517617167945,10.242106913414192,4.321529937750644,1.9987066974628729,48.01648413977804,0.010466975379936905,2.9547357579696802,0.466179457667748,0.633412078886598,387.7606676083651,1.7408299217768217,9.525254003114242,3.76466667580937,1.4573632887612957,435.7771517481431,1.7676526738396365,10.662715637566095,4.230846133477118,1.500841821898219
c<E>r<139>R<ALA>,133.43475947170987,1.3634352054681302,3.720018647248394,1.8532605482181925,0.6398341096747736,71.33733076767798,2.2942372435039258,5.060554415000998,3.5668665383838993,0.7975824182660176,69.96529609044784,2.197541327503006,4.598789207503477,3.4982648045223916,0.5676786408154766,148.55103821170653,1.3241402340308992,3.631337625370817,1.5973229915237261,0.5260261394858626,158.30800669904573,1.2242800453934664,3.631337625370817,1.7022366311725348,0.5698131371260752,107.63134560302163,2.197541327503006,5.060554415000998,2.6251547708054055,0.4885011189279158,172.45495305761506,1.2242800453934664,3.631337625370817,1.5127627461194304,0.40818069065255347,51.26639004244892,0.010475248990145403,2.9068608059999637,0.48825133373760876,0.70894510040562,506.47915791849664,1.2469427139894833,11.903552947472235,4.823611027795206,1.4609951722121617,557.7455479609455,1.3884467929054423,12.097608070758682,5.311862361532814,1.4870733991553555,25.238927059382437,0.017932518901421446,7.551658236727288,0.8703078296338771,1.6880002989181724,235.98698464504378,1.3313082849126658,17.42790328898718,8.13748222913944,3.4041496595283207,261.2259117044262,1.762517617167945,17.586502112526773,9.007790058773317,3.6124504051290707,22.035586858867013,0.01484899375701687,5.056805353579673,0.8161328466247042,1.021641169059312,182.97708263365257,3.3337981535341896,23.257579215905935,6.776928986431577,3.8411559775414417,205.01266949251962,3.6755380663797546,23.42376040734458,7.593061833056282,3.723640058239486,51.407101488306076,0.010466975379936905,2.9068608059999637,0.48959144274577215,0.6974951315330563,463.0354165320405,0.5135969924776873,12.717956917267657,4.409861109828957,1.4823252116879122,514.4425180203466,1.3854035595257836,12.736211185536899,4.899452552574729,1.495784852535936,55.89010111912754,0.011004782739510333,2.8490835103235455,0.4507266219284479,0.6112249046308471,464.2529622162665,1.2469427139894833,7.647927062211238,3.7439755017440848,1.0615850725234037,520.143063335394,1.3884467929054423,7.731417857523983,4.194702123672532,1.1032670724729563,35.20359214278191,0.019221392580800245,7.035143876881124,0.5771080679144575,1.0620718485411351,255.50312423273954,1.3313082849126658,14.737387582154042,4.18857580709409,2.5343945887736785,290.70671637552147,1.762517617167945,15.539158589970542,4.765683875008548,2.8218997196427744,55.41666373724494,0.010466975379936905,2.7062798348845796,0.4363516829704326,0.6160724473377223,453.88551488046596,0.5135969924776873,7.647927062211238,3.573901691972173,1.135868661046124,509.30217861771087,1.3854035595257836,7.731417857523983,4.0102533749426055,1.1327522773560075
c<E>r<140>R<THR>,154.2460875616766,1.4015020306971493,3.971828276896047,2.0031959423594365,0.826054570264897,50.34488211532039,2.2942372435039258,5.025611825327642,3.5960630082371705,0.7291485556891802,63.28712993775307,2.197541327503006,5.285006725792873,3.7227723492795923,0.6774232159166301,163.7737752488584,1.3237667818774421,3.971828276896047,1.7801497309658523,0.7589662923058016,179.1434947917326,1.2282751669762888,3.919658182874607,1.8857209978077114,0.7553663313181254,84.80877474440271,2.197541327503006,3.9215159034706217,2.6502742107625847,0.41273982681518884,187.84027025719976,1.2282751669762888,3.919658182874607,1.707638820519998,0.6750750027151677,71.11510661157686,0.010456469924956302,5.102748359338012,0.6078214240305715,0.8563714097389307,605.156667146854,1.4568339097468197,13.966277553009604,5.172279206383368,1.4950501178736226,676.2717737584308,1.5746209654358974,14.285855705037598,5.780100630413938,1.5349232371137929,8.139604918378037,0.01645885309872419,2.999060711325617,0.5087253073986273,0.6728050428869717,111.86199238620156,1.3313082849126658,9.290842770446943,6.991374524137598,1.924544566454807,120.0015973045796,1.762517617167945,9.753927434797744,7.500099831536225,1.8069998950080675,19.226404747427,0.01484899375701687,5.056805353579673,0.9155430832108096,1.058498127791035,120.74638298591799,4.052244275681915,8.327311234619629,5.74982776123419,1.0119027149133675,139.972787733345,4.213318107859074,10.359117589542418,6.665370844445,1.2104253040544002,67.22224610564443,0.010466975379936905,4.295900912259551,0.5896688254881091,0.8041498869886324,548.1462588897596,0.5816923849724844,13.966277553009604,4.808300516576838,1.3336759414722041,615.368504995404,1.5144980271518205,14.031938641131447,5.397969342064948,1.4075844099920531,77.69992171726895,0.011004782739510333,3.7058655117838697,0.5713229538034481,0.7465738896889136,576.4742441865988,1.4568339097468197,10.164044826973623,4.238781207254402,1.2576869575237404,654.1741659038678,1.5746209654358974,10.643357270757896,4.810104161057851,1.34179651326921,18.375289978846908,0.025718428374086333,2.2962071843094485,0.4593822494711727,0.5713972608002786,158.2316014392527,1.3313082849126658,8.473060439392611,3.9557900359813174,1.5752206635740242,176.60689141809962,1.762517617167945,8.513952968931363,4.41517228545249,1.5346308542725036,74.74273252230473,0.010466975379936905,3.510717591307843,0.5536498705355907,0.7425683380561205,558.5210434391695,0.5816923849724844,10.164044826973623,4.137192914364219,1.3299805520758563,633.2637759614743,1.5144980271518205,10.502439482865245,4.690842784899809,1.3712153684600654
c<E>r<141>R<LEU>,154.7286478908465,1.371920760445391,4.112038569434968,1.8869347303761768,0.7419056504016144,47.914448370542736,3.3377209775042678,4.366885376320893,3.6857267977340564,0.3511864129215768,48.424508705489956,2.197541327503006,4.612248266490827,3.724962208114612,0.6778686012136537,162.71981832373126,1.3237667818774421,4.112038569434968,1.6949981075388674,0.6598172723778567,169.96574263300062,1.2282751669762888,4.112038569434968,1.7704764857604232,0.6677340039473559,70.29316446022294,2.197541327503006,3.8194363612316224,2.6034505355638125,0.3742942572204746,177.3666933886464,1.2282751669762888,4.112038569434968,1.612424485351331,0.5664431219287659,69.83127320400865,0.010427723063762606,2.9080717534891356,0.5097173226569974,0.6460824101040866,659.0477828370651,0.4978917264179472,8.127481541806674,4.810567757934782,1.1793369646876852,728.8790560410738,1.5746209654358974,8.23694536978813,5.32028508059178,1.1839001480883764,12.451185887738065,0.015022108400177814,2.999060711325617,0.7781991179836291,1.0116281222208217,111.38694980324749,4.606549217560314,9.068297105340207,6.961684362702968,1.2663733122218506,123.83813569098555,5.462880908716847,9.282771688829332,7.739883480686597,1.1167036404810198,12.079167359723767,0.01484899375701687,2.2674487533628263,0.8052778239815844,0.5415814122165623,90.30959629121503,4.262421417846781,9.699757270678674,6.020639752747669,1.3137491912731172,102.3887636509388,5.315524275746274,10.359117589542418,6.825917576729253,1.1364363103774995,68.43726011564416,0.010858817084359096,2.8615023764540632,0.49592217475104466,0.6089848314180376,641.4166772505725,0.4978917264179472,8.127481541806674,4.647946936598352,1.192929874962545,709.8539373662168,1.5144980271518205,8.43899174375738,5.143869111349397,1.2020831224434925,71.77521073656654,0.010427723063762606,2.6257920226607894,0.5239066477121644,0.6317318616338278,575.6139152769344,0.4978917264179472,8.14982978430271,4.201561425379084,1.228980169653132,647.389126013501,1.5746209654358974,8.505612127407232,4.725468073091248,1.2488332576113386,15.77459025638081,0.014515779431723885,2.920493953141812,0.5439513881510624,0.7381011626637052,107.61018577422988,2.0328052277236566,6.725442799966004,3.7106960611803403,1.181901805350547,123.38477603061068,2.7904340281797855,6.794978925069156,4.254647449331403,1.1885949808062797,69.25323370606773,0.010858817084359096,2.6257920226607894,0.5168151769109532,0.6194295708442101,548.2147928264542,0.4978917264179472,8.14982978430271,4.091155170346673,1.3085189265751673,617.4680265325219,1.5144980271518205,8.483082941256168,4.607970347257626,1.3192659134100082
c<E>r<142>R<VAL>,151.41724093311242,1.3726279973858533,3.8086097316391587,1.869348653495215,0.6753025516825576,54.00356300917567,2.3031335357509417,4.366885376320893,3.600237533945045,0.47662258413512926,57.94182449950164,3.108552030734699,4.486387427576587,3.862788299966776,0.41098956267817804,159.1886011977609,1.3237667818774421,3.8086097316391587,1.6411195999769166,0.5944346514053718,172.63372748685154,1.2282751669762888,3.8086097316391587,1.7797291493489849,0.6414598481163706,80.49438067398282,2.2444112840419477,3.108552030734699,2.5965929249671875,0.3036457461545715,178.49226561509857,1.2282751669762888,3.8086097316391587,1.5795775718150316,0.5078732024367071,71.6294240749434,0.010858817084359096,3.3836206344363884,0.5467894967552931,0.7363694727104824,629.8387522390594,0.48687479537261424,9.073956115776127,4.807929406405034,1.266505446046169,701.4681763140029,1.3837862392996498,9.361575865462786,5.354718903160328,1.2733624141652065,13.289069586157227,0.015022108400177814,3.936804897496689,0.6644534793078614,1.0458433223008783,136.43222877632616,4.122111008423417,9.068297105340207,6.821611438816308,1.4405611311437847,149.7212983624834,4.900528749528622,9.282771688829332,7.486064918124169,1.330120893324795,15.910295579755438,0.01484899375701687,1.9805714434425283,0.757633122845497,0.44426168139452243,120.74617235773371,3.7667091816874745,8.327311234619629,5.749817731320653,0.8060119432674915,136.65646793748917,4.4317503167304135,8.342160228376645,6.507450854166151,0.7203761678551123,68.82227732831387,0.010858817084359096,3.3836206344363884,0.5253608956359838,0.7081447471863881,598.3189556508075,0.48687479537261424,9.073956115776127,4.567320272143569,1.2059410844348784,667.1412329791215,1.3819944352306717,9.361575865462786,5.092681167779554,1.2295332157527845,77.90345686231272,0.010858817084359096,3.3836206344363884,0.5901777035023691,0.7272426599707958,528.0953900087909,0.48687479537261424,9.073956115776127,4.000722651581749,1.2039386247658008,605.9988468711038,1.3837862392996498,9.361575865462786,4.590900355084119,1.269997119911503,19.44687697373732,0.012130879335149114,2.920493953141812,0.5401910270482589,0.7293795351562165,142.7197958354884,2.0148371824964215,16.913227847351664,3.9644387732080113,2.4376995549458464,162.16667280922573,2.8485122347989096,17.680337171865673,4.504629800256271,2.442995237504174,70.66782296477109,0.010858817084359096,3.3836206344363884,0.5520923669122741,0.706132209817175,496.63191899417006,0.48687479537261424,9.073956115776127,3.8799368671419536,1.3005563319556035,567.2997419589412,1.3819944352306717,9.361575865462786,4.432029234054228,1.358750846018301
c<E>r<143>R<CYS>,146.25263145741982,1.3617391325759036,3.8086097316391587,1.9243767297028924,0.7446880549887731,58.6368513645567,3.3988073280587927,6.800722863587258,3.90912342430378,0.8360735061119683,61.70275868401718,3.108552030734699,6.749288271238266,4.1135172456011455,0.8351364313095673,159.0636280022534,1.3237667818774421,3.8086097316391587,1.7289524782853631,0.6876359763755037,167.02383093672526,1.2283197150781031,3.8086097316391587,1.8154764232252745,0.7012415698490075,83.66359304181428,2.2386411968093234,5.833776542707636,2.6988255819940092,0.6413921933624523,177.49080255318088,1.2283197150781031,3.8086097316391587,1.643433356973897,0.5872329503581559,64.29065942184732,0.010858817084359096,4.080446954916422,0.5269726182118633,0.6898374626814797,608.6516454327364,0.48687479537261424,8.787739520111245,4.988947913383085,1.3818374213474098,672.9423048545839,1.3837862392996498,8.806740676228216,5.51592053159495,1.3821950370572862,19.331645018366554,0.015022108400177814,3.936804897496689,0.8405063051463719,1.216856372043182,213.8028558268752,4.122111008423417,21.386854881355703,9.295776340298922,4.798665481955509,233.13450084524177,4.900528749528622,21.414529529140545,10.136282645445295,4.703170841091671,17.344663494538676,0.2238511074555376,1.575658747314307,0.7883937952063035,0.37760948091873464,171.49996149450976,5.055865175699182,23.193245400573915,7.795452795204989,4.266845258466349,188.84462498904847,5.817882100558615,23.93744408006758,8.583846590411294,4.218956267843107,66.61620216389879,0.010858817084359096,4.080446954916422,0.5329296173111904,0.6583338526811778,583.4320045576897,0.48687479537261424,7.686492323374296,4.667456036461517,1.272214277715884,650.0482067215885,1.3819944352306717,8.194295237903571,5.200385653772708,1.3076339450604957,68.72957279252171,0.010119263562744507,3.066499005062572,0.5327873859885404,0.6172434211488934,549.7006124789764,0.48687479537261424,8.787739520111245,4.261245057976561,1.3509098845380538,618.4301852714981,1.3837862392996498,8.806740676228216,4.794032443965102,1.3632512860631292,25.78647349730635,0.012130879335149114,4.634576402755819,0.7162909304807319,0.9935082490773882,181.51555512992763,2.0148371824964215,15.378509368091954,5.042098753609101,3.790789502391663,207.302028627234,2.905074435793849,16.197034269585437,5.758389684089833,3.9505494800335414,68.33948640568443,0.010119263562744507,3.066499005062572,0.5601597246367576,0.6418696799313784,486.17131366290255,0.48687479537261424,7.649055647924115,3.9850107677287094,1.3116458923665864,554.510800068587,1.3819944352306717,8.041746924743343,4.545170492365466,1.375548328909333
c<E>r<144>R<LEU>,150.80009160235736,1.3698149242947748,3.831991859335994,1.9333345077225301,0.7793111042967409,52.01697500664065,3.381011569433752,6.1253106855569746,4.001305769741588,0.8820551024465978,55.810460629685274,2.6623607644281306,6.264789456673271,3.9864614735489483,0.8549763865737091,158.95255390179486,1.3229536566869147,3.831991859335994,1.7277451511064659,0.7238974194722952,171.77392726291185,1.2283197150781031,3.831991859335994,1.8470314759452888,0.7383367014677333,77.53796798483573,2.240272952037035,5.731284922719129,2.7692131423155617,0.7058229037674099,178.9321430004373,1.2283197150781031,3.831991859335994,1.6722630186956757,0.6593397339614029,69.17793583458563,0.01029910318836258,4.006176309978546,0.6015472681268316,0.7935659934629538,568.1323390417174,0.48687479537261424,9.168861172187917,4.940281209058412,1.4355277704492746,637.3102748763031,1.386572460151229,9.325391504900299,5.541828477185244,1.4399721052461918,14.172788564892873,0.03188855607271712,3.8974159330452416,0.7873771424940484,1.1182567036402267,160.69323041151642,4.8969903144179625,16.5137298272939,8.92740168952869,3.6837359262641525,174.86601897640932,6.508990816472904,17.134029450104407,9.71477883202274,3.520711665273507,17.53605153840435,0.25392526647072966,1.890274823781784,0.83505007325735,0.4682303037962843,134.68022562277764,2.691839396499745,11.143177835849713,6.413344077275125,1.9403155265055556,152.216277161182,3.0965419805430283,12.783345399317225,7.2483941505324765,2.114872269412758,68.50233952852142,0.01284878619639418,4.006176309978546,0.6116280315046555,0.7434764352331266,534.8974632407898,0.48687479537261424,10.61909307262431,4.775870207507052,1.4850446511397053,603.3998027693112,1.385046526996584,10.815725282078695,5.387498239011707,1.5048380864013164,73.0690869736555,0.010119263562744507,3.223996882228378,0.5989269424070123,0.7383292992017396,503.89719529993044,0.48687479537261424,9.168861172187917,4.1303048795076265,1.3378127844210752,576.9662822735859,1.386572460151229,9.325391504900299,4.729231821914638,1.4409801636413164,20.18835459668004,0.012130879335149114,3.6645657714405804,0.6961501585062082,0.9274531888994372,143.74788674529083,1.9975181785896439,21.060441806778044,4.956823680872097,4.274470343909024,163.93624134197088,2.7509109818483823,21.32960688228105,5.652973839378307,4.225000635871791,71.24655587589703,0.010119263562744507,3.223996882228378,0.6476959625081549,0.767840823789908,438.79057391444877,0.48687479537261424,9.168861172187917,3.9890052174040798,1.4245932063510753,510.0371297903458,1.385046526996584,9.325391504900299,4.636701179912234,1.510868515707141
c<E>r<145>R<ALA>,136.259700164235,1.3725750873346025,4.079349371677298,1.9191507065385212,0.7472839894198758,60.35970468967176,2.887355974874331,7.832436170663361,4.023980312644784,1.2388849530924992,61.59586925328879,3.27408579642554,6.401632519164081,4.106391283552586,0.76242279242649,146.14255355167867,1.3229536566869147,4.079349371677298,1.6797994661112492,0.6702110791489788,158.84036259473743,1.2262585362562344,4.033068728360494,1.8257512941923841,0.7155296757694642,84.10969389214915,2.240272952037035,6.068694507288263,2.7132159320048115,0.69133841119267,166.4533690815355,1.2262585362562344,4.033068728360494,1.616052127005199,0.576924772248397,54.065516669564175,0.01029910318836258,3.492400320488887,0.5573764605109709,0.7605418367067305,493.96310491580584,0.4912644030075626,12.041231435562679,5.092403143461916,1.5885149741173101,548.02862158537,1.5951575206532564,12.92840292031768,5.649779603972887,1.604318206856454,17.55117373636983,0.025210403387167624,3.8974159330452416,0.8775586868184915,1.1435642419785603,173.845501050971,4.8969903144179625,18.598880912988776,8.692275052548549,3.8499636753802737,191.3966747873408,6.508990816472904,20.112778678362282,9.56983373936704,3.8802342289640723,18.693285827737387,0.18224442495285587,2.717979516014923,0.9838571488282836,0.5854070056602406,116.9280952626514,3.5061731163332297,13.077679429659156,6.154110276981652,2.141919147729512,135.62138109038878,4.3059258527203434,13.772611335113327,7.1379674258099355,2.255957218814442,54.72733319164877,0.010695213889508892,3.492400320488887,0.5822056722515826,0.7373539677749481,450.01532384810315,0.4912644030075626,9.364410944077463,4.787397062213864,1.3760510241062143,504.7426570397519,1.5227094010708841,11.802127720064684,5.369602734465446,1.4707124468863362,59.93906807534876,0.010119263562744507,3.368097622129646,0.5351702506727568,0.6436818352723965,472.9263750604911,0.4912644030075626,12.041231435562679,4.2225569201829565,1.5070216802668375,532.86544313584,1.5951575206532564,12.92840292031768,4.7577271708557145,1.5413856019171552,19.21111502005131,0.01119124521881254,3.0718961600393175,0.6197133877435906,0.8260944498575978,133.81623541882658,1.9975181785896439,17.78133465516339,4.316652755446019,3.2884708730533516,153.0273504388779,2.8926950442276267,18.414155243451862,4.93636614318961,3.217111202928556,57.84851764057928,0.010119263562744507,3.368097622129646,0.572757600401775,0.6946481177230922,407.89075146694927,0.4912644030075626,9.364410944077463,4.038522291751973,1.4677572704242008,465.73926910752846,1.5227094010708841,11.383072523891446,4.611279892153747,1.5386996027871456
c<E>r<146>R<THR>,113.39908566820453,1.3725750873346025,4.199317283038954,1.8899847611367422,0.745117615537218,61.341929686224006,2.2998301158785814,6.1253106855569746,3.8338706053890004,0.926285343849241,62.41559429613497,2.1947487324198995,5.087352956937605,3.671505546831469,0.6772187954190545,124.7433314624195,1.3229536566869147,3.9667163297385044,1.6200432657457078,0.5723583074965799,135.46381838634778,1.2262585362562344,3.9118569874561717,1.736715620337792,0.6410527587218481,93.53853983078346,2.1947487324198995,5.731284922719129,2.751133524434808,0.7352865918527361,146.11785048613675,1.2262585362562344,3.5973931215848336,1.5380826366961762,0.45526954172082873,38.629956435448705,0.01029910318836258,2.3989797128091332,0.4889867903221355,0.5924651394723018,380.4237513947087,0.4912644030075626,13.053933807271623,4.815490523983654,1.6452251387460994,419.05370783015735,1.5951575206532564,13.290821310095772,5.304477314305789,1.6054571517572453,15.849846718548108,0.013840565431851637,3.423399784344884,0.6096094891749272,0.9090905197718333,242.24167863148097,4.8969903144179625,16.5137298272939,9.316987639672345,3.876602808538126,258.0915253500291,5.606856356295171,17.134029450104407,9.926597128847273,3.7767514298972773,21.69080221837472,0.14319836777242045,2.1028350349665477,0.8676320887349889,0.5073092040001825,155.07329635503584,3.5061731163332297,10.77846023635739,6.202931854201434,1.8515125766293625,176.76409857341054,4.3059258527203434,11.02511157771677,7.070563942936421,1.5961440490117818,39.59466297855837,0.010449457948260132,2.2160427133186094,0.4828617436409557,0.5420618095542463,374.819438861017,0.4912644030075626,12.446453257629628,4.570968766597768,1.5254356143937358,414.4141018395754,1.5227094010708841,12.992270922988343,5.053830510238724,1.5381432950054792,45.712508153067105,0.01029910318836258,2.3989797128091332,0.47126297065017636,0.5426637010571046,375.3325814986343,0.4912644030075626,9.625636440039706,3.8694080566869515,1.129965734332206,421.0450896517014,1.5951575206532564,10.432094019937054,4.340671027337128,1.152458778429201,26.619764785843756,0.01119124521881254,3.1047151515039406,0.6190642973452036,0.8033672514497201,214.12576637847906,1.9975181785896439,13.793863592331036,4.9796689855460246,2.768195219315057,240.7455311643228,2.807889770896818,13.939595542904922,5.598733282891228,2.765469086330941,46.06282309025996,0.010758293826492515,2.632396075225418,0.48487182200273643,0.6300552799561135,363.5904487093272,0.4912644030075626,12.446453257629628,3.8272678811508123,1.4726202322406512,409.6532717995872,1.5227094010708841,12.463648727913098,4.312139703153549,1.4669664362589374
c<E>r<147>R<GLY>,111.13167331366331,1.3831188295222931,4.079349371677298,1.8218307100600544,0.6355791443093595,59.89605649344104,2.29448928946691,6.1253106855569746,3.743503530840065,0.8931477945271196,58.753018450285474,2.1947487324198995,5.087352956937605,3.672063653142842,0.6980656830743087,121.82735333405051,1.3220647145914852,4.079349371677298,1.5618891453083399,0.4814553837760578,133.04403032387208,1.2262585362562344,3.9118569874561717,1.7056926964598984,0.5815317527610575,87.62961312626663,2.1947487324198995,4.9781600982051755,2.6554428220080797,0.5267130953749973,142.45523713529985,1.2262585362562344,3.5491091246716504,1.4995288119505248,0.37431107319370766,33.17667370940976,0.010449457948260132,2.601629342050602,0.46727709449872906,0.5704263858362167,337.37725915251787,0.48598458209109197,13.053933807271623,4.751792382429829,1.8320969706956076,370.55393286192754,1.5951575206532564,13.290821310095772,5.219069476928557,1.741240169780203,16.132627794582394,0.013840565431851637,4.248900144386898,0.7014185997644519,0.9957434876126428,165.82838130530962,1.3223046404755225,12.236720887884317,7.209929621969984,2.2937419088700595,181.96100909989204,1.7597528727620855,12.342506217488552,7.911348221734436,2.180241709393112,19.331473250820405,0.14319836777242045,2.1028350349665477,0.8404988369921915,0.5222177886194601,141.9164131104872,3.5061731163332297,10.77846023635739,6.170278830890749,1.9729324282984482,161.24788636130765,4.3059258527203434,11.02511157771677,7.010777667882941,1.7349249473437702,33.40231641137941,0.010449457948260132,2.0092214039857765,0.4228141317896128,0.48855247784447,342.8837197089009,0.48598458209109197,9.03247254928607,4.340300249479759,1.3779978620630833,376.28603612028024,1.5227094010708841,10.172016800970567,4.763114381269371,1.3528545806150087,42.8650154304655,0.01120869667718738,2.4408427846260334,0.471044125609511,0.5634157203485763,336.1688193720463,0.48598458209109197,9.625636440039706,3.694162850242267,1.2379458062934467,379.0338348025118,1.5951575206532564,10.432094019937054,4.1652069758517785,1.19676958456156,24.832996546755176,0.01119124521881254,3.153850475221555,0.6056828426037848,0.7912198614970579,183.17343901694528,1.3223046404755225,9.84544647537696,4.467644854071836,1.7838326189089346,208.00643556370045,1.7597528727620855,9.877882070713603,5.073327696675621,1.8394215674899839,44.27197801230272,0.010758293826492515,2.9105584408702807,0.4974379551944126,0.6752869683230487,313.67819440586067,0.48598458209109197,7.769498513492402,3.5244740944478727,1.2163910438998558,357.9501724181634,1.5227094010708841,8.827915566065958,4.021912049642285,1.1865232899873441
c<E>r<149>R<TYR>,153.16961811813573,1.3536197396939476,4.161592040129358,1.8234478347397112,0.6743422765833513,51.357862957974646,2.887355974874331,4.626660249292589,3.668418782712475,0.44672114830758686,73.26519210672657,3.2105102685800317,5.220901163760531,4.070288450373699,0.5903391181056685,158.60721803388088,1.3220647145914852,4.161592040129358,1.6020931114533423,0.5776020457183741,178.96483555074212,1.2263363716780376,4.014977836248445,1.7375226752499235,0.6347437283021345,93.60163915046994,2.2341829317047397,5.2008998369586035,2.836413307589998,0.6999974436826423,183.7995405676959,1.2263363716780376,4.014977836248445,1.5576232251499653,0.5233641495996593,63.6429023044187,0.010576332059184068,3.6636426968455496,0.5733594802199883,0.773287132695817,484.9317608741756,0.48652580999851125,7.978538904022244,4.368754602470051,1.4542211469868938,548.5746631785944,1.5748038563974753,7.996233660052314,4.94211408269004,1.400400768108507,6.8605744506329325,0.013840565431851637,2.5289234682250807,0.3811430250351629,0.6890217625038821,179.20317470909634,5.593015790863319,23.01566530480983,9.95573192828313,4.920379157616045,186.06374915972927,5.606856356295171,23.035398211077133,10.336874953318294,4.766992500707771,32.89568066055594,0.023868092823018827,7.993462722630284,1.2652184869444592,1.7693750644470088,212.80678789247548,4.090769230085332,14.300839533063257,8.184876457402904,3.0281439538773243,245.7024685530314,4.675816561417447,15.002780218202453,9.450094944347361,3.0025448545095133,58.338051086357666,0.010576332059184068,2.9821670609614994,0.525568027805024,0.7080454449028795,463.8701043260497,0.48652580999851125,7.978538904022244,4.179009948883331,1.361305562246377,522.2081554124073,1.5106881995060464,7.996233660052314,4.704577976688355,1.311133842830929,70.04390207084194,0.010570324333654568,2.7663998218855568,0.5003135862202995,0.6688759784042532,530.8042838796492,0.48652580999851125,7.978538904022244,3.791459170568923,1.390583953344221,600.8481859504911,1.5748038563974753,7.996233660052314,4.291772756789222,1.3538230143045655,36.34135699828698,0.011794009259370242,5.573522320607337,0.8863745609338288,1.2506552135337523,253.8823080144413,2.1170251228752477,16.102329998619226,6.192251414986373,3.3090653954021376,290.22366501272825,2.5338156549145685,16.679896775762323,7.078625975920201,3.554036853935261,67.25417294948434,0.01062882310923996,2.7199811375327023,0.5133906332021706,0.6880483454932617,490.1063762040696,0.48652580999851125,7.978538904022244,3.74127004735931,1.4207008880149687,557.360549153554,1.5106881995060464,7.996233660052314,4.25466068056148,1.3599933511446305
c<E>r<150>R<PRO>,138.74386881988804,1.3536197396939476,4.014977836248445,1.8749171462147032,0.7391277975820649,42.942677957122086,2.143220935515462,4.738601486193202,3.5785564964268404,0.648898510938468,56.29792769230373,2.194898051639977,5.220901163760531,4.021280549450267,0.8409610425716579,147.18556443643845,1.3208028206229863,4.014977836248445,1.691788096970557,0.6712042977547101,155.67544171534198,1.2263363716780376,4.014977836248445,1.7491622664645166,0.6539220808148206,79.17367350205113,2.143220935515462,5.2008998369586035,2.9323582778537456,0.7215729993442945,163.42612831908758,1.2263363716780376,4.014977836248445,1.6022169443047802,0.5606015825804486,61.07584042886478,0.010576332059184068,3.6636426968455496,0.6047112913748988,0.8519669782362292,466.4574733662168,0.48652580999851125,8.284034491090921,4.618390825408087,1.5211621866252654,527.5333137950814,1.336359394635482,8.357640361916179,5.223102116782984,1.5139877950769467,1.2823127417466438,0.02054195256890523,0.6075826606039669,0.18318753453523481,0.18395947376307675,52.47440114322191,5.090333149096423,11.395939124988956,7.496343020460273,2.0446282025506064,53.75671388496856,5.223338761272892,11.525946244615149,7.679530554995509,2.0557664276425234,26.67307166929321,0.023868092823018827,7.993462722630284,1.481837314960734,2.055551277492687,163.97690722346977,5.456772388496475,14.300839533063257,9.109828179081653,2.8936125581604712,190.649978892763,6.61876331417286,15.002780218202453,10.591665494042388,2.6713006142816615,59.52736765343367,0.010576332059184068,2.988098422528359,0.5615789401267327,0.7974329500320558,472.3043440719442,0.4755572497066538,8.284034491090921,4.455701359169285,1.508043198842369,531.8317117253778,1.3032614129046467,8.354665523241259,5.017280299296017,1.4907969064964304,59.94312897745225,0.010570324333654568,2.9319779109996675,0.51233443570472,0.7108953541156642,458.75010024487216,0.48652580999851125,7.978538904022244,3.9209410277339503,1.4249883577151545,518.6932292223245,1.336359394635482,7.996233660052314,4.433275463438671,1.4223621825687915,30.08211563511378,0.011794009259370242,5.573522320607337,0.835614323197605,1.304590931833921,222.03486260469148,2.121616471328764,13.69895536649809,6.1676350723525415,2.837091470611554,252.1169782398053,2.5338156549145685,13.71074937575746,7.003249395550147,3.116755506732486,59.33447692622214,0.01062882310923996,2.9319779109996675,0.507132281420702,0.7081070089413055,446.2995410420409,0.4755572497066538,7.978538904022244,3.8145259918123156,1.4539372760464842,505.63401796826304,1.3032614129046467,7.996233660052314,4.321658273233018,1.443810166991395
c<E>r<151>R<ASP>,107.5648027588777,1.3536197396939476,4.1518545098693975,1.8231322501504696,0.7677879960840864,42.42353186172731,2.143220935515462,6.5426273642960835,3.856684714702483,1.1126683995386624,58.020460415485516,2.194898051639977,5.480929463790325,4.144318601106108,0.8550802905316729,119.00944674768704,1.3208028206229863,4.1518545098693975,1.6761893908124934,0.7203764238251674,130.88883553305303,1.2263363716780376,4.1518545098693975,1.7687680477439598,0.7197723195911951,78.79244160670947,2.143220935515462,6.5426273642960835,3.03047852333498,0.9856046992231028,140.30877262068964,1.2263363716780376,4.1518545098693975,1.6314973560545307,0.6251368502949607,32.928559522904365,0.011066616593828016,3.326402577530591,0.5145087425453807,0.7577034216264573,273.18155076843163,0.48652580999851125,7.694865338830041,4.268461730756744,1.6328735119225548,306.110110291336,1.336359394635482,7.706458970937916,4.782970473302125,1.6062427651261073,5.43941574741471,0.012294173092282534,2.716889906948225,0.49449234067406456,0.7609440749601198,128.9872746961155,5.090333149096423,21.037007933975474,11.726115881465045,5.785970070750674,134.42669044353022,5.223338761272892,21.74178746294423,12.220608222139111,6.08088227187006,21.48426580937178,0.1159973104254739,7.993462722630284,1.3427666130857363,1.8017832155049538,147.11941612335488,5.456772388496475,14.300839533063257,9.19496350770968,2.9846086117962383,168.6036819327267,6.61876331417286,15.002780218202453,10.537730120795418,2.8923833921318844,35.873115339482574,0.010758293826492515,3.03466613078899,0.5435320505982209,0.7386683607183908,270.7907176557904,0.4755572497066538,7.694865338830041,4.1028896614513695,1.648579915210621,306.6638329952729,1.3032614129046467,7.706458970937916,4.646421712049589,1.5757896793578532,43.31513729985857,0.011066616593828016,2.86942915647671,0.48668693595346707,0.6910908331277229,349.41522805329123,0.48652580999851125,10.265272724396123,3.926013798351587,1.6654801857957575,392.7303653531498,1.336359394635482,10.287710763153525,4.412700734305054,1.6326617152469567,30.836031725959298,0.04018058181337025,7.958769659845402,0.9947107008373968,1.658332540990564,217.26688667221765,2.1490834656147513,19.79020251494063,7.008609247490892,3.881489559420244,248.10291839817697,2.5338156549145685,20.30777804371216,8.00331994832829,4.394297126722974,45.54308677081227,0.010758293826492515,3.1553052940652124,0.5117200760765424,0.7066107121675086,335.1036900501715,0.4755572497066538,10.265272724396123,3.765210000563725,1.7168375316034035,380.64677682098375,1.3032614129046467,10.287710763153525,4.276930076640267,1.649205209660606
c<E>r<152>R<HIS>,123.2314025978045,1.3536197396939476,4.375594266391965,1.8392746656388732,0.7452035741259979,39.543485794695485,2.143220935515462,5.060976769291091,3.594862344972317,0.7559020288125315,58.886745487518006,2.194898051639977,5.480929463790325,4.206196106251286,0.8918318010956535,129.9513949100466,1.3208028206229863,4.375594266391965,1.6449543659499568,0.6529952824737729,144.43214923711193,1.226156277110499,4.375594266391965,1.7613676736233161,0.7056511763999547,74.81868861176775,2.143220935515462,5.160418988666043,2.877641869683375,0.7318221331597639,150.82748570810253,1.226156277110499,4.375594266391965,1.604547720298963,0.6106498110580179,41.55581422522197,0.014404753916489987,3.17293960935108,0.4947120741097854,0.7605927248469011,377.7345270115985,0.4856329512579265,9.859612870995882,4.4968396072809345,1.6445766171767306,419.2903412368205,1.336359394635482,10.291079204425445,4.99155168139072,1.6446465031311817,5.741760102293005,0.012294173092282534,1.9350138877934597,0.521978191117546,0.5484708355406938,100.36077984496315,5.090333149096423,14.308880826992038,9.123707258633013,2.8413685316679045,106.10253994725616,5.223338761272892,14.32117500008432,9.64568544975056,2.8013540702225286,20.532360327174775,0.07017446715773801,5.827055981373785,1.0266180163587388,1.2223563636125823,217.16717308131098,5.365149454003188,19.49127997644048,10.85835865406555,4.030232278511924,237.69953340848576,6.625140843228371,21.14979669893817,11.884976670424289,4.35423238346003,43.81116106006199,0.01082628599313118,3.17293960935108,0.5035765639087585,0.743882167566654,381.6158334716213,0.4755572497066538,8.284034491090921,4.386388890478406,1.543125842660751,425.42699453168336,1.3032614129046467,8.354665523241259,4.889965454387165,1.4912926223056584,49.225662777808395,0.010089266562802734,3.8850492176060714,0.4600529231570878,0.6983051917654607,425.23675410274535,0.4856329512579265,10.265272724396123,3.9741752719882744,1.52511194760066,474.46241688055375,1.336359394635482,10.291079204425445,4.434228195145362,1.5281076998991765,21.419481186752908,0.021984721395192253,5.827055981373785,0.6693587870860284,1.1110817203044276,196.0696691853969,2.126385858462129,15.764132056654319,6.127177162043653,3.4326815042880536,217.48915037214982,2.5338156549145685,21.14979669893817,6.796535949129682,3.9439881666112755,51.58598355640858,0.010089266562802734,3.8850492176060714,0.4912950814896055,0.7126591036639498,403.0121026378616,0.4755572497066538,10.265272724396123,3.8382105013129673,1.4791105212613065,454.5980861942702,1.3032614129046467,10.287710763153525,4.3295055828025735,1.4475030108242044
c<E>r<153>R<VAL>,123.04749707700891,1.3536197396939476,4.375594266391965,1.7832970590870858,0.688607420805507,37.25010985316268,2.931950521829965,5.557490992476244,3.725010985316268,0.738142237403515,47.03876803107856,2.1969338129516016,5.160418988666043,3.9198973359232134,0.8297169318627825,129.98541992349584,1.323799847934732,4.375594266391965,1.624817749043698,0.6154652712121527,140.256787526197,1.2289818216479276,4.375594266391965,1.710448628368256,0.6535924105396284,63.075401990613706,2.1969338129516016,4.735147118529272,2.742408782200596,0.6065276043542756,146.6268158370005,1.2289818216479276,4.375594266391965,1.576632428354844,0.5646669272519987,49.56945306055208,0.01418721982367721,4.67556585656404,0.6274614311462289,0.9453173478853814,359.1262466332517,0.4856329512579265,9.067087203735355,4.54590185611711,1.5509716193862195,408.6956996938038,1.9155679322118369,9.255752687973532,5.1733632872633395,1.5831148011873792,4.243507390071401,0.02306989392205594,2.1303494344545726,0.4243507390071401,0.628887861347508,82.70435161994914,6.085094813476871,11.783695822491964,8.270435161994914,1.6164900927486874,86.94785901002055,6.212834590104073,11.990066143223897,8.694785901002055,1.5812821170414517,12.895966200155945,0.017411162603210073,2.415977761819139,0.8059978875097465,0.6505025671909305,110.49042624367341,2.7178833564548768,11.957893390698487,6.905651640229588,2.2826439734136263,123.38639244382935,2.7409104138342166,12.268916786423613,7.711649527739334,2.187372601036569,47.608790753735974,0.01082628599313118,4.0187861883379945,0.5805950091919021,0.9020856260947331,364.0097651722283,0.4856329512579265,9.067087203735355,4.439143477710101,1.5564153196259454,411.61855592596424,1.9155679322118369,9.08856073718444,5.019738486902003,1.5440499042269085,53.58450501963566,0.010089266562802734,4.67556585656404,0.5412576264609662,0.8468535902115514,393.98777854017175,0.4856329512579265,9.067087203735355,3.9796745307088055,1.4268147809214609,447.5722835598074,1.9155679322118369,9.255752687973532,4.520932157169772,1.5011828064604504,12.501145582908064,0.015591084868313843,2.6871112122244787,0.41670485276360214,0.6587945774865798,160.34075876027237,2.0847991500511966,11.652071177126416,5.344691958675745,2.777213097119384,172.8419043431804,2.5338156549145685,11.721501812909178,5.761396811439346,2.684040048230368,53.16704328130008,0.010089266562802734,4.039310675776388,0.5779026443619574,0.8985964763332474,354.5201075252161,0.4856329512579265,9.067087203735355,3.8534794296219137,1.5375651275142443,407.6871508065162,1.9155679322118369,9.08856073718444,4.431382073983872,1.5819587459047435
c<E>r<154>R<GLU>,86.99406863734309,1.385436893867405,4.232766899318197,1.933201525274291,0.7701036628716655,33.536528094732674,3.0138307821137333,5.557490992476244,3.7262808994147414,0.7062059378516766,42.82620797616955,2.1969338129516016,5.160418988666043,3.8932916341972317,0.8014161930231922,98.33999493924213,1.3198815644631612,5.655225020335017,1.7560713382007525,0.8415446213404364,100.49180775594093,1.2289818216479276,4.232766899318197,1.7630141711568583,0.6767488782191288,60.931397863343236,2.1969338129516016,4.845940726073762,2.769608993788329,0.700384325501657,111.53101776750825,1.2289818216479276,4.845940726073762,1.6401620259927683,0.6975220979922995,27.84906912082303,0.01418721982367721,4.67556585656404,0.6054145461048485,0.9646240978427458,228.16910152051224,1.4747065718112289,8.985280618481283,4.96019785914157,1.2718261402555793,256.01817064133525,1.9267137394209928,9.255752687973532,5.565612405246418,1.3877074543341599,5.4145640813232285,0.02306989392205594,2.1303494344545726,0.45121367344360236,0.6416756997848541,125.91916251018004,6.085094813476871,26.117102335338505,10.493263542515004,5.865103171356739,131.33372659150328,6.212834590104073,26.54967258968172,10.944477215958607,5.786145295703905,11.017305660461679,0.017411162603210073,2.415977761819139,0.6480768035565694,0.6187338647273773,124.95245180347817,2.7178833564548768,14.392469446529788,7.35014422373401,2.8013632606072623,135.96975746393986,2.7409104138342166,14.530826046949699,7.99822102729058,2.67714421832308,26.791856203362073,0.016006499895649284,4.0187861883379945,0.5467725755788179,0.8989789809542534,239.7147877982012,1.4747065718112289,12.49149025608068,4.892138526493902,1.6619635629896927,266.5066440015633,1.9267137394209928,12.659943067441485,5.43891110207272,1.6493584656471882,27.262490387070823,0.011354772169585914,4.67556585656404,0.5048609330939041,0.8223482529283244,222.82379514283303,1.4747065718112289,8.985280618481283,4.12636657671913,1.326732035062021,250.08628552990388,1.9267137394209928,9.255752687973532,4.631227509813034,1.46916740323369,13.440087235488708,0.017411162603210073,2.426457114018925,0.497781008721804,0.695807707993367,170.08607619246402,2.0847991500511966,19.9764200851935,6.2994843034245935,4.156694957687277,183.52616342795272,2.7409104138342166,20.261529486735824,6.797265312146397,4.015871625189329,29.065097172006,0.011101695406411594,4.0187861883379945,0.5589441763847307,0.9099712777099851,202.93721342574077,1.4747065718112289,8.985280618481283,3.902638719725784,1.4812755692792392,232.00231059774677,1.9267137394209928,9.081071929781068,4.461582896110515,1.5416215081880502
c<E>r<155>R<LEU>,100.85566737274232,1.3617391325759036,4.037510273895162,1.9775621053478887,0.8120679727958795,38.02498115769113,3.3587726347470475,4.7440325671087775,3.802498115769113,0.4250622753604197,52.29271932550964,2.773459924535652,5.182065847096183,4.022516871193049,0.6629087143357189,107.36622900612608,1.3198815644631612,4.037510273895162,1.7317133710665495,0.7279787940853987,121.24331074722173,1.226452930952006,4.008672580079689,1.8652817038034113,0.7603093889640641,69.87047857033016,2.2386411968093234,4.7440325671087775,2.9112699404304236,0.7244415975576234,125.9070931884205,1.226452930952006,4.008672580079689,1.6566722787950066,0.6259642773731098,35.33421878283991,0.01418721982367721,4.776673781982586,0.5792494882432773,0.8906407294552897,318.46802869493445,1.3039254277518921,10.809991785564819,5.220787355654663,1.6021291856306685,353.80224747777436,1.402250326810093,10.931075696278864,5.80003684389794,1.6727890679892654,7.474051938123937,0.11234796265135216,3.065182650999592,0.6794592671021761,0.825739795066758,78.53333566551419,5.120088896774405,8.862976729241609,7.1393941514103805,1.0187966600090006,86.00738760363812,6.212834590104073,9.072937999384095,7.818853418512557,0.8712871924461323,11.353103818139342,0.023819896036034294,1.682576682576821,0.7095689886337089,0.5018304281638002,115.92095763222864,3.7744770617830454,18.48291532131975,7.24505985201429,3.4154021048039023,127.27406145036798,4.212744964040224,18.571067526442206,7.954628840647999,3.266401295346378,33.20656366059569,0.014063661799392335,4.119894113756541,0.5188525571968077,0.8006936404220932,315.8950101120376,1.3039254277518921,10.180497166528085,4.935859533000587,1.510809462280932,349.1015737726333,1.402250326810093,10.236684357916968,5.454712090197395,1.5838293615259618,36.31479513773557,0.014029523179588388,4.776673781982586,0.5187827876819368,0.8064719760475478,320.1111084181123,1.3039254277518921,18.48291532131975,4.573015834544461,2.327238361160231,356.42590355584787,1.402250326810093,18.499495884599405,5.091798622226398,2.369388531549625,14.894326789133594,0.021600656951775044,4.800557412490761,0.5516417329308738,1.0118249890081596,157.26204036111784,2.0847991500511966,18.48291532131975,5.824520013374735,3.8405266333904784,172.15636715025144,2.8979232549827807,18.571067526442206,6.376161746305609,3.742181980824382,33.740167532195386,0.01178702937317766,4.119894113756541,0.503584590032767,0.7848169239346345,308.3689844780709,1.3039254277518921,18.48291532131975,4.602522156389118,2.4823255496165775,342.1091520102663,1.402250326810093,18.499495884599405,5.106106746421886,2.4958047299400277
c<E>r<156>R<SER>,110.23520966243638,1.3617391325759036,4.253110859865387,1.8683933841090912,0.742318390350891,51.45953827261524,3.3587726347470475,5.525295160925513,3.958426020970403,0.6510252200006222,50.7903426806242,2.1897450299181442,4.897502995471843,3.906949436971092,0.788569279929384,120.77790060099646,1.3198815644631612,4.253110859865387,1.6544917890547461,0.6463660392428086,125.75107394934781,1.2244482378848913,4.050282087459389,1.722617451360929,0.621804467593143,76.81220998704272,2.1897450299181442,4.7440325671087775,2.8448966661867674,0.6769499030541335,135.15679999121323,1.2244482378848913,4.050282087459389,1.5535264366806119,0.48063937612858976,29.747722799009995,0.013198996002945051,2.9986035033770584,0.437466511750147,0.6090951210472136,325.5120637829706,0.49834674500766596,7.649055647924115,4.786942114455449,1.4224145471190803,355.2597865819806,1.3837862392996498,8.495503108957461,5.224408626205597,1.4690141027487067,11.543007358895888,0.028974029908326315,3.065182650999592,0.6790004328762287,0.808957814677126,125.41340556068121,4.641553576168235,11.562457866829618,7.377259150628307,1.56632774027127,136.95641291957713,5.498937411414761,12.00302888056309,8.056259583504538,1.39474517531263,11.991937511352496,0.023819896036034294,1.682576682576821,0.6311546058606577,0.4503597510484465,160.47995346177026,3.7744770617830454,16.338755214675984,8.446313340093171,3.64296707247664,172.47189097312275,4.212744964040224,16.963589262651578,9.07746794595383,3.594713296820845,32.7296661797085,0.012557942906053832,2.5714876103206468,0.4545786969403959,0.6116624416828534,325.54899132739064,0.49834674500766596,8.445244592682002,4.521513768435981,1.4756274677928776,358.2786575070992,1.3819944352306717,8.54334224018588,4.976092465376378,1.443555639792284,32.489625716950066,0.014124394950948194,2.5797166651375303,0.4112610850246844,0.5292103145419832,315.7684502261671,0.49834674500766596,7.649055647924115,3.997068990204647,1.2349153745002728,348.2580759431172,1.3837862392996498,7.824061863860754,4.4083300752293315,1.1970004678812964,22.406405617279116,0.011684742474084686,4.800557412490761,0.6789819884023974,1.079422439610839,189.43946109651392,2.1481544056016446,16.338755214675984,5.740589730197391,2.9614657143212737,211.84586671379304,2.8979232549827807,16.469093198840003,6.419571718599789,2.9181968410466985,33.95812883247801,0.01178702937317766,2.6553020524129085,0.45889363287132445,0.6326946230874444,284.0722057574859,0.49834674500766596,9.251418159626382,3.838813591317377,1.5240243762896637,318.0303345899639,1.3819944352306717,9.26320518899956,4.297707224188701,1.4395654385746017
c<E>r<157>R<TRP>,128.95098218416194,1.3617391325759036,3.664692468024923,1.790985863668916,0.6144561243688561,51.6165881441979,3.3988073280587927,5.124502448498868,3.970506780322915,0.5827704165030047,69.51154234928076,2.1897450299181442,4.897502995471843,3.86175235273782,0.6993759104272965,137.47270188920126,1.3246138207244436,3.57992696993652,1.598519789409317,0.509884120303222,157.18896248685215,1.2244482378848913,3.57992696993652,1.7273512361192545,0.60432115560459,88.5494517131776,2.1897450299181442,4.7440325671087775,2.7671703660368,0.607374544965664,164.22579625798724,1.2244482378848913,3.57992696993652,1.5640552024570213,0.4688991660168509,46.39460171227819,0.013198996002945051,2.9986035033770584,0.4734143031865121,0.6667286259776443,470.5978882585822,0.4978917264179472,7.649055647924115,4.802019267944717,1.3929914544873427,516.9924899708604,1.3837862392996498,7.966227831367167,5.275433571131229,1.3510008600212713,14.862707577737496,0.028974029908326315,3.57029911765504,0.6755776171698862,0.8136000170135361,164.72053920150893,4.641553576168235,11.562457866829618,7.487297236432224,1.6385529562895833,179.58324677924645,5.498937411414761,12.00302888056309,8.162874853602112,1.439115516637265,21.57463189783167,0.023819896036034294,2.8464460307435218,0.8297935345319872,0.633737017434106,211.53112590304,3.7744770617830454,16.338755214675984,8.135812534732308,3.573615087202713,233.10575780087166,4.212744964040224,16.963589262651578,8.965606069264295,3.5713142760145447,48.06840167105102,0.012557942906053832,2.6181716745477335,0.5168645340973228,0.6669493816063052,412.19139210766923,0.4978917264179472,7.649055647924115,4.432165506534078,1.3575192224434263,460.2597937787202,1.3819944352306717,7.966227831367167,4.9490300406314,1.2821482945164475,56.14073468170901,0.014124394950948194,2.5797166651375303,0.4639730138984216,0.5784641028310703,487.65521225884237,0.4978917264179472,7.649055647924115,4.0302083657755565,1.1884514854176618,543.7959469405514,1.3837862392996498,7.824061863860754,4.494181379673979,1.1656719754663727,25.227516453328956,0.011217642502383995,4.800557412490761,0.586686429147185,0.9200964618071632,230.0858090810616,2.0169398692589766,16.338755214675984,5.350832769327014,2.7606786336462736,255.31332553439054,2.905074435793849,16.469093198840003,5.937519198474199,2.737337513836912,55.61736655179044,0.016360807472793226,3.475465356034558,0.5347823706902927,0.7055159799713384,389.4106115543448,0.4978917264179472,7.649055647924115,3.7443328034071617,1.2815931796335753,445.02797810613527,1.3819944352306717,7.824061863860754,4.279115174097455,1.2297977837802982
c<E>r<164>R<VAL>,97.3421503412865,1.3544362633837126,4.198922572830176,1.8026324137275278,0.6134506076888434,46.56849258848893,2.1431334774735364,4.228942150968573,3.3263208991777806,0.6272051846168416,39.062910478896775,2.1897450299181442,5.2879033626637115,3.9062910478896775,0.8026264987897913,107.26676346265432,1.3214216890795114,3.5951939385451213,1.5545907748210772,0.4264022529767242,110.80421001462418,1.225830647905459,4.198922572830176,1.7046801540711412,0.5823453254195924,69.5207290181609,2.1431334774735364,4.403265688119346,2.7808291607264364,0.6179535648420689,120.57324410803608,1.225830647905459,3.5951939385451213,1.507165551350451,0.3866573724580542,26.169276929752666,0.013198996002945051,3.101756616151011,0.49375994207080504,0.7619285917619447,241.64384124478977,1.2134978466110624,7.46406133561436,4.559317759335656,1.2066023864823312,267.8131181745424,1.3347333225307616,7.529127031764193,5.053077701406461,1.2310125867459045,5.808169487472514,0.014974663668002819,1.5243189546365992,0.4840141239560429,0.4432863174019905,89.32864765933869,4.560809147980763,19.88234129364082,7.444053971611557,3.898943159287659,95.1368171468112,4.834792256029573,19.980390143107986,7.9280680955676,3.805075164236898,7.4834398438884975,0.10423228086832825,2.8464460307435218,1.069062834841214,0.8873174012758819,45.2374803167088,5.0569087274934645,8.166266947807344,6.462497188101257,1.0448080949247334,52.7209201605973,6.110478310214656,10.006640468548852,7.531560022942472,1.2972362573471186,26.553238639330495,0.010631208611320275,2.418254684299243,0.42147997840207135,0.6432175889602741,271.2379820380997,0.4743918765664148,6.84416323658138,4.30536479425555,1.2011224167972239,297.7912206774301,1.3020368525580848,6.954596962371852,4.72684477265762,1.172452161886415,31.893174196913417,0.014124394950948194,2.758561230900571,0.5405622745239562,0.6692797554244495,230.63458034986598,1.2134978466110624,6.452094769761061,3.909060683896034,1.0418814018887845,262.5277545467794,1.3347333225307616,6.466219164712009,4.44962295841999,1.155220268033882,15.545930072481227,0.01045461822423821,2.6573025134827217,0.47108879007518867,0.6816865115731672,165.87326578885313,2.195885417350837,8.297496398796284,5.026462599662216,1.9524268360312305,181.41919586133434,2.9130415982291753,8.594010512709264,5.497551389737405,1.9904820385531468,31.167901112631405,0.010631208611320275,2.648014335183875,0.45835148695046185,0.6576761136774679,256.7183022747869,0.4743918765664148,6.420804991218802,3.775269151099807,1.1433685295694067,287.88620338741833,1.3020368525580848,6.448346061746942,4.23362063805027,1.1692274670820924
c<E>r<165>R<HIS>,65.88252198828474,1.3544362633837126,3.603991353523185,1.8823577710938497,0.6227891100739582,35.52132163560075,2.1431334774735364,5.258166843712758,3.229211057781886,0.8979631964236485,37.15385369733199,3.5595110943206523,5.2879033626637115,4.128205966370221,0.5342667815581863,74.32532963764275,1.3214216890795114,3.5951939385451213,1.5813899922902714,0.5109451669446733,80.2802479778827,1.2241510156604416,3.4869040809535505,1.7840055106196155,0.63432986846055,57.653838325538636,2.1431334774735364,4.403265688119346,2.745420872644697,0.6014448908532352,87.66279188847611,1.2241510156604416,3.4869040809535505,1.5379437173416861,0.46057332171722687,11.444728240292827,0.012474587860054953,2.2538178058853626,0.4577891296117131,0.6082508312519391,116.82579490974922,1.2134978466110624,7.46406133561436,4.673031796389969,1.3000472876269857,128.27052315004204,1.3347333225307616,7.529127031764193,5.1308209260016815,1.3067517525269232,3.410221646031203,0.014974663668002819,1.314251553593138,0.4262777057539004,0.42694131402949453,68.84279797475256,1.326838691322564,19.88234129364082,8.60534974684407,6.4877525748491225,72.25301962078376,1.7626079623947661,20.358527395481886,9.03162745259797,6.6460216750939844,6.18757135267413,0.04490960836697866,2.404805151938726,0.6875079280749034,0.680668150365906,65.0624510905759,5.273528456509894,9.219219370826977,7.229161232286212,1.3443646679438326,71.25002244325003,6.047670236725352,10.046405547418576,7.916669160361114,1.1834597599900816,11.695225057035136,0.010631208611320275,2.2538178058853626,0.35440075930409504,0.530674010171627,141.96824242654162,0.4743918765664148,6.84416323658138,4.302067952319443,1.3932906180285245,153.6634674835768,1.3020368525580848,6.954596962371852,4.656468711623539,1.363142726929355,18.495919470133348,0.012474587860054953,2.418254684299243,0.4998897154090094,0.5310423803040915,149.28059010735365,1.2134978466110624,6.420804991218802,4.034610543441991,1.0497608262330307,167.77650957748696,1.3347333225307616,6.487137604243234,4.534500258850999,1.1178508513849028,8.690802737819281,0.01045461822423821,1.6035300194917177,0.36211678074247006,0.3862775861722861,130.06809081616007,1.326838691322564,19.044275841888748,5.419503784006669,3.385387879329005,138.75889355397933,1.7626079623947661,19.105270217558644,5.781620564749139,3.3818719286800265,16.666682222580228,0.010631208611320275,2.418254684299243,0.38759726099023784,0.4984556303383838,168.13190718750644,0.4743918765664148,7.799933617203578,3.9100443531978244,1.3053335276537978,184.79858941008663,1.3020368525580848,7.842127490675368,4.297641614188061,1.3179396411501236
c<E>r<166>R<SER>,78.22775753624127,1.3544362633837126,4.620072828900317,1.907994086249787,0.6860014716289471,46.89236337831024,2.294680364201732,4.930877776434505,3.3494545270221603,0.7375665486764568,46.6054193373283,2.192532898635122,5.407587771659144,3.8837849447773585,0.7314171729165596,89.65944495642864,1.3219667710857692,3.5951939385451213,1.601061517079083,0.4973177558636531,97.89087917155054,1.2241510156604416,4.13552343637179,1.8127940587324174,0.6822318514149522,72.7624293587507,2.192532898635122,4.18988925791875,2.6949047910648405,0.4556972083087924,106.85459461042622,1.2241510156604416,3.3561450990220774,1.5486173131945828,0.4151566660099251,19.064605773744226,0.010476595114596421,3.998324438840818,0.5295723826040063,0.7771459792412602,169.7234916067946,1.2134978466110624,7.914521135918221,4.714541433522072,1.492553608397582,188.78809738053886,1.3347333225307616,8.109610503004513,5.244113816126079,1.5703508847794592,5.658179624532704,0.014974663668002819,2.5906314581975654,0.5658179624532704,0.729790634348093,53.457990061447845,1.326838691322564,7.269173190745505,5.345799006144785,1.606029510602314,59.11616968598055,1.7626079623947661,9.355226376231956,5.9116169685980555,1.914209495807499,6.819696993590651,0.02336589324142402,2.404805151938726,0.5245920764300501,0.6974785740784041,97.39138323037037,3.408931414352992,15.122297869097565,7.491644863874644,2.8681905334714504,104.211080223961,3.6174375982373626,15.14566376233899,8.016236940304692,2.777715780117393,17.9026553351866,0.010631208611320275,3.2330704216911847,0.4262536984568238,0.6463021301470093,170.74747010844044,1.2025036544648628,6.491595679275633,4.065415954962868,1.1829803067246054,188.65012544362702,1.3175593541794,7.104416760995531,4.491669653419691,1.3321843347559355,24.548041776619474,0.012474587860054953,1.9939055831111858,0.4813341524827348,0.5145100032105654,199.65529190385632,1.2134978466110624,7.310501377049377,3.9148096451736536,1.1134212642149421,224.2033336804758,1.3347333225307616,7.676247645041451,4.396143797656388,1.2074510743462783,12.643015695918443,0.01045461822423821,1.6923468224533673,0.3327109393662748,0.35605175170499437,167.66953451558197,1.326838691322564,10.143886166672019,4.412356171462683,1.7478515075142051,180.3125502115004,1.7626079623947661,10.187626241829008,4.745067110828958,1.7487067405693015,21.115406590677075,0.010631208611320275,1.6963642277451987,0.34057107404317866,0.4321181636446139,229.77714981539543,1.2025036544648628,7.310501377049377,3.706083061538636,1.1293540717285606,250.8925564060725,1.3175593541794,7.335440565037343,4.046654135581814,1.1930983707035936
c<E>r<167>R<GLY>,110.67300366793414,1.50352393884568,4.224103855959923,1.908155235654037,0.6189769723809461,45.22363516319962,2.3001033526617087,4.930877776434505,3.4787411663999706,0.695073125479495,60.972922051753365,2.192532898635122,4.591128955842611,3.8108076282345853,0.5447062074132699,116.26186604587673,1.3235001856554487,3.9163507678532135,1.6147481395260657,0.5075061989541602,132.6804755686936,1.2241510156604416,3.4786987868811288,1.7690730075825813,0.5843084058383288,80.13173809879694,2.192532898635122,4.26917407408888,2.671057936626565,0.533558156682858,136.99788900623022,1.2241510156604416,3.4786987868811288,1.5393021236655082,0.41447688283446443,33.456059012781246,0.010456469924956302,4.450070270513997,0.48487042047509055,0.7641340001097854,339.8897892744917,1.9073019120789922,9.085479768419646,4.925938974992634,1.3131007435836919,373.345848287273,1.9241735085591423,9.129676546623978,5.410809395467725,1.2721754885983056,7.324599279017905,0.016882526877580517,2.5906314581975654,0.8138443643353228,0.8615495250189275,67.67315414116365,4.620135579677708,17.176246593918222,7.519239349018183,3.5675661847929043,74.99775342018155,4.947359185400254,17.193129120795803,8.333083713353506,3.4943448018554824,17.39149812620301,0.02336589324142402,6.120528005432696,0.6956599250481205,1.2199382860850927,194.8340949213307,3.408931414352992,15.613134148834433,7.793363796853227,3.5362326399177655,212.22559304753366,3.6174375982373626,15.763587821195543,8.489023721901347,3.375821315913681,31.794123346871977,0.010466975379936905,3.359800579099204,0.47453915443092504,0.6930850230986297,291.91040941609003,1.7746862929318468,7.176120532753885,4.356871782329702,1.0639299389551085,323.704532762962,1.7856175126437215,7.8854355692739935,4.831410936760627,1.1387861728945257,41.89695578981223,0.012474587860054953,2.670015478061245,0.46552173099791366,0.5744217351703501,353.6281559822992,1.9073019120789922,7.176120532753885,3.9292017331366575,0.9532633440204951,395.52511177211136,1.9241735085591423,7.510517403879246,4.394723464134571,1.0397825397558467,17.283754409167834,0.01045461822423821,2.325075112425667,0.4019477769573915,0.5238600622739401,209.34081900944648,2.3385352172635976,15.613134148834433,4.86839113975457,3.0477933062173195,226.62457341861426,2.6951226318862167,15.711657304052808,5.270338916711959,2.9985812250118116,38.03697652212323,0.010466975379936905,2.829629328624015,0.4089997475497122,0.5577133536289979,352.8739436508679,1.7746862929318468,7.176120532753885,3.794343480116859,1.0130024905734558,390.91092017299115,1.7856175126437215,7.510517403879246,4.203343227666571,1.1033223492247801
c<E>r<168>R<VAL>,105.64742796305777,1.3617391325759036,3.73433450140687,1.8215073786734097,0.5584382104290452,42.85322750354945,2.6643470441606114,4.433481372161595,3.571102291962454,0.5235520775082009,60.71376086500157,2.773459924535652,4.570775146508828,3.794610054062598,0.4210884968129871,111.18086439445368,1.3205659060062174,3.6966305120527463,1.5659276675275167,0.44006878195597177,128.0933926148658,1.2241510156604416,3.578524155756398,1.7079119015315438,0.5301146745895992,75.08002673355962,2.2386927924794633,3.238706071484812,2.5889664390882627,0.30369249933175085,132.13195149325816,1.2241510156604416,2.981869164476053,1.5014994487870246,0.329143983061497,33.28904359477361,0.010456469924956302,2.8401119457829624,0.5043794484056607,0.7176609871317843,313.3295897168475,1.242239860710697,7.46406133561436,4.747418026012841,1.1711743437876356,346.6186333116211,1.3837862392996498,7.529127031764193,5.251797474418502,1.1385738442266455,6.920114558543257,0.1382076434311692,2.200657089190468,0.6920114558543257,0.7156759787300128,75.7878700722697,4.606549217560314,18.013099758796898,7.578787007226969,3.64914769468507,82.70798463081297,5.462880908716847,18.2536278471338,8.270798463081297,3.5514280624407717,18.563386446968153,0.02058946271827722,5.119161559442453,0.7734744352903397,1.0485109057851871,185.7733501562143,3.633566925033847,16.338755214675984,7.7405562565089285,3.6105774576118685,204.33673660318243,3.820798712765769,16.759228344088996,8.514030691799269,3.5101578009634147,31.774155678155562,0.010931219711874718,2.6278157800858004,0.46726699526699356,0.6316459927215818,291.2419759112274,0.5097218551491096,6.420804991218802,4.282970233988639,1.0297134841381175,323.01613158938306,1.3819944352306717,6.700703584280692,4.750237229255633,1.0246914842404278,44.85559589772466,0.013625504472864591,2.670015478061245,0.5404288662376465,0.5985548041218194,319.9676425460091,1.242239860710697,6.420804991218802,3.8550318379037236,0.8508935840055556,364.8232384437337,1.3837862392996498,6.448346061746942,4.39546070414137,0.8821717379697961,17.67866641500879,0.01045461822423821,3.0359277978039696,0.5357171640911755,0.7566847788966818,148.92911652133762,2.0954165591665515,16.338755214675984,4.513003530949625,2.886433238998199,166.6077829363464,2.8485122347989096,16.469093198840003,5.0487206950408,3.0430842343695446,39.606793902836756,0.010931219711874718,2.829629328624015,0.477190287985985,0.5731182207781279,307.37819358734055,0.5097218551491096,6.420804991218802,3.7033517299679586,1.0153158522925692,346.98498749017733,1.3819944352306717,6.448346061746942,4.180542017953944,1.0100066130061103
c<E>r<169>R<CYS>,94.58599379750083,1.3617391325759036,3.73433450140687,1.970541537447934,0.6603746869477807,59.14798971042831,2.293788787564692,4.425734523866619,3.479293512378136,0.5589455422267201,61.801941976346434,2.773459924535652,4.592832875909984,3.862621373521652,0.5092959306404041,105.8797031017635,1.3183015276783767,3.73433450140687,1.6042379257842954,0.5482913585213273,119.93687607041296,1.2241510156604416,3.578524155756398,1.845182708775584,0.6426741142458545,90.14917423762407,2.2386927924794633,4.129685526634132,2.6514463011065903,0.4000526583088882,129.78468035102782,1.2241510156604416,3.512734373115176,1.5636708476027448,0.47504712997842613,27.06559660762165,0.01354898763135104,3.0136324193593396,0.5012147519929935,0.6632551871634729,270.3547066903984,1.3039254277518921,7.947620873316055,5.006568642414785,1.3139100820436371,297.42030329802003,1.402250326810093,8.009519600531863,5.507783394407778,1.3705224513843124,19.60356799484234,0.022355648030267794,7.903609760126976,0.8910712724928337,1.6831651328463508,161.08569126295833,1.3261060208751587,12.946415864656046,7.3220768755890155,2.9930079903286444,180.68925925780067,1.7592301414615519,13.135907963100628,8.21314814808185,3.057928277709893,18.241492575242656,0.02058946271827722,2.1959284698716104,0.6514818776872378,0.4994902100904033,224.54326554484692,3.633566925033847,14.210284530487115,8.01940234088739,3.3274437690663907,242.78475812008955,3.820798712765769,14.71401179193779,8.670884218574626,3.3097835937546876,27.919229956696526,0.010769095778181637,2.3732039542982797,0.4167049247268138,0.5213267864963993,298.0143077764842,1.3039254277518921,6.398887699480156,4.4479747429326,0.9319219548392632,325.9335377331807,1.402250326810093,7.270992022988173,4.864679667659413,1.0405520046942047,39.807711832370515,0.013625504472864591,3.443890987705256,0.5453111209913769,0.6960780952375603,288.54843961669167,1.3039254277518921,7.297867002930616,3.9527183509135844,1.1317521819406708,328.35615144906217,1.402250326810093,7.394307573213979,4.498029471904961,1.227161130211773,29.752980684421143,0.01122131668060078,7.02036613683034,0.6919297833586312,1.1856181365936347,195.43790925395706,1.3261060208751587,12.10871045784097,4.545067657068769,2.5261449057655287,225.1908899383782,1.7592301414615519,12.192217137592493,5.2369974404274,2.6509839955847556,35.91828720795748,0.010769095778181637,2.918119954519696,0.4225680847994998,0.5599731607936745,322.19530088644524,1.3039254277518921,7.297867002930616,3.790532951605238,1.1714885294382473,358.1135880944027,1.402250326810093,7.327725427219933,4.213101036404738,1.2052193873715225
c<E>r<170>R<THR>,94.41809289679189,1.501087765766309,3.8202425726566998,1.8883618579358379,0.6577227673347985,45.34724120724724,2.293788787564692,4.574843474032156,3.488249323634403,0.6583286281966922,64.43029549102401,2.195588069589395,4.897502995471843,3.579460860612445,0.8001713294699639,104.2918482553597,1.3183015276783767,3.8202425726566998,1.6295601289899952,0.5645659271768055,121.05378981304735,1.2248711976026239,3.8202425726566998,1.7544027509137297,0.624997340694444,88.15439977094806,2.195588069589395,4.897502995471843,2.754824992842127,0.6027978667455636,129.02289100861512,1.2248711976026239,3.512734373115176,1.5544926627543991,0.45208878988053197,29.491477498603096,0.01354898763135104,2.703054699001666,0.5564429716717565,0.7402774837434565,265.64173365445913,1.464525266266719,7.947620873316055,5.012108182159606,1.3440064699735925,295.1332111530622,1.5820003717073383,7.976393016811401,5.568551153831362,1.4212363351154838,9.199190484408595,0.022355648030267794,2.5612098481652144,0.5749494052755372,0.6965866672478516,121.70402868302085,1.3261060208751587,12.784097575028,7.606501792688803,3.1955816865691724,130.90321916742946,1.7592301414615519,13.135907963100628,8.181451197964341,3.2395784178999083,15.130679634236717,0.02058946271827722,1.5663943807665817,0.5217475735943695,0.4093243829997368,175.89423992203342,2.3697970998691744,12.430815572926122,6.065318618001152,2.048491503944048,191.02491955627013,2.478131000897494,12.931365248080095,6.587066191595522,2.0441809819989287,27.90686009103328,0.010769095778181637,2.6087581134821507,0.4293363090928197,0.5495173856721804,299.79609480595536,0.5844809700547557,8.779277335305096,4.6122476123993135,1.2712069274255666,327.7029548969887,1.5129564844506884,8.891704124699737,5.041583921492133,1.3211754503993478,39.48458016734991,0.013625504472864591,3.443890987705256,0.5195339495703936,0.6438628636236691,291.16479468624675,1.464525266266719,6.8514336819655455,3.8311157195558785,1.221527770620966,330.6493748535967,1.5820003717073383,7.181695591742553,4.350649669126272,1.331073144718466,30.126586503752314,0.014548095901240288,7.078469272085833,0.6694797000833848,1.192586391753485,185.99939299596213,1.3261060208751587,11.699892679397863,4.133319844354714,2.4440885669916077,216.12597949971442,1.7592301414615519,12.132377176566017,4.802799544438098,2.637809781268477,37.842497099994674,0.010769095778181637,2.418159906550734,0.4559336999999358,0.5381651390604762,302.00220621994276,0.5844809700547557,6.8514336819655455,3.638580797830636,1.2525779482036783,339.8447033199375,1.5129564844506884,7.181695591742553,4.094514497830572,1.3168939402337767
c<E>r<171>R<ASP>,94.1798772465889,1.4988106116633682,4.177586152010124,1.8466642597370373,0.6017684006057081,55.455181126557,2.293788787564692,4.574843474032156,3.4659488204098126,0.5682912940648308,64.40343969187259,2.195588069589395,4.736584571113373,3.3896547206248733,0.731804339018398,105.43724194696792,1.3205659060062174,3.7106653089179704,1.5505476756907046,0.41965186633308416,121.06865500163815,1.2249953387371035,3.4577044350212742,1.7051923239667346,0.518996254548146,92.565206455081,2.195588069589395,3.084405105103208,2.571255734863361,0.2905612057865158,131.93913795212626,1.2249953387371035,3.0188580231618682,1.4993083858196166,0.3367770713403882,31.295128850076512,0.010760052629112948,3.909076818606218,0.6136299774524806,0.8859443744357371,274.79641841063267,1.45647711763786,14.823003070696586,5.388165066875151,2.5249148813548796,306.09154726070915,1.5754928891265123,14.955368453457876,6.00179504432763,2.463813881816924,19.97859577775368,0.010071265974385568,7.584063048755199,0.8686345990327686,1.6032196426280965,205.39429310460696,1.3261060208751587,15.990987610502316,8.930186656722041,3.86669680547378,225.37288888236063,1.7592301414615519,17.027991641555765,9.79882125575481,3.993549833525375,19.331805201110036,0.020603846154104488,2.7269650836837354,0.6666139724520702,0.6788832630281073,164.16082305093119,2.3697970998691744,14.030043971268242,5.660718036239007,2.121424241045494,183.49262825204121,2.478131000897494,14.612903109656962,6.3273320086910765,2.2528211823302877,31.1999834904907,0.010760052629112948,3.622428694503503,0.5288132794998424,0.6921388336888178,285.0989648463892,0.5842908689239721,12.779586025890467,4.832185844854054,1.8371176618297869,316.29894833687985,1.512830343592495,12.942851695752633,5.360999124353896,1.8076481377498894,39.25765980982668,0.010180064331056116,3.3145699089099274,0.4969324026560339,0.7027433689062421,276.05533663125084,1.45647711763786,6.8514336819655455,3.4943713497626687,1.189664185711232,315.3129964410776,1.5754928891265123,7.156937445451399,3.9913037524187036,1.3402412221441007,30.819056208388368,0.014548095901240288,6.043798234568698,0.6042952197723209,0.9739244365720775,177.41940301780983,1.3261060208751587,10.416889334958114,3.478811823878624,1.396032193049774,208.2384592261982,1.7592301414615519,10.73660119594511,4.083107043650945,1.5821586345536214,40.090751304788,0.010760052629112948,3.1416507683416848,0.4772708488665238,0.6206506455217636,284.94337399019264,0.5842908689239721,12.779586025890467,3.3921830236927697,1.5375423781142254,325.0341252949807,1.512830343592495,12.94108607735959,3.869453872559294,1.5320461878327751
c<E>r<172>R<PRO>,71.85716838826795,1.4937487761447161,4.503343946556776,1.8909781154807355,0.7136302325651422,29.14609920322718,2.7409268621788514,6.863177058474879,4.163728457603883,1.3275393977886742,53.77975159076888,2.195588069589395,5.543809992529399,3.5853167727179254,0.9187241837089897,77.60450144219016,1.3205659060062174,4.503343946556776,1.6870543791780468,0.6495889307889025,94.70647634545348,1.2249953387371035,3.611950587542792,1.7538236360269164,0.6553221185301865,66.5526357745265,2.195588069589395,5.139718264515744,2.8935928597620215,0.7550868346402267,100.19843601247702,1.2249953387371035,3.611950587542792,1.616103806652855,0.5798736350282815,12.403543243075626,0.021999660816844013,2.168379005633051,0.5392844888293751,0.6427671328604047,98.24050911480032,1.45647711763786,8.258876625401626,4.271326483252188,1.8613249088385255,110.64405235787595,1.5754928891265123,8.338389147164754,4.810610972081563,2.020695963831508,1.7623689199129533,0.40626208986802226,0.8133749106760604,0.5874563066376511,0.16918513592904733,43.84917390273148,12.377058472438932,16.10935482579049,14.616391300910493,1.6125155028336216,45.61154282264443,12.919790391807803,16.515616915658512,15.203847607548143,1.621007902283776,12.724848883497549,0.020603846154104488,2.34219319055539,0.7069360490831972,0.6535047251889683,114.46105222957226,3.2451282303709377,8.635679435623388,6.358947346087348,1.5355370836838773,127.1859011130698,3.3562525249231427,9.54266713392595,7.065883395170545,1.6962958494198423,12.387647345680454,0.010769095778181637,2.168379005633051,0.5898879688419264,0.6084569266050117,89.49306771336825,0.5817173406795177,7.279495522507204,4.261574653017536,1.8093791725670865,101.88071505904871,1.512830343592495,7.557640147090888,4.851462621859462,1.776694925171751,19.557364593454352,0.010180064331056116,1.9395198684455721,0.4074450956969657,0.44252130541932505,178.13792970270362,1.45647711763786,8.091757470764605,3.7112068688063253,1.6268825177766089,197.69529429615795,1.5754928891265123,8.579577570602051,4.11865196450329,1.758013997432031,11.884455535627557,0.021288833217051106,2.9216286486757577,0.5167154580707634,0.6391714638141816,119.83683217280026,2.3783002710879373,12.377058472438932,5.210297050991316,2.937153086563338,131.7212877084278,2.5645843330811613,12.890013287283592,5.727012509062079,3.0472123500823547,19.499520991748398,0.010769095778181637,1.9395198684455721,0.43332268870551993,0.4170469088356725,169.65827655957634,0.5817173406795177,8.091757470764605,3.7701839235461407,1.7262210252775072,189.15779755132473,1.512830343592495,8.579577570602051,4.203506612251661,1.7580974654290642
c<E>r<173>R<GLN>,94.15741424580075,1.3924448022820988,4.503343946556776,2.0469003096913205,0.9237773061773137,36.39998964744473,2.7409268621788514,6.90492076702115,4.549998705930591,1.5117913694424014,59.151130791151544,2.195588069589395,7.484832641161659,3.943408719410103,1.323906005573543,101.75573787296638,1.3247001013199837,4.503343946556776,1.8501043249630251,0.8487568710118893,111.28479152587175,1.1865955302949511,4.453992500693776,1.7949159923527702,0.7242237172930291,72.91008196689269,2.1494055625760353,6.830136154917748,3.037920081953862,1.11807401078105,118.72249807766534,1.1865955302949511,4.453992500693776,1.6721478602488076,0.6565331764152768,25.56680793609615,0.010760052629112948,4.595165625377893,0.5681512874688034,0.8973641265752048,262.5846001248234,1.45647711763786,14.087672248383114,5.835213336107187,3.0133636719631025,288.1514080609196,1.5754928891265123,14.403542751467398,6.403364623575992,3.2160179747074165,3.480795028552132,0.010071265974385568,2.6858762712416606,0.870198757138033,1.0598850243054305,56.96922472886723,12.978091773163442,16.10935482579049,14.242306182216808,1.181924105315662,60.45001975741937,13.356677174631505,17.027991641555765,15.112504939354842,1.6705535454370675,17.701816836893066,0.020603846154104488,2.547557583085144,0.8850908418446533,0.7102968616837888,177.94141937699032,5.611772353550123,20.62165957029015,8.897070968849516,3.9726714453565237,195.6432362138834,6.242786148600175,21.399534455408876,9.78216181069417,4.222714047016156,27.139730539845594,0.010760052629112948,6.271378179111542,0.6311565241824557,1.0926702955874814,233.45466196370847,0.5842908689239721,12.483744209748238,5.429178185202523,2.6293049195860134,260.5943925035541,1.512830343592495,12.71304907587649,6.060334709384979,2.9073374799383602,28.650181747677912,0.010180064331056116,4.845364564543271,0.5116103883513913,0.8177496956968474,276.512217308201,1.45647711763786,19.018619819989226,4.937718166217875,3.2538541351147208,305.16239905587895,1.5754928891265123,20.05256498658681,5.449328554569267,3.3832419920012575,20.772219661459488,0.04317594190935381,3.883522439777515,0.769341468942944,0.9572862313368874,162.04729536871366,2.0086138635790576,15.791873029029887,6.001751680322728,3.630335821142367,182.8195150301732,2.0680776643028747,19.6753954688074,6.771093149265674,4.247243854108255,31.312102032096792,0.010348043152134778,4.845364564543271,0.5591446791445855,0.8448846016391287,266.7860234456057,0.5842908689239721,15.791873029029887,4.764036132957244,2.9058244949967738,298.09812547770247,1.512830343592495,18.46857574712583,5.32318081210183,3.1424966503843996
c<E>r<174>R<PRO>,117.75647397437672,1.3831188295222931,3.999792478030614,1.8992979673286567,0.7622312073591349,37.34934590025973,2.7409268621788514,5.376754694744401,3.734934590025973,0.6407198131584433,70.52021215794691,2.195588069589395,6.873771798607722,3.917789564330384,1.1101965710072563,123.69344965705463,1.3247001013199837,3.8853226501222653,1.6944308172199265,0.6620107461985916,144.92190384366168,1.2249953387371035,4.507009067679728,1.7891593067118725,0.7132974401399255,84.08676840115666,2.1494055625760353,6.537772720524435,2.8995437379709195,1.002698958154445,150.3411259155127,1.2249953387371035,4.507009067679728,1.634142672994703,0.6188108144525233,41.24045964365841,0.010760052629112948,7.049209397093982,0.6248554491463396,1.0452317488122431,332.19734782872933,0.48652580999851125,18.879417174278615,5.033293148920142,2.8805778205130332,373.43780747238776,1.5754928891265123,18.911916926046388,5.658148598066481,2.938653186396188,8.04191967217436,0.012583149661152149,7.628008850451254,1.608383934434872,3.010202759871121,40.517314754877134,6.381332604931686,12.198008351490216,8.103462950975427,2.2443562823258065,48.5592344270515,6.573161697604993,14.00934145538294,9.7118468854103,2.9568453449964003,23.917272265121582,0.020603846154104488,2.9631661397148434,0.8858248987082068,0.7251192780459165,225.8726055938696,3.2451282303709377,18.197716450344387,8.365652059032207,3.613726763730704,249.78987785899116,3.3562525249231427,19.921086564519776,9.251476957740413,3.8314406618498467,39.713543081044264,0.010760052629112948,7.049209397093982,0.6017203497127919,1.0090831136370289,325.00944936699136,0.48652580999851125,18.879417174278615,4.924385596469566,2.81878346999538,364.7229924480356,1.512830343592495,18.911916926046388,5.526105946182358,2.8503076981466795,50.83155174010609,0.010180064331056116,5.037877383531706,0.5525168667402837,0.7880492508134157,401.70058948943506,0.48652580999851125,14.28635272622705,4.3663107553199465,2.4370693648132913,452.53214122954114,1.5754928891265123,14.984647539125987,4.918827622060229,2.5190866631240474,26.495565766219684,0.032869014084967674,6.043798234568698,0.8279864301943651,1.2309814736015616,201.27257768249183,2.0086138635790576,16.3628688301701,6.28976805257787,4.0227322934920995,227.7681434487115,2.0680776643028747,17.107441385865748,7.117754482772234,4.275055073822199,48.083589873715,0.010348043152134778,5.037877383531706,0.5342621097079444,0.7868858626329421,389.67429854981674,0.48652580999851125,14.28635272622705,4.329714428331297,2.491299891122314,437.7578884235317,1.512830343592495,14.984647539125987,4.863976538039241,2.553229831604278
c<E>r<175>R<LEU>,127.18633229431919,1.3725750873346025,5.290509098478909,2.0188306713384,0.9662716200663345,42.922991911413106,2.7203092045365445,7.3592561470842135,3.9020901737648277,1.1403290705232485,61.53502491772455,2.0962646451618583,6.521830124885923,4.10233499451497,1.0121327693924944,134.97880998984473,1.3244297353681567,5.014500625697196,1.7997174665312632,0.8903612037289167,148.7212056926504,1.212124663801162,4.562321768892859,1.8825469075019037,0.8296742086667104,81.37762585997123,2.0962646451618583,6.521830124885923,3.0139861429618975,0.9780722646152941,155.23551941965823,1.212124663801162,4.562321768892859,1.705884828787453,0.7314854660104547,53.40162513819832,0.010449457948260132,6.1804791432298956,0.7315291114821688,1.0757057875066023,408.72637405470533,0.48652580999851125,16.322787586369316,5.598991425406922,2.919850555100529,462.12799919290364,1.5754928891265123,17.2635543637004,6.330520536889091,3.1460916874179623,9.447553592643885,0.012583149661152149,3.2403987782294976,1.0497281769604316,1.1379954020053036,99.42175748482839,5.776715275658773,15.990987610502316,11.04686194275871,4.322698127686263,108.86931107747228,6.573161697604993,18.76975862944139,12.096590119719142,4.830387096670251,22.375419212414872,0.04840443386230575,7.590173025759192,1.0654961529721367,1.579638795651024,227.0100054574474,5.432576087478992,19.301092066894853,10.810000259878446,4.810497529740339,249.3854246698623,6.171378749825289,19.716950989218482,11.875496412850586,5.108623126750802,53.29239182266114,0.010449457948260132,5.715677445604463,0.6921089847098849,1.0219060966991234,415.7599763693125,0.48652580999851125,14.621320510132136,5.3994802125884735,2.742046421766747,469.05236819197364,1.512830343592495,17.08471635828355,6.091589197298359,2.940378112026969,62.02087613773198,0.010348043152134778,7.107295537290032,0.6815480894256262,1.057662557117022,442.76278478846604,0.48652580999851125,13.887617359871001,4.865525107565561,2.5217134794658915,504.783660926198,1.5754928891265123,14.657665909333833,5.547073196991187,2.676650131519893,21.833111452240754,0.027880221324653842,4.433243859738976,0.7042939178142179,0.9734015534865867,230.96351772499418,2.089879932922713,16.490157658439784,7.450436055644974,4.264538702721683,252.7966291772349,2.642148488874959,16.975963479760342,8.15472997345919,4.388236116567194,61.1800419490122,0.010348043152134778,6.618002098817566,0.6797782438779133,1.0477762766871184,438.0620499502792,0.48652580999851125,13.887617359871001,4.867356110558657,2.6858858034194957,499.2420918992914,1.512830343592495,14.168372470861367,5.5471343544365705,2.7683125029949487
c<E>r<176>R<LYS>,96.98055123893396,1.3835582429340145,4.296010757514557,1.7959361340543325,0.6211151077075874,42.29891517603615,2.7203092045365445,4.997437185974953,3.524909598003012,0.6005999892069961,69.76373895291876,2.1948788189852677,6.038590424525526,3.875763275162153,0.9032473356343473,105.44943044656412,1.3220647145914852,3.7159018222625977,1.573872096217375,0.43478037572368566,123.21040998492195,1.22746530326769,3.704185892466719,1.6878138354098897,0.5576213770965137,87.780140916593,2.1948788189852677,6.038590424525526,2.831617448922355,0.7679951488791997,131.60525156032566,1.22746530326769,3.704185892466719,1.5302936227944843,0.4007843437628557,28.641997793268416,0.010449457948260132,3.66569959025837,0.5207635962412439,0.7941179128298563,251.07249939422678,0.48652580999851125,10.583813806807715,4.564954534440487,1.6219898137537587,279.7144971874952,1.315497471658984,10.689344743800667,5.085718130681731,1.634412175478359,12.546633573577251,0.11199420188883202,4.879300747387328,1.394070397064139,1.4307238163566858,68.86759597291605,5.776715275658773,12.068624920440755,7.651955108101784,2.1001909091644,81.4142295464933,6.773499608028727,14.21470888594627,9.046025505165922,2.5546573082536232,21.929457475728455,0.04688519606219721,2.144087457160122,0.7831949098474448,0.504270023538084,222.62990293802403,3.062713470536451,19.05198556341952,7.951067962072287,3.3134274509778283,244.5593604137525,3.525352496325276,20.159281706812862,8.734262871919732,3.388516158011791,28.956464568003405,0.010449457948260132,2.94289945774109,0.5080081503158492,0.7534067323804488,244.1917887207676,0.48652580999851125,6.243594606941315,4.284066468785396,1.1727518006328959,273.148253288771,1.315497471658984,6.508934467008954,4.792074619101245,1.1324114462089327,35.390107356295516,0.010499939679387449,1.864906329043782,0.41635420419171193,0.48402120380792124,306.7050350304942,0.48652580999851125,13.887617359871001,3.60829452977052,1.665411101300023,342.0951423867897,1.315497471658984,14.657665909333833,4.024648733962231,1.7045293383737823,23.648935417416357,0.025061978112471905,3.534682363494081,0.5499752422654967,0.8113229502074365,228.8542128297187,2.089879932922713,12.463383946113936,5.32219099603997,3.3321503745253827,252.50314824713507,2.571424343864807,13.192995043070297,5.872166238305467,3.4492182950800556,35.030985048237866,0.010499939679387449,2.729684228727093,0.4491151929261265,0.5707243818778736,271.97397565192455,0.48652580999851125,13.887617359871001,3.4868458416913404,1.8886136917728846,307.0049607001625,1.315497471658984,14.029588462811365,3.935961034617468,1.8536232310883793
c<E>r<177>R<GLU>,99.61967449149697,1.3725750873346025,3.9311337454095825,1.7789227587767316,0.6241580773995061,41.10279639353108,2.7203092045365445,5.501955515282003,3.736617853957371,0.7690251230657228,60.11800943199954,2.1948788189852677,5.24106134106945,3.757375589499971,0.7939480745582079,110.01946819115322,1.3220647145914852,3.660053685154639,1.5944850462485973,0.5099663512962097,125.34040028893482,1.22746530326769,4.224419304370399,1.716991784779929,0.6404331835061465,84.5535872428335,2.1948788189852677,5.783693312014874,2.9156409394080516,0.8439479902755218,135.4175500635521,1.22746530326769,4.224419304370399,1.5746226751575827,0.5363806646644245,29.604861435870717,0.010449457948260132,3.66569959025837,0.5482381747383466,0.8151090288904599,246.72841231530967,0.4886993819127383,10.591639451718347,4.5690446725057345,1.8935303678123911,276.3332737511804,1.315497471658984,10.890445886765011,5.1172828472440814,1.8757604923666449,6.6494846973739365,0.06419251124394876,1.7191102507515748,0.6649484697373936,0.5518143888780361,99.26037786771555,5.776715275658773,19.212114648585214,9.926037786771555,4.749785450458913,105.9098625650895,6.773499608028727,19.75480122289438,10.59098625650895,4.758612488917154,18.89245484328863,0.08547228217531,1.8378410258242859,0.7871856184703595,0.4687258648777566,189.31172121787495,3.062713470536451,12.527803747179462,7.887988384078123,2.3769157252709663,208.2041760611636,3.525352496325276,13.176587779930358,8.675174002548482,2.3129684978791545,29.345710593490566,0.010449457948260132,2.94289945774109,0.5335583744271012,0.7040144844707752,234.55273817789856,0.4886993819127383,10.332135114221707,4.2645952395981555,1.3703417667069588,263.89844877138916,1.315497471658984,10.814446138878402,4.798153614025257,1.3383168222022628,36.19321541191816,0.010499939679387449,2.073323530487327,0.44138067575509954,0.5072076274306218,312.9923139995105,0.4886993819127383,12.527803747179462,3.8169794390184206,1.754319036766908,349.1855294114286,1.315497471658984,13.030145194176145,4.258360114773519,1.8279304031807293,18.65452347699767,0.025061978112471905,3.028243228793259,0.44415532088089693,0.5879886352918755,224.1658742698978,2.089879932922713,12.527803747179462,5.337282720711853,2.864681335186813,242.8203977468955,2.571424343864807,13.176587779930358,5.78143804159275,2.96679519229615,35.84288204418215,0.010499939679387449,2.4444867734693414,0.4537073676478753,0.5521374637993439,292.7360342465114,0.4886993819127383,12.527803747179462,3.705519420841916,1.8094171538449788,328.57891629069366,1.315497471658984,13.030145194176145,4.159226788489793,1.8341782440077044
c<E>r<178>R<GLN>,94.38794886614109,1.3837844952510654,3.802473264901574,1.850744095414531,0.627763995013143,48.273536090967085,2.7203092045365445,5.501955515282003,3.713348930074391,0.7729360223282801,66.24618492541333,2.193918418124952,5.140553418297592,3.680343606967407,0.7080196607029868,103.09555655657014,1.3220647145914852,3.776789646918591,1.5860854854856945,0.46200057186967564,119.35917839337866,1.1985104171372059,4.224419304370399,1.7051311199054093,0.5984607892859463,88.06587259098492,2.193918418124952,4.580330972988017,2.752058518468279,0.6087952229031797,127.98376001447821,1.1985104171372059,4.224419304370399,1.5236161906485501,0.4344153936356383,23.199276991559813,0.010584670563911658,3.205088498756467,0.5043321085121698,0.7610326278179352,240.20371752592507,1.219728511150663,12.621420276246628,5.221819946215763,2.2138101816248374,263.4029945174849,1.315497471658984,12.75793288848118,5.726152054727932,2.196893784866018,11.812370501786246,0.04861046898688848,6.0639901755554835,0.9843642084821872,1.6236750055477143,114.85004274440664,5.776715275658773,19.19398958914093,9.57083689536722,4.1053047922906485,126.6624132461929,6.847761867497571,19.70816426802913,10.555201103849408,4.052141847427638,22.202892334377132,0.028297007593005574,2.4084045269269687,0.7400964111459044,0.5845528164800834,221.53737925344785,3.062713470536451,12.527803747179462,7.384579308448262,2.0417509465060393,243.74027158782505,3.525352496325276,13.176587779930358,8.124675719594169,2.2065150236636684,23.134399552343204,0.010584670563911658,2.6085642857159943,0.5257818080078001,0.7490209106678498,212.01564249471596,0.5819704505311165,12.621420276246628,4.818537329425363,1.9832962100392066,235.15004204705917,1.315497471658984,12.75793288848118,5.344319137433163,1.962031732357731,29.903216360083604,0.010499939679387449,1.831363497225352,0.364673370244922,0.4561087455824736,336.46208404901193,1.08477244516871,12.527803747179462,4.10319614693917,2.208930284466404,366.36530040909554,1.315497471658984,13.030145194176145,4.467869517184092,2.238991652868911,21.25758195569613,0.011097971167119969,4.402805399342618,0.433828203177472,0.7541064175697478,246.0655633214311,2.157697894866999,12.527803747179462,5.021746190233288,2.7410294354908697,267.3231452771273,2.571424343864807,13.176587779930358,5.455574393410761,2.851643832382295,28.950708419560858,0.010499939679387449,2.729684228727093,0.37598322622806307,0.4914868779998323,305.022248012458,0.5819704505311165,12.527803747179462,3.9613278962656886,2.2647633735992154,333.9729564320189,1.315497471658984,13.030145194176145,4.337311122493753,2.259317865655336
c<E>r<179>R<PRO>,106.12029469667043,1.477457207116075,5.448525665692234,1.9651906425309338,0.8141991250374325,52.903773616979194,2.7203092045365445,5.525311289333412,3.778840972641371,0.8098408630723143,71.27934720549904,2.193918418124952,5.140553418297592,3.7515445897631072,0.7125729138853604,114.45679950111696,1.3090406761762705,4.20693326582323,1.6587941956683618,0.598655811691252,135.73678750511903,1.1985104171372059,5.191021685687873,1.8342809122313382,0.7313415829557599,96.27409654108898,2.193918418124952,4.861799242963445,2.8315910747379114,0.5944019398897837,143.90369702441006,1.1985104171372059,4.20693326582323,1.6168954721843827,0.5428592799732695,26.430813017159874,0.010822563130946206,3.2506000951931817,0.5506419378574974,0.7510810232570064,280.8462714687543,1.219728511150663,12.934258255645773,5.8509639889323815,2.8625141359546724,307.2770844859142,1.315497471658984,13.481547953974335,6.4016059267898795,2.9265178495292954,10.079034043931003,0.015510651104111872,2.1460839655055146,0.5928843555253531,0.6008770356413307,171.68738585180103,6.064494240039949,22.313182975090285,10.099257991282414,4.16849312415133,181.76641989573204,6.513633641992753,22.94617612082707,10.692142346807767,4.303748968632752,25.11804631863623,0.028297007593005574,4.668832463442566,0.8661395282288356,0.9338189532799964,201.88873058486934,4.067797466852326,12.12677796345929,6.961680364995495,1.6229978652803427,227.00677690350562,4.802432235846522,13.192995043070297,7.827819893224332,1.9269161867025584,28.305452127176018,0.010822563130946206,5.528307139495585,0.5776622883097147,0.9625272698391611,271.23462105001596,0.5819704505311165,16.595632148315644,5.535400429592163,3.0894044109890006,299.540073177192,1.315497471658984,16.70271080776584,6.113062717901878,3.074889598376027,36.973673233543515,0.010499939679387449,2.0876504185806617,0.38919656035308964,0.4675309920158957,403.5047385984021,1.08477244516871,12.934258255645773,4.247418301035812,2.055529930431661,440.4784118319457,1.315497471658984,13.481547953974335,4.636614861388902,2.119478431271163,22.33815631661556,0.011097971167119969,2.4306019309376747,0.4295799291656838,0.5752998356107454,281.42091436405,2.1589358789635753,12.463383946113936,5.411940660847116,2.85637448890788,303.7590706806657,2.765375203914889,13.192995043070297,5.841520590012801,2.95041171512699,36.55111050230889,0.010499939679387449,2.729684228727093,0.42012770692309065,0.5402135409335286,352.77004366764174,0.5819704505311165,12.463383946113936,4.054828088133813,2.207061530114322,389.3211541699506,1.315497471658984,12.751550438491734,4.474955795056903,2.2318326490464875
c<E>r<180>R<ALA>,126.20312732404285,1.3540127167308977,3.9357782348752424,1.8290308307832297,0.6221147171264979,50.466494745105486,2.7054533801859497,4.850159682981268,3.604749624650392,0.7045943119122786,66.13248114519887,2.193918418124952,4.725337447319993,3.674026730288826,0.7008794756213177,135.71403204672868,1.2933940417875762,3.9153769616811984,1.6156432386515318,0.4976411748393892,147.81210324774116,1.1967740000430762,3.716457821015338,1.679682991451604,0.5266279112013234,87.24732121833136,2.193918418124952,3.485550573358387,2.6438582187373143,0.3399780011334791,157.36364521255908,1.1967740000430762,3.716457821015338,1.5278023807044572,0.3878491381527946,41.415377968677234,0.010822563130946206,3.3770660753164297,0.5176922246084654,0.7670268536008901,462.225968256585,1.219728511150663,12.621420276246628,5.777824603207312,2.3513719924614005,503.6413462252622,1.315497471658984,12.75793288848118,6.295516827815778,2.3490715476546855,7.994250782273047,0.015510651104111872,2.118791429387196,0.47025004601606163,0.5121646533719681,162.11435718776676,5.215641692085455,19.977240180437107,9.536138658103926,3.8362975910658346,170.10860797003983,6.069479873739738,20.03228155146081,10.00638870411999,3.7600592589423445,21.214530895340758,0.028297007593005574,4.668832463442566,0.8485812358136303,1.0409838868779626,160.35605496383803,4.067797466852326,8.836439543470451,6.414242198553521,1.3244292913346412,181.57058585917878,4.802432235846522,11.019820677823173,7.262823434367151,1.4818760963240443,43.655737044470214,0.010822563130946206,3.7873470642123497,0.5389597165983977,0.8115011485183828,423.0962747857703,0.5819704505311165,12.621420276246628,5.223410799824324,2.330469757259899,466.7520118302406,1.315497471658984,12.75793288848118,5.762370516422723,2.2867427699157385,45.660192485547654,0.010128421566771628,3.0543800639412195,0.4520811137182936,0.6102185270392239,436.58559231358385,1.08477244516871,12.109905542114802,4.322629626867167,2.0201190841222263,482.24578479913157,1.315497471658984,12.138262113524586,4.774710740585461,2.0682954079228852,22.371115699567074,0.011097971167119969,3.3252281829557386,0.5202585046410948,0.7078290891732881,178.06952004519553,1.8683515603291063,9.908901076065206,4.141151628958036,1.7764801433230673,200.4406357447626,2.175809830584466,10.018477043108142,4.66141013359913,1.8888945515638058,46.468617425907105,0.010128421566771628,2.8388083903864025,0.4425582611991153,0.6232443254243737,426.3813546242314,0.5819704505311165,12.109905542114802,4.060774805945061,1.9820423711590631,472.8499720501386,1.315497471658984,12.138262113524586,4.503333067144177,1.9809991050929556
c<E>r<181>R<LEU>,86.02903245310645,1.4469772107649521,3.9357782348752424,1.8304049458107756,0.5939010301535392,51.851227449656626,2.7054533801859497,5.501955515282003,3.7036591035469018,0.8160009493983951,69.6906481378254,2.193918418124952,5.140553418297592,3.48453240689127,0.7472657250124728,100.58958978557762,1.2933940417875762,3.9153769616811984,1.6224127384770584,0.5508814495156917,117.45160958184374,1.1967740000430762,3.716457821015338,1.7272295526741726,0.5935226582149431,94.5771651431579,2.193918418124952,4.580330972988017,2.70220471837594,0.5255227744111993,131.6388789430032,1.1967740000430762,3.8816740747020515,1.5860105896747372,0.5308498565869473,23.633334885325517,0.012871850171020327,3.049691608974218,0.5028369124537344,0.7495292137543105,252.33236421401648,1.456233192180889,10.24615012928416,5.368773706681202,1.7450759914683027,275.96569909934203,1.573208197432028,10.67209841852035,5.871610619134937,1.8333122078593762,12.39485848539954,0.015510651104111872,5.371231384943352,0.826323899026636,1.4345648249224636,133.1629580044736,5.215641692085455,14.574548390874558,8.877530533631575,2.5847325972076436,145.55781648987315,6.069479873739738,14.900427994521204,9.70385443265821,2.481821339293235,25.075758561586984,0.015306556622936007,4.535607604529233,0.8358586187195661,0.9701744605012967,197.50222205641657,3.768537137413034,10.105345469583781,6.583407401880552,1.6594706005754782,222.5779806180036,4.416878522042126,11.931234854930455,7.41926602060012,1.6066358241636034,25.345498871190586,0.020705062652625728,3.7873470642123497,0.5280312264831372,0.8395172584792333,225.84035499947584,0.5819704505311165,10.24615012928416,4.705007395822413,1.7190677951891649,251.18585387066645,1.5165422314014894,10.267856767773013,5.233038622305551,1.7496463825736088,34.323901350051905,0.010128421566771628,3.0543800639412195,0.45163028092173557,0.6442383429448839,300.83878944380854,1.456233192180889,10.64552111670416,3.9584051242606386,1.8174362580404722,335.1626907938605,1.573208197432028,10.702055345386938,4.410035405182375,1.8779233508481166,27.089628850822983,0.011097971167119969,4.747159310078658,0.5528495683841426,0.878679105521905,211.9563321853243,1.8683515603291063,13.717761476543501,4.325639432353557,2.383414073838055,239.0459610361473,2.175809830584466,13.99089167619373,4.8784890007377,2.4643273504885115,35.49887130876271,0.010128421566771628,2.8388083903864025,0.43825767047855196,0.6143982164461474,296.86877522073917,0.5819704505311165,10.64552111670416,3.6650466076634465,1.656120758184524,332.36764652950194,1.5165422314014894,10.702055345386938,4.103304278141999,1.673957133300666
c<E>r<182>R<ASN>,87.50903195219334,1.3819891258566217,5.323517433351545,2.035093766330078,0.8838242172375594,40.29519259121365,2.7054533801859497,4.850159682981268,3.663199326473968,0.6845282921170407,56.98848029171719,2.1977163442388092,4.671947083816971,3.5617800182323243,0.7265593430134146,97.17425036032917,1.2933940417875762,4.2428822945796485,1.766804552005985,0.7174303361123463,106.87037920287631,1.209600984742463,5.323517433351545,1.781172986714605,0.7617393476956774,80.28689314848182,2.1977163442388092,4.599643814740635,2.867389041017208,0.7003647598920358,115.97497073266848,1.209600984742463,3.8816740747020515,1.6107634823981734,0.5606781090130017,22.650931124520937,0.012871850171020327,3.0409120503271954,0.5393078839171652,0.7546516614531753,236.28265403456612,2.235341249538692,10.24615012928416,5.625777477013479,1.7536041168359402,258.93358515908704,2.31774834850362,10.67209841852035,6.165085360930644,1.9080982441568806,6.431924991287847,0.015510651104111872,3.229462927714783,0.5847204537534406,0.8717420373653132,88.61617461567364,5.215641692085455,11.10416511601571,8.05601587415215,1.82226973995685,95.04809960696149,6.069479873739738,11.268902749462224,8.64073632790559,1.8437852179945924,18.702695112830277,0.015306556622936007,4.535607604529233,0.8131606570795773,1.0385496253974613,144.8431025430925,3.768537137413034,8.998946339641638,6.297526197525761,1.6208276512172564,163.54579765592283,4.416878522042126,9.238932009053272,7.110686854605341,1.3545073338408986,24.265777684945427,0.020705062652625728,3.7873470642123497,0.5643204112778006,0.9051468558490658,204.34311852654676,1.765526740913447,10.24615012928416,4.752165547128994,1.71694619030284,228.60889621149218,1.821580541763067,10.267856767773013,5.316485958406795,1.8616165013089265,29.723324512777406,0.010128421566771628,2.912044800677414,0.45728191558119086,0.6420199509516883,260.9876307055428,1.8461958169274482,8.899760144874804,4.015194318546812,1.5730603981913192,290.71095521832024,1.8634104180944053,9.145487763038942,4.4724762341280035,1.7344046772378332,21.553591542308183,0.011097971167119969,3.2567296115170787,0.5526561933925175,0.7430857330541504,159.37218452545807,1.8683515603291063,8.959296308770277,4.08646626988354,1.8573659103948144,180.9257760677663,2.175809830584466,9.135659101210488,4.639122463276059,1.8916729914541879,28.965277656400506,0.010128421566771628,2.912044800677414,0.4079616571324015,0.6126129831206772,255.60179419842945,1.5590231429176384,7.213687700650567,3.6000252704004145,1.2495474972854035,284.5670718548299,1.821580541763067,7.430757942222099,4.007986927532816,1.3875715349763258
c<E>r<183>R<ASP>,96.2556746252221,1.3819891258566217,4.1390702054248685,1.9644015229637164,0.8330039574552097,28.48230223757893,2.7054533801859497,7.7857073061957465,4.068900319654133,1.6091706462712079,61.621192490232396,2.1977163442388092,5.140553418297592,3.6247760288372,0.8565063560767405,101.81770371523767,1.3220647145914852,4.1390702054248685,1.7862755037760996,0.7829397552574032,118.98243538982969,1.218568632438507,3.7463760633474714,1.7758572446243237,0.6909370926533535,73.94925240876293,2.1977163442388092,5.026589890549071,2.9579700963505173,0.8747440664371728,124.16083978379892,1.218568632438507,3.7463760633474714,1.6554778637839855,0.6168562105581885,22.68117151874438,0.010576332059184068,4.359141799488196,0.49306894605966045,0.8056985433369952,218.56353647774984,0.48802726154719167,8.194736460457591,4.751381227777171,1.4117202729534397,241.24470799649427,1.915566273726194,8.266877924364131,5.244450173836832,1.4803637692455207,0.8012697611776289,0.04861046898688848,0.6116219604168851,0.267089920392543,0.24652576091713874,20.42122879712315,6.243594606941315,7.216229486354905,6.807076265707717,0.4117989819254123,21.222498558300778,6.8552165673582,7.2648399553417935,7.07416618610026,0.1684190661109398,20.465924413916255,0.015306556622936007,4.535607604529233,0.7579972005154169,1.0240883428518246,184.3353575343007,3.062713470536451,10.448326502565479,6.827235464233359,1.83469746917041,204.80128194821697,3.525352496325276,11.067078527413011,7.585232664748776,1.708279788652328,23.384570322356698,0.010576332059184068,4.399185190001642,0.4871785483824312,0.8389650074864126,216.2900925855623,0.48802726154719167,8.194736460457591,4.506043595532548,1.5743820330465494,239.67466290791896,1.821580541763067,8.266877924364131,4.993222143914978,1.6595360271687738,32.45002525047697,0.010128421566771628,3.575755568013771,0.3957320152497191,0.5922019893441643,333.45653448189336,0.48802726154719167,8.573728661830813,4.0665431034377235,1.5831314272209465,365.90655973237034,1.8634104180944053,9.042419895314183,4.462275118687443,1.640365359956313,20.24030297599201,0.011097971167119969,3.2567296115170787,0.5326395519997897,0.77444334361332,191.23675042397343,1.8683515603291063,10.448326502565479,5.032546063788774,2.6419695232617735,211.4770533999654,2.175809830584466,11.067078527413011,5.565185615788563,2.62926115878284,32.096330455380034,0.010128421566771628,3.766171669561113,0.4012041306922504,0.6118845330896918,312.85423136619056,0.48802726154719167,8.573728661830813,3.910677892077382,1.6666751426544926,344.9505618215706,1.821580541763067,8.605552460597849,4.311882022769632,1.7016019301389673
c<E>r<184>R<SER>,105.45069686318108,1.3819891258566217,3.5845743836778006,1.728699948576739,0.45443975910858103,51.39844061550115,2.7054533801859497,5.501955515282003,3.671317186821511,0.9406618375643663,79.40880652109875,2.19926023451749,5.241914877996832,3.781371739099941,0.7385572401034591,113.03943806419171,1.3220647145914852,3.5845743836778006,1.4873610271604172,0.25349992566926355,136.60681365682427,1.22746530326769,3.2517824638849904,1.6458652247810153,0.48478641442158765,103.98861958086017,2.19926023451749,5.236454152386339,2.8885727661350047,0.8370247072666456,143.23739148053224,1.22746530326769,3.2517824638849904,1.461606035515635,0.2768471584000798,33.45898259217422,0.010584670563911658,3.9276411863391303,0.5227966030027222,0.7678891673998669,309.5779125991056,0.48652580999851125,10.591639451718347,4.837154884361025,1.730844604965685,343.0368951912798,1.9127617111052424,10.890445886765011,5.359951487363747,1.630831781093177,13.23246239118622,0.04861046898688848,6.0639901755554835,1.01788172239894,1.5985619293921989,123.1008657833547,5.776715275658773,16.997315251352475,9.469297367950363,3.4881666790368118,136.33332817454095,6.847761867497571,17.33104372501105,10.487179090349304,3.4079612385009908,29.133243676710347,0.015306556622936007,4.535607604529233,0.8323783907631528,0.9362735005368793,251.56478717535785,3.062713470536451,12.07944300765621,7.187565347867367,2.1535628216582485,280.69803085206826,3.525352496325276,12.638645498954133,8.019943738630522,2.0544481869767965,30.70177311216501,0.010584670563911658,3.20484105382185,0.520369035799407,0.7471868721878019,259.5833462536792,0.48652580999851125,10.332135114221707,4.399717733113207,1.288897805495676,290.28511936584425,1.9127617111052424,10.814446138878402,4.920086768912615,1.2224788684523153,42.91268964835575,0.010128421566771628,2.5889325111475916,0.40869228236529287,0.5343452505494897,384.8149449614355,0.48652580999851125,8.291517190157268,3.6649042377279573,1.2360005664271325,427.7276346097914,1.8634104180944053,9.042419895314183,4.073596520093251,1.2356704130520568,33.25929929794807,0.011097971167119969,5.378424797533576,0.4964074522081801,0.8545689104845744,377.46329595274693,2.157697894866999,15.05631427155005,5.633780536608163,3.128729942760725,410.72259525069506,2.571424343864807,15.326445415213637,6.130187988816345,3.2433469495432665,39.505547066478066,0.010128421566771628,2.729684228727093,0.42027177730295817,0.5652364894071411,331.2760385947086,0.48652580999851125,7.644744270056109,3.5242131765394533,1.2571900200755872,370.7815856611867,1.8634104180944053,8.216580634803034,3.9444849538424114,1.2138409201000664
c<E>r<185>R<ARG>,134.03408770037458,1.3819891258566217,4.029225633791835,1.7871211693383278,0.6134713168582486,55.46639487068532,2.29448928946691,4.806959652694736,3.4666496794178325,0.7045007328825451,82.78317972271306,2.1948788189852677,5.140553418297592,3.7628718055778663,0.6280768438630813,144.72893547688082,1.3220647145914852,3.8392021004719945,1.573140603009574,0.49058738901809773,164.1443591037751,1.2263363716780376,3.530075326198008,1.6749424398344397,0.5454954667910724,106.62478510003781,2.1948788189852677,4.861799242963445,2.733968848718918,0.596958913934717,173.70468015308708,1.2263363716780376,3.395531415584831,1.5104754795920616,0.39532393333362403,48.632577354240844,0.010449457948260132,3.66569959025837,0.5286149712417483,0.7329362423246198,434.55518422086726,0.48652580999851125,10.591639451718347,4.723425915444209,1.6193323022656856,483.18776157510814,1.9127617111052424,10.890445886765011,5.2520408866859585,1.5249026038293032,7.313036666293414,0.013840565431851637,1.9084914142733354,0.43017862742902435,0.47175799014124525,138.33182366445186,1.3223046404755225,18.94432438865283,8.137166097908933,4.317833372930275,145.6448603307453,1.7597528727620855,19.090309088437806,8.567344725337959,4.223075581600076,33.99721148656102,0.04688519606219721,5.6955453853165,0.9443669857378061,1.0176233664073866,259.4094243980089,3.062713470536451,12.81239612141701,7.2058173443891365,2.2594163445529385,293.40663588457,3.525352496325276,13.825717935735398,8.150184330126944,2.289482861868445,47.23493322971611,0.010449457948260132,2.94289945774109,0.4920305544762095,0.6622647226102124,395.6694561821056,0.48652580999851125,10.332135114221707,4.121556835230266,1.2108000778249903,442.90438941182174,1.9127617111052424,10.814446138878402,4.613587389706477,1.2039828241862054,61.17196260358784,0.010499939679387449,3.776111297336402,0.47420126049292904,0.6373119357478793,479.4525330094238,0.48652580999851125,8.291517190157268,3.7166863023986343,1.2047493304405403,540.6244956130117,1.8634104180944053,9.042419895314183,4.190887562891564,1.175574673777189,36.14554787104644,0.011794009259370242,5.378424797533576,0.6231991012249386,0.9895482283442775,309.66003380207485,1.3223046404755225,13.69895536649809,5.3389661000357735,3.1346087406291905,345.8055816731213,1.7597528727620855,13.71074937575746,5.962165201260712,3.2547636416466754,56.83353775208064,0.010499939679387449,2.6526791762117483,0.46206128253724094,0.6096829853127356,419.0897660649627,0.48652580999851125,7.644744270056109,3.407233870446851,1.1294047612525335,475.9233038170434,1.8634104180944053,8.216580634803034,3.8692951529840927,1.0936918395453887
c<E>r<186>R<TYR>,127.00156056476767,1.3831188295222931,3.6444333167652987,1.763910563399551,0.5374849334927971,55.85360391999069,2.7203092045365445,5.161803452577995,3.7235735946660458,0.5790405259590449,68.39470372341252,2.1948788189852677,4.671947083816971,3.7997057624118065,0.5863375195628786,135.61827980097007,1.3220647145914852,3.5973931215848336,1.5411168159201145,0.39981130549320515,149.87784255451024,1.2274046964542484,3.5973931215848336,1.6470092588407719,0.48739830935855416,88.23537111020353,2.1948788189852677,3.769994633740144,2.5951579738295156,0.3818912509883146,157.92115048576727,1.2274046964542484,3.5973931215848336,1.4758986026707221,0.313433950186306,49.927397859874056,0.010449457948260132,3.359147020996815,0.5547488651097118,0.7396764107878808,405.28800195316416,0.48652580999851125,6.548578869209734,4.503200021701824,1.1098970313097172,455.21539981303823,1.5754928891265123,7.231734599526234,5.057948886811536,1.0745731899735063,11.825528729825162,0.013840565431851637,2.716889906948225,0.695619337048539,0.8135707305122696,141.3594610483092,5.593015790863319,19.024897555996006,8.315262414606424,4.121436868204577,153.18498977813437,5.606856356295171,21.74178746294423,9.010881751654964,4.390712293485936,25.660558585249312,0.08547228217531,7.235833702929838,1.2219313612023481,1.4364144463551596,138.9371939290867,3.062713470536451,12.07944300765621,6.616056853766033,2.3635829411673064,164.59775251433604,3.525352496325276,13.450235111126759,7.837988214968383,2.630868756710036,49.43744195488226,0.010449457948260132,2.636346888479535,0.5149733536966902,0.6550809306473848,408.08282243577867,0.48652580999851125,6.155421807228834,4.250862733706028,0.9828251378189771,457.52026439066094,1.512830343592495,7.029560042159976,4.765836087402718,0.9185271304164937,53.77769819844755,0.010499939679387449,2.6526791762117483,0.4844837675535816,0.5837370045648403,402.63165604436955,0.48652580999851125,7.129788759449255,3.627312216615942,0.9907450192644641,456.40935424281713,1.5754928891265123,7.153851477853909,4.1117959841695235,0.9888276962512264,26.405824123606948,0.018205937856231813,5.573522320607337,0.6770724134258191,1.099888224794653,193.17778945163343,2.0842061314106246,16.686083720245563,4.953276652605985,3.3002102517743355,219.58361357524038,2.571424343864807,17.170477962263842,5.630349066031805,3.4340504579830413,52.87371951162818,0.010499939679387449,2.6526791762117483,0.4988086746380017,0.6500901440502439,364.0709584962267,0.48652580999851125,7.129788759449255,3.434631683926667,1.091665772612405,416.944678007855,1.512830343592495,7.153851477853909,3.9334403585646696,1.045414286490074
c<E>r<187>R<ALA>,137.3631858944506,1.3725750873346025,3.720038856281975,1.8074103407164552,0.6451652247191773,47.0878352639186,2.887355974874331,7.650805622514072,3.9239862719932166,1.1617075702700892,66.886772308405,2.1948788189852677,4.73783594209429,3.715931794911389,0.6017413602218746,142.82174050932284,1.3244297353681567,3.720038856281975,1.6047386574081217,0.5531143685267986,163.32828723860118,1.2274046964542484,3.720038856281975,1.719245128827381,0.6043330944405569,82.41857842985064,2.1948788189852677,5.783693312014874,2.6586638203177624,0.6338721827175299,167.80532675949854,1.2274046964542484,3.720038856281975,1.5537530255509124,0.4870457534699721,56.215479175246735,0.010449457948260132,2.6085642857159943,0.5511321487769287,0.6878814497242456,470.80110508291733,0.4912644030075626,16.327563872332803,4.615697108656052,1.6283182498480875,527.0165842581641,1.5754928891265123,16.350055131443405,5.1668292574329815,1.5493185105065856,10.289878009508811,0.012583149661152149,3.2149662486160864,0.6431173755943007,0.7999935776832823,158.5051452035421,4.933053601586153,19.212114648585214,9.906571575221381,4.931201391222233,168.7950232130509,5.606856356295171,19.75480122289438,10.549688950815682,4.837205997967515,22.582629080473396,0.08547228217531,2.2617912777619438,0.9409428783530581,0.5604913503100082,142.61301356558414,3.5061731163332297,11.843659086052867,5.9422088985660055,1.4165277558718579,165.19564264605754,4.3059258527203434,11.929131368228177,6.883151776919064,1.3074067630671486,53.381294596112575,0.010449457948260132,2.714649882771818,0.5182649960787629,0.6138184998801349,442.0751382834317,0.4912644030075626,6.322923801475781,4.291991633819726,0.9889262802859499,495.45643287954425,1.512830343592495,6.577863869855025,4.810256629898488,0.909958975940692,64.3161372181952,0.010760052629112948,3.1510857365831155,0.5271814526081573,0.5924333407828997,462.3453796987266,0.4912644030075626,9.356832764522153,3.789716227038743,1.043716465620171,526.6615169169219,1.5754928891265123,9.38651101033427,4.3168976796469005,1.055232788993552,19.816554810765446,0.018205937856231813,3.1047151515039406,0.5661872803075841,0.8427190123214203,160.09061534615057,1.9975181785896439,21.060441806778044,4.5740175813185875,3.6538646272758073,179.90717015691604,2.642148488874959,21.32960688228105,5.140204861626173,3.6094840519271973,59.953470553684106,0.010758293826492515,3.1510857365831155,0.5213345265537749,0.6329235472918208,425.0267278193321,0.4912644030075626,9.356832764522153,3.6958845897333226,1.1567652130959922,484.9801983730162,1.512830343592495,9.38651101033427,4.217219116287097,1.121684199688515
c<E>r<188>R<LEU>,137.44996915035037,1.3725750873346025,4.008672580079689,1.9090273493104217,0.7676913110026545,44.94707571276052,3.381011569433752,4.442095722330239,3.7455896427300437,0.32022666630689184,52.25823306732804,2.200094425936085,4.634560911435234,3.7327309333805743,0.7268130623579925,146.78184577641886,1.3247001013199837,4.008672580079689,1.7268452444284572,0.7196058724645429,155.4723126312397,1.2249953387371035,4.008672580079689,1.787038076221146,0.6878835382699432,70.32190436747591,2.200094425936085,3.0401546691254078,2.604514976573182,0.2927418989222485,163.6475799871662,1.2249953387371035,4.008672580079689,1.6364757998716621,0.6073510272023974,60.100344539269955,0.010695213889508892,4.006176309978546,0.6132688218292852,0.7849458063236392,459.7733577313261,0.4912644030075626,9.875754734710881,4.69156487480945,1.359434541013743,519.8737022705961,1.5754928891265123,10.688914125648054,5.304833696638736,1.4239752986547138,13.110330877142227,0.012583149661152149,6.656939827811259,1.1918482615583843,1.8819866503668552,80.52417938475458,5.972662050499366,12.198008351490216,7.3203799440685975,1.7305711903438339,93.6345102618968,6.508990816472904,14.00934145538294,8.512228205626982,2.3500167379229184,14.661793185564047,0.10833390102831952,2.721182496615569,0.7716733255560024,0.6341906028405692,105.15997292803604,2.3697970998691744,6.763018312507711,5.534735417265055,1.2603258843232263,119.82176611360009,2.478131000897494,8.332954850165692,6.306408742821057,1.567197837259115,60.816604888410396,0.010695213889508892,4.006176309978546,0.5847750470039461,0.7055879600665124,465.66972479643545,0.4912644030075626,9.875754734710881,4.4775935076580335,1.1862794695978776,526.4863296848458,1.512830343592495,10.688914125648054,5.062368554661979,1.245234881936775,60.48452870092689,0.010180064331056116,3.1510857365831155,0.5259524234863208,0.6260272484675524,455.49217397104815,0.4912644030075626,9.875754734710881,3.960801512791723,1.3103185909338735,515.9767026719751,1.5754928891265123,10.688914125648054,4.486753936278045,1.4146782342585926,21.278214458165152,0.018205937856231813,5.772609031920496,0.7337315330401777,1.1732112196392093,96.80964369558541,1.9975181785896439,6.651634082013743,3.3382635757098416,1.1289103398004976,118.08785815375056,2.478131000897494,8.332954850165692,4.071995108750019,1.4597919878778542,61.67806508781986,0.010760052629112948,3.1510857365831155,0.5458235848479633,0.6602750168357981,429.8579690103888,0.4912644030075626,9.875754734710881,3.8040528231007857,1.3153684437762803,491.53603409820863,1.512830343592495,10.688914125648054,4.349876407948749,1.3947615271437317
c<E>r<189>R<SER>,133.6343765588712,1.3725750873346025,3.926657628429829,1.9652114199833999,0.7814483184124913,49.29962824279301,2.293788787564692,4.345682235508342,3.521402017342358,0.5776399522084358,68.85594910877901,2.200094425936085,4.634560911435234,3.623997321514685,0.6640188819100163,144.39190708614723,1.3205659060062174,3.926657628429829,1.7396615311584003,0.7082194304282381,159.733656150355,1.2249953387371035,3.8614822761502814,1.8151551835267612,0.6899867472408301,90.06386269609148,2.200094425936085,4.408938023115136,2.6489371381203375,0.41704927871967323,168.43165330985386,1.2249953387371035,3.8614822761502814,1.6352587699985812,0.5622300104753313,61.52836651489291,0.012256452683521601,2.8426960266470767,0.6409204845301345,0.7346322736815026,485.7322825914439,0.49862603691235563,8.787739520111245,5.059711276994207,1.1659374854739792,547.2606491063368,1.8913552987199291,8.806740676228216,5.700631761524342,1.1233255631023698,9.662520465561148,0.022355648030267794,3.8974159330452416,0.6441680310374098,0.9383757784564768,90.65874379174289,1.3261060208751587,8.638729177277128,6.04391625278286,1.687396100658148,100.32126425730405,1.7592301414615519,8.830469534631394,6.68808428382027,1.7291622256793098,22.103488740362494,0.05631770350192333,2.1268602726751578,0.7367829580120832,0.5683856392579606,163.98781344421718,2.3697970998691744,6.763018312507711,5.466260448140573,1.1389367307190272,186.09130218457966,2.478131000897494,8.332954850165692,6.203043406152656,1.395425379877168,60.479257257186205,0.010196363511742135,2.8039308459667494,0.587177254924138,0.631021920829494,472.1329138666388,0.49862603691235563,7.026964617058184,4.583814697734357,0.9200848317614029,532.6121711238251,1.8913552987199291,8.072587151898379,5.170991952658496,0.9575713866696981,65.08942557377058,0.010180064331056116,3.443890987705256,0.5379291369733106,0.6472793164150303,486.83947722388416,0.49862603691235563,8.787739520111245,4.023466753916398,1.1630495846835538,551.9289027976547,1.8913552987199291,8.806740676228216,4.561395890889708,1.200234893943333,26.196653933369067,0.012130879335149114,3.370280511508666,0.6092245100783504,0.7533654754920872,146.43277742421088,1.3261060208751587,6.651634082013743,3.4054134284700206,1.2200521772312367,172.62943135757996,1.7592301414615519,8.332954850165692,4.014637938548371,1.3643910016666172,64.16348224430645,0.010180064331056116,3.1510857365831155,0.5484058311479184,0.6221064032978786,437.2461890563511,0.49862603691235563,6.702580993843185,3.737146915011548,1.1174887480419708,501.4096713006575,1.8913552987199291,7.2373922896837515,4.285552746159466,1.1749879550301903
c<E>r<190>R<SER>,131.50162438178685,1.3617391325759036,3.935107706476352,1.9058206432143023,0.7256431243242693,49.21712106751344,2.293788787564692,4.345682235508342,3.5155086476795314,0.5744550589900365,69.19920272987602,2.200094425936085,6.293158962883183,3.8444001516597788,0.9444266311359131,140.5105922390588,1.3205659060062174,3.935107706476352,1.672745145703081,0.6503646351495739,156.61344422744403,1.2248711976026239,3.8229715556960175,1.7796982298573185,0.6568562292085726,87.51827260021831,2.200094425936085,4.897502995471843,2.6520688666732823,0.48489096135297544,164.066968827978,1.2248711976026239,3.8202425726566998,1.5928831925046407,0.5357135879467063,55.24606040863573,0.012256452683521601,3.4732249900333843,0.5524606040863573,0.6925683021660174,505.4581196287354,0.4978917264179472,8.787739520111245,5.054581196287354,1.3302075765287742,560.7041800373712,1.3837862392996498,8.894421447650863,5.607041800373712,1.3274839447745783,12.677040652752616,0.015022108400177814,2.56482335021332,0.6338520326376308,0.8021476844868548,128.09070590053648,1.3261060208751587,9.024304891067914,6.4045352950268235,1.7626534535256548,140.7677465532891,1.7592301414615519,9.039326999468091,7.038387327664455,1.7223592091783273,19.91965947197211,0.02953580682139645,2.3334031909324118,0.6036260446052155,0.48710256323762274,222.4757854504344,2.3697970998691744,15.066947709565284,6.741690468194982,3.261071967972799,242.3954449224065,2.478131000897494,15.493804738898518,7.345316512800197,3.306612370797688,53.2691421380194,0.010769095778181637,2.389525798903694,0.512203289788648,0.5500475541481915,474.81710946491444,0.4978917264179472,7.649055647924115,4.565549129470331,1.1577050621231055,528.0862516029338,1.3819944352306717,8.29448385041074,5.077752419258979,1.1964006211949023,61.482566876102865,0.010871581088229831,3.443890987705256,0.534631016313938,0.61455947471863,467.94486622272507,0.4978917264179472,8.787739520111245,4.069085793241087,1.3248235182456716,529.427433098828,1.3837862392996498,8.809808393857189,4.603716809555026,1.3426291349738515,24.126047423217234,0.012130879335149114,3.370280511508666,0.5744297005527913,0.7322222626425015,145.5619659875506,1.3261060208751587,11.048884150672393,3.465761094941681,1.5255029377176896,169.68801341076784,1.7592301414615519,11.083883889842022,4.040190795494472,1.4566348742465338,59.04930339859113,0.010769095778181637,2.418159906550734,0.5134722034660099,0.5653036229466618,433.0617223550771,0.4978917264179472,7.649055647924115,3.7657541074354532,1.320412518755629,492.11102575366823,1.3819944352306717,7.966227831367167,4.279226310901463,1.3257588852369966
c<E>r<191>R<ARG>,144.51789179071406,1.3617391325759036,3.8229715556960175,1.9269052238761875,0.744797735476011,52.65148330151008,2.293788787564692,4.345682235508342,3.510098886767339,0.5561813818358244,62.722485758228174,2.773459924535652,6.293158962883183,3.920155359889261,0.8021674921945977,155.0601826578432,1.3205659060062174,3.8202425726566998,1.70395805118509,0.6811661248494955,166.21886009096733,1.2241510156604416,3.8229715556960175,1.80672674011921,0.6788226357081285,83.79029054456637,2.2386927924794633,3.108552030734699,2.618446579517699,0.29654548421965604,175.30086911263314,1.2241510156604416,3.8202425726566998,1.623156195487344,0.5756186761915455,61.39356379418272,0.010456469924956302,2.8401119457829624,0.5338570764711541,0.6741198970239122,573.3273838659215,0.4978917264179472,8.1907551146478,4.9854555118775785,1.1714281535361115,634.7209476601042,1.3837862392996498,8.696384181167133,5.519312588348733,1.1699767964110455,13.86609923941916,0.015022108400177814,3.936804897496689,0.6602904399723409,0.9830149664310159,132.2114382929044,1.3261060208751587,9.024304891067914,6.295782775852591,1.7342087317133776,146.07753753232356,1.7592301414615519,9.039326999468091,6.956073215824931,1.644218784361379,20.273389883551843,0.01484899375701687,4.521353706019635,0.7508662919834016,0.8363996234650936,196.08258007994573,3.2451282303709377,15.066947709565284,7.262317780738731,3.330896977015178,216.35596996349756,3.620278911252757,16.010791501101902,8.013184072722131,3.5383918910797605,59.65460659767461,0.010769095778181637,2.694125472839141,0.4849968016071106,0.5938895742966603,559.3147004672419,0.4978917264179472,8.1907551146478,4.547273987538552,1.073625750490981,618.9693070649165,1.3819944352306717,8.696384181167133,5.032270789145663,1.0994890120557856,67.69763208899577,0.010871581088229831,3.443890987705256,0.5503872527560633,0.6590862378878296,495.7989018870376,0.4978917264179472,8.196253199231478,4.030885381195428,1.1459345075155407,563.4965339760334,1.3837862392996498,8.229043326181033,4.5812726339514915,1.1538219384074633,28.000533353585666,0.014515779431723885,4.476781775740054,0.7000133338396417,0.9518980648833008,146.03775756133496,1.3261060208751587,11.489437795082267,3.650943939033374,1.7030723836854533,174.0382909149206,1.7592301414615519,15.966219570822322,4.350957272873015,2.131212488455933,64.47380221328842,0.010769095778181637,3.109109365342328,0.507667733962901,0.619460907631918,477.979015773067,0.4978917264179472,6.8514336819655455,3.763614297425724,1.1773801506818387,542.4528179863554,1.3819944352306717,7.3117387002419445,4.271282031388625,1.1718330675477004
c<E>r<192>R<LEU>,130.1192343294732,1.3617391325759036,3.8801525066655556,1.8857860047749737,0.7138203811064368,40.22581292231792,2.77236293076839,4.433481372161595,3.6568920838470835,0.4659670204844046,49.27041023263795,3.3007952350435565,4.129126502226242,3.7900315563567655,0.226282718450279,135.17515638846885,1.3235407101231629,3.8801525066655556,1.668829091215665,0.6234159645557769,148.90414660113498,1.2241510156604416,3.8801525066655556,1.7940258626642769,0.6851908221018963,65.33124306896518,2.2386927924794633,3.36506133174051,2.6132497227586073,0.32185899168701143,152.47177891069668,1.2241510156604416,3.8801525066655556,1.604966093796807,0.5517617995726259,54.46776125205354,0.010456469924956302,2.5725838918703348,0.5446776125205354,0.6781047023935463,492.09398909188894,0.4978917264179472,8.157524438477594,4.9209398909188895,1.1201052432219674,546.5617503439425,1.3837862392996498,8.3223124859399,5.465617503439425,1.0706037317387038,9.094042532459321,0.015022108400177814,2.4583798405729915,0.6995417332661016,0.8221064549396098,91.1964208302984,4.606549217560314,9.024304891067914,7.0151092946383375,1.167934406923297,100.29046336275772,5.462880908716847,9.039326999468091,7.71465102790444,0.9973044371263121,14.166224048113575,0.01484899375701687,2.404805151938726,0.8333072969478573,0.6231473672502988,96.13866781003867,3.7667091816874745,8.327311234619629,5.655215753531686,0.8746524669326506,110.30489185815225,4.4317503167304135,8.342160228376645,6.488523050479544,0.7940012863987439,51.23010389321763,0.011098664431180794,2.6278157800858004,0.5281454009610065,0.6264150603151483,441.4004112506691,0.4978917264179472,8.157524438477594,4.550519703615145,1.1266831052947912,492.6305151438868,1.3819944352306717,8.3223124859399,5.078665104576152,1.0927531405690725,59.159836446992735,0.010871581088229831,2.291321003603116,0.5235383756371038,0.5630347383187922,455.05661034814057,0.4978917264179472,8.157524438477594,4.027049649098589,1.024075842505644,514.2164467951334,1.3837862392996498,8.218745724242531,4.550588024735694,0.9918698208150927,15.142820975993631,0.023618941264983206,2.604852183997183,0.5221662405515045,0.7043749541727041,107.51390309925637,2.0954165591665515,6.725442799966004,3.707375968939875,1.2078441838457676,122.65672407524998,2.8485122347989096,6.794978925069156,4.229542209491378,1.055550209786981,53.25812006913248,0.011098664431180794,2.291321003603116,0.4886066061388301,0.5672180447176478,421.23658035968515,0.4978917264179472,8.157524438477594,3.8645557831163777,1.169725867531786,474.4947004288177,1.3819944352306717,8.218745724242531,4.353162389255208,1.1313397815021238
c<E>r<193>R<ARG>,125.8992560100242,1.50352393884568,4.222645207049978,2.0306331614520032,0.8035293877549439,53.2691943628221,2.2942372435039258,4.73603817397309,3.55127962418814,0.6982049010897469,57.95371397008989,2.197541327503006,6.3608160897081945,3.8635809313393263,0.9194992602648396,135.56524294734785,1.3235407101231629,4.222645207049978,1.7380159352224085,0.7144904212650729,145.65723265276822,1.2241510156604416,4.222645207049978,1.8674004186252335,0.7393495477708284,79.26583151459398,2.197541327503006,3.082332643137705,2.5569623069223866,0.292080310409682,153.84399330617023,1.2241510156604416,4.222645207049978,1.6366382266613855,0.6034476884896322,51.63990107374357,0.010456469924956302,2.7311430239233863,0.5379156361848288,0.6609120045205354,480.063444040366,3.478505467942341,9.784493333176215,5.000660875420479,0.9523637309913358,531.7033451141095,3.550962952350888,9.846973079774408,5.538576511605307,0.9715653973687152,11.97103108868917,0.016882526877580517,2.999060711325617,0.7481894430430731,0.9639997305345193,125.16382929798829,1.3313082849126658,17.176246593918222,7.822739331124268,3.797775646193421,137.13486038667745,1.762517617167945,19.1823785499474,8.57092877416734,4.025639184022102,16.642596766508507,0.01484899375701687,2.830409489891405,0.7925046079289766,0.7213591461728096,153.10258795700793,4.052244275681915,15.613134148834433,7.290599426524187,3.366277975664182,169.74518472351647,4.213318107859074,16.661974069079918,8.083104034453166,3.526573059949361,47.86809070034646,0.010466975379936905,2.514116921126676,0.48844990510557607,0.6084949598585215,452.874776931802,2.5496405062640406,7.039431183580746,4.621171193181653,0.7895936956542476,500.7428676321485,2.628525521038704,7.644638866247478,5.10962109828723,0.8777061157059627,54.30640585029576,0.01372301614299154,2.3858895642175995,0.48924689955221407,0.5402983633728128,448.31512470103394,2.226427841241275,6.3899771217129455,4.038874997306612,0.8653335770121562,502.62153055132967,2.2401508573842666,7.644638866247478,4.528121896858826,0.9345559318727548,18.575043125348138,0.023618941264983206,4.684754421511329,0.5307155178670897,0.8859503861000175,152.3424822656575,1.3313082849126658,13.25550201360329,4.352642350447358,2.6231954272798252,170.91752539100565,1.762517617167945,15.106251218531483,4.883357868314447,2.980691643391617,50.361398292890144,0.010466975379936905,2.426033213011376,0.47066727376532846,0.5669886715391959,418.28996350105103,1.9418873313679796,6.3899771217129455,3.9092519953369256,0.9984161370811683,468.6513617939412,2.2401508573842666,7.644638866247478,4.379919269102254,1.0278978825853116
c<E>r<194>R<VAL>,123.48271975843947,1.3894170720745371,4.009735241506125,1.9600431707688806,0.7550772037432549,47.51582357070621,2.7759115888838797,5.767900726224327,3.6550633515927853,0.8033953798124754,51.984159608564624,2.6633969052149697,4.902327261650775,3.713154257754616,0.6155193281114062,131.3109065603096,1.3241402340308992,3.8480684641983136,1.7053364488351896,0.6562743218659187,144.0224611299249,1.2241510156604416,3.8169785726151377,1.8464418093580115,0.6995391673450468,73.6531699797494,2.2375392261123572,3.6088309269165992,2.6304703564196217,0.33204770819584384,151.20126829824753,1.2241510156604416,3.8169785726151377,1.6434920467200818,0.5842428931010971,49.20300371754133,0.010751577538469448,2.7824853611077636,0.5467000413060148,0.6755626858726007,431.29896038392894,0.48621935517167003,6.214259179781948,4.792210670932544,0.8292852745409575,480.50196410147026,1.9247939327219012,6.735988847060556,5.338910712238558,0.7833478054329659,8.719303204295535,0.017932518901421446,3.21842046253885,0.6228073717353954,0.8110860536067401,91.62154304658634,4.533657172470157,9.290842770446943,6.544395931899024,1.412927654792303,100.34084625088188,5.412017181288434,9.753927434797744,7.1672033036344205,1.1847983582604793,9.234413342488892,0.1972722833352467,1.6027234427192436,0.710339487883761,0.4620389777726909,82.29724390405954,5.269616272294115,10.272139913483443,6.330557223389196,1.2445069913927216,91.53165724654845,6.094902757973847,10.474395387253834,7.040896711272958,1.0743906637076708,46.35576109256828,0.010466975379936905,2.7824853611077636,0.4828725113809196,0.6122927740250492,431.3336295336378,0.48621935517167003,6.200747623993493,4.493058640975394,0.8131802516672517,477.6893906262061,1.9247939327219012,6.735988847060556,4.9759311523563134,0.811426560082046,53.172819377120774,0.011899303595620303,2.7824853611077636,0.4833892670647343,0.570610662626748,439.34412044673445,0.48621935517167003,5.75444309381146,3.9940374586066767,0.8696047719709833,492.5169398238552,1.9247939327219012,6.413766674166698,4.47742672567141,0.9124562588860236,15.010839950909215,0.017932518901421446,3.2861197598086846,0.4056983770516004,0.5996380286033486,137.09890628327776,2.125897421479749,8.473060439392611,3.7053758454939936,1.6500573432291357,152.10974623418696,2.709445080399836,8.513952968931363,4.111074222545594,1.5358616180118256,50.85162637311309,0.010466975379936905,2.7824853611077636,0.45812276011813596,0.5736640377737415,422.41627458800576,0.48621935517167003,5.75444309381146,3.805552023315367,0.9904385529094232,473.2679009611188,1.9247939327219012,6.413766674166698,4.263674783433503,1.0091218190808953
c<E>r<195>R<SER>,95.77487448511415,1.3894170720745371,4.289130387078871,1.9154974897022832,0.7090860110988317,42.14452779080788,2.638810278725488,5.307457376708363,3.5120439825673233,0.8227645831522551,50.76522305563955,2.9327468371498036,4.789170445797625,3.626087361117111,0.5553628107856607,104.30536390777478,1.3241402340308992,4.019761622613126,1.655640696948806,0.6084561125859002,118.68291159040604,1.225531306489729,4.289130387078871,1.8258909475447083,0.681250373773781,74.42721972656283,2.2375392261123572,4.73603817397309,2.756563693576401,0.5909902566815495,126.65913413565322,1.225531306489729,4.019761622613126,1.6238350530211951,0.5687480184459037,28.243160672360112,0.010751577538469448,2.5105354569179417,0.5230214939325947,0.7050325349365298,282.37660245882034,1.9766156579898961,11.368614219719348,5.229196341830006,1.3874030164131428,310.61976313118043,1.9893324527665919,11.76663872102502,5.7522178357626,1.5016789543147582,6.31485588309655,0.017932518901421446,1.6252441194885758,0.48575814485358076,0.5211528844708303,94.50336842519573,4.533657172470157,15.370059746613151,7.26948987886121,2.731273878750004,100.81822430829229,5.412017181288434,15.41329728445417,7.755248023714791,2.6809140087899634,11.971732594385129,0.043540158526520045,3.105719877826937,0.9976443828654274,1.018684811888665,75.34057099736492,3.788823667892757,9.996606350021466,6.278380916447077,1.472490577871973,87.31230359175007,5.306225920689139,13.102326227848403,7.276025299312505,1.8693330636894485,24.89373279460509,0.010466975379936905,2.160593382872631,0.4445309427608052,0.5941432807431711,266.64146431235713,1.7408299217768217,11.368614219719348,4.76145471986352,1.5104763340893177,291.5351971069622,1.7676526738396365,11.429171359664402,5.205985662624324,1.643565341636268,33.096448546944686,0.011899303595620303,2.3262324805753707,0.42982400710317775,0.5516153475348446,316.49755438584816,1.9766156579898961,10.023842109994803,4.110357849166859,1.6285546310713181,349.5940029327928,1.9893324527665919,10.662715637566095,4.540181856270037,1.7351531892255034,17.797551857238126,0.019221392580800245,3.2861197598086846,0.46835662782205595,0.5912158837410241,148.51377242808394,2.0583925051660117,10.085834381698987,3.9082571691601036,2.273396998474314,166.31132428532206,2.5600799853231164,11.030296674186715,4.376613796982159,2.3353061683527745,31.188578980992254,0.010466975379936905,2.4487713129611723,0.3898572372624032,0.5321695618994079,307.4673875670924,1.7408299217768217,10.023842109994803,3.8433423445886548,1.6987851441108188,338.6559665480846,1.7676526738396365,10.662715637566095,4.233199581851058,1.8061014805050184
c<E>r<196>R<ALA>,100.5963606115675,1.3634352054681302,3.720018647248394,1.8290247383921365,0.6164335429295361,56.13257903912008,2.638810278725488,5.121017962164627,3.508286189945005,0.8108950816249345,55.159165920065426,2.750236614466104,4.789170445797625,3.447447870004089,0.4344417405183116,113.6063397589202,1.3241402340308992,3.720018647248394,1.5778658299850028,0.5049705022972729,122.23831923351953,1.2242800453934664,3.6274173337248183,1.6977544337988824,0.5579991531039171,86.34664828138474,2.2375392261123572,3.862128429824287,2.6165650994359013,0.38856874697099036,134.66451068786617,1.2242800453934664,3.6274173337248183,1.5130843897513053,0.4148596378005109,29.527536030438238,0.010751577538469448,2.9068608059999637,0.46136775047559747,0.6915081212783168,304.5061615783443,1.2469427139894833,7.055727007676978,4.7579087746616295,1.038409048752148,334.0336976087825,1.3884467929054423,7.236775091298783,5.219276525137227,1.0831041387393674,16.172767783592864,0.0373022397999927,4.7861555022453715,0.8086383891796431,1.027665937304996,181.755350415272,4.533657172470157,17.42790328898718,9.0877675207636,4.2013723105817125,197.92811819886487,5.412017181288434,18.567234509550804,9.896405909943244,4.5356136187919,16.287860844964868,0.03683460314202591,3.105719877826937,0.9048811580536038,0.9719603759745883,118.04121251415836,3.3337981535341896,15.202315961692875,6.5578451396754645,2.5260527405468514,134.32907335912324,3.6755380663797546,15.239150564834901,7.462726297729069,2.5825972542077325,29.00907840779139,0.010466975379936905,2.9068608059999637,0.4204214261998752,0.6132602228905019,294.8681633344295,0.5135969924776873,7.055727007676978,4.273451642527964,0.9567809457634321,323.8772417422208,1.3854035595257836,7.080435714033179,4.693873068727838,1.0157977266822362,37.772189616639835,0.011035520641222263,2.3262324805753707,0.4196909957404426,0.6050332847949816,335.7373825112436,1.2469427139894833,10.023842109994803,3.73041536123604,1.3169430249076646,373.5095721278834,1.3884467929054423,10.230487529351295,4.150106356976482,1.3724629023543848,23.357177810870226,0.014541345408197515,3.2861197598086846,0.4170924609083969,0.5598963037025342,266.97040978273617,2.0583925051660117,17.42790328898718,4.767328746120289,3.9301933395147066,290.3275875936064,2.5600799853231164,17.75680533630255,5.184421207028685,3.9442132448924894,37.222261891644166,0.010466975379936905,2.4487713129611723,0.383734658676744,0.5412554971549354,337.2956325908799,0.5135969924776873,10.023842109994803,3.4772745627925765,1.3302165112598765,374.517894482524,1.3854035595257836,10.230487529351295,3.86100922146932,1.3602217633104794
c<E>r<197>R<THR>,69.76202126127328,1.3634352054681302,3.787290520559823,1.8854600340884669,0.661951063223609,22.553064476747736,2.735639627064191,5.121017962164627,3.221866353821105,0.8237012028821931,50.51791897764229,2.831866427183095,4.789170445797625,3.608422784117306,0.556147479785027,73.64474370378335,1.3241402340308992,3.787290520559823,1.6365498600840744,0.5811118673392907,93.79340638280857,1.225531306489729,3.787290520559823,1.8037193535155494,0.6776617146174767,61.83028725029443,2.2375392261123572,4.613722713126802,2.8104676022861104,0.6298272170589512,97.19601725515754,1.225531306489729,3.787290520559823,1.6199336209192923,0.5852101846276582,14.067915289368555,0.012716794776695739,2.160499765960969,0.4137622143931928,0.565458714098377,178.18972923557794,1.9766156579898961,9.750736380890885,5.2408743892817045,1.3935936431224158,192.2576445249465,1.9893324527665919,10.292488898611605,5.654636603674897,1.358717411293827,2.1826964789102865,0.0373022397999927,1.5855603269704623,0.4365392957820573,0.5874780175307506,31.8290743080197,5.559501480653125,7.20273817951329,6.36581486160394,0.5985600998446249,34.011770786929986,5.641341840051725,8.48014427405391,6.802354157385997,0.9949199336515878,13.85860544462093,0.043540158526520045,3.105719877826937,0.9899003889014949,0.9204330485724919,95.37324020072174,3.788823667892757,9.996606350021466,6.812374300051553,1.815331729540464,109.23184564534267,5.166356726185959,13.102326227848403,7.802274688953048,2.0652694016735778,11.15459307325506,0.010590039986621669,1.5674687564861802,0.29354192298039633,0.40094669579118564,179.4003459634223,1.9766156579898961,9.750736380890885,4.721061735879534,1.374998300628166,190.55493903667735,1.9893324527665919,10.115965198726808,5.01460365885993,1.3628604095112733,22.226587854004514,0.011035520641222263,2.3262324805753707,0.35280298180959546,0.4882560522689797,249.58645273768525,1.9766156579898961,10.023842109994803,3.961689725995004,1.6534838685812476,271.8130405916897,1.9893324527665919,10.292488898611605,4.3144927078045985,1.6760009016374597,14.74308473661816,0.019221392580800245,1.9482535143344961,0.4336201393122988,0.47319261038183696,138.6483492239504,2.0583925051660117,10.085834381698987,4.077892624233835,2.343879451703661,153.39143396056852,2.709445080399836,11.030296674186715,4.511512763546133,2.4204014131587313,20.002816288516065,0.011035520641222263,1.5763524640609123,0.31750502045263596,0.3590878560852128,233.763123462777,1.9766156579898961,10.023842109994803,3.7105257692504288,1.686641282286846,253.76593975129308,1.9893324527665919,10.230487529351295,4.028030789703065,1.6985662085380302
c<E>r<198>R<PHE>,86.71485249036982,1.3634352054681302,3.9473183703804056,1.8065594268827045,0.6636837591488858,32.27331852019146,2.735639627064191,4.49291093256744,3.227331852019146,0.5447262450280242,43.0653229214833,2.193325596509387,4.1941700071117305,3.3127171478064077,0.4804967081610764,94.84382931595296,1.3194440394860094,3.9473183703804056,1.6075225307788636,0.5723737175404165,102.63708381007751,1.225531306489729,3.7603986812130796,1.6554368356464115,0.5492211376336302,62.622106046192116,2.193325596509387,3.3178556381517614,2.609254418591338,0.3417586409452501,110.76606063566066,1.225531306489729,3.7603986812130796,1.5173432963789133,0.4462212964935197,27.759068253086067,0.012716794776695739,2.4748263828482147,0.5783139219392931,0.7036571422250749,221.81482492168107,0.48621935517167003,6.685741136841898,4.621142185868355,1.0916546092125337,249.57389317476714,1.9247939327219012,6.795304818814026,5.199456107807649,1.0516596701668603,1.2484983312345106,0.0373022397999927,0.6513621792946864,0.24969966624690212,0.23537476957080566,37.40732853976351,5.559501480653125,12.47283817882726,7.481465707952703,2.5528072376184996,38.65582687099802,5.641341840051725,13.124200358121946,7.731165374199604,2.749059355476471,11.954064919074533,0.043540158526520045,2.7792749116014317,0.9195434553134256,0.7439726180805972,72.45510124734665,3.788823667892757,7.887272258377379,5.573469326718973,1.3394895201964656,84.40916616642119,4.4369448504197635,8.58641890746801,6.493012782032399,1.2179795667195263,24.704498642372165,0.010590039986621669,2.7759241828129513,0.4491727025885848,0.6163076910979226,242.62349797156094,0.48621935517167003,6.969901909973487,4.411336326755653,1.0275306399551691,267.327996613933,1.9247939327219012,7.159192003567219,4.860509029344237,1.0198085655681186,31.208754988748737,0.011035520641222263,2.3262324805753707,0.42751719162669505,0.5546870915312226,254.7386837301201,0.48621935517167003,5.686734172494653,3.489571010001645,0.9221377957141409,285.9474387188688,1.9247939327219012,5.7504956741727025,3.9170882016283395,1.006126755743917,13.718381409569048,0.017666705855663878,1.685740554344859,0.3610100370939223,0.40282880311400043,127.87187170393554,2.0583925051660117,7.887272258377379,3.3650492553667246,1.2577458229691036,141.5902531135046,2.709445080399836,7.962174042948751,3.726059292460647,1.1948948832661161,28.811430987974205,0.011035520641222263,1.9638314128825076,0.3693773203586437,0.45234704349850346,258.64370686525217,0.48621935517167003,4.9550580175036885,3.3159449598109254,0.9076799043328145,287.45513785322635,1.9247939327219012,5.633319124634583,3.6853222801695686,0.9658503267407678
c<E>r<199>R<TRP>,140.06513591395213,1.3634352054681302,3.774907103038819,1.842962314657265,0.6757015923793981,57.74095981268967,2.735639627064191,5.121017962164627,3.608809988293104,0.7331037622161767,62.279112075840025,2.831866427183095,4.337241035271228,3.4599506708800014,0.4058719886234537,150.33408892368504,1.3194440394860094,3.774907103038819,1.6164955798245704,0.5842704517059734,164.01165750559773,1.225531306489729,3.759475920299926,1.7264385000589235,0.6182744160559953,93.49487504535865,2.2375392261123572,3.862128429824287,2.6712821441531043,0.38744296838549325,173.69682282232458,1.225531306489729,3.759475920299926,1.550864489485041,0.5037682191349738,56.226114595390946,0.010751577538469448,2.6869958496435196,0.53548680567039,0.6890292661738472,476.0385734014417,0.48621935517167003,7.262902439561003,4.53370069906135,1.2465215613544407,532.2646879968327,1.3884467929054423,7.387688752724593,5.069187504731739,1.1995090646788504,12.198977014152142,0.0373022397999927,1.9356174226273843,0.6420514217974812,0.5730940686982333,142.6928105920806,4.9647646899265965,14.737387582154042,7.51014792589898,2.7516393074036327,154.89178760623275,5.641341840051725,16.055672949816707,8.152199347696461,2.8143616262612876,15.068295681253586,0.043540158526520045,2.7792749116014317,0.6849225309660721,0.6667205111951083,135.22958039358855,3.788823667892757,10.19242427856534,6.146799108799479,1.6046853268437111,150.29787607484218,4.4369448504197635,10.311433783455882,6.831721639765553,1.3943256425752957,54.572442084697826,0.010590039986621669,2.7759241828129513,0.487253947184802,0.6220348620562547,473.6080901440064,0.48621935517167003,7.055727007676978,4.228643662000057,0.9952946344288272,528.1805322287041,1.3854035595257836,7.236775091298783,4.715897609184858,0.9851603063540154,66.04511163857032,0.011035520641222263,2.38786268755171,0.4856258208718406,0.6244858099325272,496.49309088924565,0.48621935517167003,7.647927062211238,3.6506844918326884,1.1638076636761205,562.538202527816,1.3884467929054423,7.731417857523983,4.13631031270453,1.2077112574174995,26.856370385728322,0.01078680440947366,3.1175710862369934,0.43316726428594066,0.5705694749531377,254.00643641532588,2.0583925051660117,14.737387582154042,4.096878006698804,2.447303543303589,280.86280680105415,2.4110840444616315,15.539158589970542,4.530045270984744,2.4976009196306834,63.6244141434256,0.011035520641222263,2.6298604949012887,0.4480592545311662,0.5646121175710141,504.57191891022103,0.48621935517167003,7.647927062211238,3.5533233726071902,1.1863900315647655,568.1963330536466,1.3854035595257836,7.731417857523983,4.001382627138357,1.2012935371588587
c<E>r<206>R<PHE>,145.37689963355578,1.3534249137638297,3.759475920299926,1.8172112454194473,0.6644780422884262,57.7815801044335,2.1439457556642143,4.519397008972727,3.611348756527094,0.5835421629402946,48.56050100231299,2.193386069235546,5.193859697311826,4.046708416859416,0.7697487578689866,156.09895087768012,1.3205526766460487,3.759475920299926,1.6092675348214447,0.567149942039611,160.27545417305205,1.2244482378848913,3.759475920299926,1.7233919803553985,0.6161431451274207,76.3634333003819,2.1439457556642143,4.062904501594448,2.6332218379442036,0.4626204087377776,170.52104451465027,1.2244482378848913,3.759475920299926,1.550191313769548,0.500340982864149,58.35226725936812,0.01129166027297046,2.9637444881924635,0.47440867690543187,0.6626367514322484,599.2143892527438,0.4880357239380828,9.169606250588004,4.87166170124182,1.1671631991158131,657.5666565121119,1.3349850241811199,9.200843587074143,5.346070378147251,1.1352945516114334,20.621666263834477,0.017471355596127225,3.8149756485654827,0.7931410101474798,1.0633245889718521,172.15122657165512,4.444335705376034,9.18463219629939,6.621201021986735,1.2779563266397211,192.7728928354896,4.461807060972161,9.944303855487998,7.414342032134216,1.2601417313929706,14.831397222900163,0.46015162831138845,2.457614189511691,1.0593855159214403,0.47817759492413847,87.6825548436916,5.361737265779084,8.85638558384835,6.263039631692258,0.956957422405905,102.51395206659177,6.441705063914263,9.676448940140425,7.322425147613698,1.0763080038096426,61.38559761059744,0.01129166027297046,2.9637444881924635,0.5202169289033681,0.6842028636852824,545.6866625056555,0.47517109578802774,9.169606250588004,4.624463241573351,1.1792410680184253,607.0722601162529,1.3034993707883744,9.200843587074143,5.144680170476719,1.0953371009956234,59.8013915953513,0.011768686711771004,2.9637444881924635,0.4901753409455024,0.64185221862641,510.2265336883547,0.4880357239380828,8.324089949485824,4.182184702363563,1.2044185452027298,570.0279252837059,1.3349850241811199,8.367303732602313,4.672360043309065,1.193830711325415,22.6010426987424,0.011217642502383995,3.213162941726181,0.5947642815458526,0.8196910091352559,169.65293390143506,2.0169398692589766,9.157350885635651,4.464550892143028,1.9053006045843561,192.25397660017745,2.593357789504553,9.185927954180501,5.05931517368888,1.7714108086293103,62.06708237028984,0.015469774488604315,2.9637444881924635,0.5746952071323134,0.7286250313871473,435.38644184256646,0.47517109578802774,7.47439782589413,4.0313559429867265,1.3099334719854838,497.45352421285634,1.3034993707883744,7.6252818236903686,4.60605115011904,1.2245489841178379
c<E>r<207>R<ARG>,122.12631309519394,1.3534249137638297,3.8111842322611142,1.8227807924655812,0.6523603795235194,63.63932631744041,2.1439457556642143,5.159058219575888,3.5355181287466895,0.793249082057675,56.90170849913812,2.193386069235546,5.8878411874941206,4.064407749938437,0.9060422229384337,136.46505067103516,1.3205526766460487,3.759475920299926,1.5868029147794787,0.5223436668579124,139.7321137825953,1.2244482378848913,3.759475920299926,1.7040501680804303,0.592894125592605,87.89643280943554,2.1439457556642143,4.062904501594448,2.663528266952592,0.4646317739929948,154.04219189806298,1.2244482378848913,3.759475920299926,1.5251702168125048,0.46237987356606935,47.97028385118897,0.016640967215416858,3.1826075869289436,0.5214161288172714,0.750101887767262,455.96730471150795,0.4978917264179472,9.169606250588004,4.956166355559869,1.3402831229851164,503.93758856269693,1.3349850241811199,9.200843587074143,5.47758248437714,1.3190087537674222,26.39144533597551,0.017471355596127225,3.567970502216017,0.7997407677568337,1.026047910088535,242.35320797641452,1.332652098671133,15.884127539772635,7.344036605345894,2.5864727046849425,268.74465331239,1.7667456000802373,16.63077087750787,8.143777373102727,2.655505595235127,19.48633728436956,0.18629133065314107,2.457614189511691,0.9743168642184781,0.5576924551763847,138.50085602961803,5.310904493195267,10.992820061718248,6.925042801480902,1.6569107103577347,157.9871933139876,6.400900876753038,11.17911139237139,7.8993596656993805,1.773257401911876,50.00903746367058,0.014201779438958617,3.3152221426157578,0.5377315856308664,0.7329454625913914,428.719634198726,0.47517109578802774,9.374636156773022,4.609888539771247,1.4276295919714022,478.7286716623966,1.3034993707883744,9.856419685438283,5.147620125402114,1.4020521188884536,50.10714398140011,0.011768686711771004,3.3152221426157578,0.5219494164729178,0.690679686442475,395.49337780821566,0.4978917264179472,9.812819176376479,4.119722685502246,1.4414221450934126,445.60052178961575,1.3349850241811199,10.56040637624507,4.641672101975164,1.4696078501296181,31.30185130993714,0.011217642502383995,4.0258043074245276,0.6659968363816412,0.9717769511265515,231.01858756577099,1.332652098671133,15.884127539772635,4.915289097144064,2.762622910236097,262.3204388757081,1.7667456000802373,15.960489938807779,5.581285933525704,2.745141983931567,52.30331691472176,0.015469774488604315,3.403141139757354,0.6081781036595554,0.8160215683025447,323.85892049112545,0.47517109578802774,7.47439782589413,3.765801401059598,1.4458018153605243,376.16223740584724,1.3034993707883744,7.9548192877310715,4.373979504719154,1.466600377220719
c<E>r<208>R<CYS>,134.3999200782099,1.3617391325759036,3.7289676610806692,1.8929566208198578,0.681651409130196,76.80183891452305,2.2957595007947824,5.514872860054813,3.840091945726152,0.7825112942134769,68.66044861292859,3.235684317997989,6.786682285724041,4.291278038308037,0.9768135641119153,148.21805738887147,1.3198815644631612,3.7289676610806692,1.6110658411833856,0.5507830943818268,154.51333106175332,1.2244482378848913,3.7289676610806692,1.7558333075199242,0.6193979211770452,101.39126864086487,2.2385972617240824,5.514872860054813,2.7403045578612124,0.6637479398460437,166.5995088643564,1.2244482378848913,3.7289676610806692,1.5284358611408846,0.4199448781343855,51.24487066938637,0.014611530498244818,3.1792310202274674,0.45754348811952117,0.6409066633379166,570.042783728759,0.4978917264179472,9.403749703277754,5.089667711863919,1.3943449234836136,621.2876543981454,1.3837862392996498,9.757706778318044,5.547211199983441,1.363414412984939,35.43028993318312,0.028974029908326315,9.046912233225271,0.9323760508732399,1.5858796435918736,324.2143846478502,1.332652098671133,21.407846771846835,8.5319574907329,3.6315069000674223,359.64467458103337,1.7667456000802373,21.450788281365412,9.464333541606141,3.6834204558162833,27.31924809642193,0.05925034270820362,9.575841848039317,1.0118240035711825,1.7325924685041916,221.9120988948473,3.7744770617830454,21.762337189472646,8.218966625735085,4.0743391429521525,249.23134699126925,4.212744964040224,25.353948548326343,9.230790629306268,4.819184678680256,53.20520984411609,0.014063661799392335,3.071366145085383,0.4708425649921778,0.6205462943681707,533.4424708611206,0.4978917264179472,9.403749703277754,4.720729830629385,1.419325511133699,586.6476807052367,1.3819944352306717,9.673415336337676,5.191572395621564,1.3504712587603893,56.06945165089428,0.013900834107401394,2.603355729578043,0.47516484449910407,0.5881856141449338,494.6646171136912,0.4978917264179472,8.929321519199448,4.192073026387213,1.3730637163714312,550.7340687645856,1.3837862392996498,9.363591712954157,4.667237870886319,1.342501652184264,38.18587366196827,0.011217642502383995,8.446464544731079,0.7637174732393655,1.4083689063214226,273.2147409818795,1.332652098671133,15.378509368091954,5.4642948196375905,3.2257749814990833,311.4006146438478,1.7667456000802373,16.197034269585437,6.228012292876956,3.4119475537768085,55.62668534529229,0.010929359491163027,3.403141139757354,0.5247800504272857,0.6989309195110441,414.72098238582646,0.4978917264179472,8.929321519199448,3.912462097979495,1.5156977192301042,470.34766773111875,1.3819944352306717,9.363591712954157,4.4372421484067806,1.4471180540432154
c<E>r<209>R<GLN>,123.38730419125923,1.3693635774829764,3.893362423069836,1.8416015550934215,0.6393921331159288,65.04917081990726,2.2957595007947824,5.094564963731886,3.613842823328181,0.6469261864247156,56.043734793480695,3.235684317997989,4.877253224151643,4.003123913820049,0.563346121524328,136.71197499133137,1.3198815644631612,3.728720329708492,1.5896741278061788,0.5148245822535198,141.10919250486862,1.2244482378848913,3.728720329708492,1.720843811034983,0.5797418451455888,84.65338382515525,2.2385972617240824,3.3630280644439914,2.5652540553077348,0.3032382086486301,154.03925307881917,1.2244482378848913,3.728720329708492,1.525141119592269,0.43511996011784093,44.7684355273371,0.01418721982367721,3.6348009559263375,0.47625995241847974,0.7554238589879724,469.2848572735715,1.2437877965342068,7.649055647924115,4.992392098655016,1.1553317551956797,514.0532928009087,1.3880635251071336,8.631717901468008,5.468652051073497,1.2224042676023554,25.06686336561623,0.028974029908326315,3.57029911765504,0.7372606872240067,0.9596089725357025,253.30135430555208,1.332652098671133,14.48146466938789,7.450039832516238,2.1524698551316135,278.36821767116834,1.7667456000802373,14.657353080548162,8.187300519740246,2.030314977532832,18.615797955870217,0.06665939771403728,1.682576682576821,0.6894739983655636,0.4583088785111213,190.18352771240342,3.7744770617830454,14.171059146650634,7.0438343597186455,2.4190214997712616,208.79932566827364,4.212744964040224,14.37319928792072,7.733308358084209,2.297364918151451,45.8025280798514,0.014063661799392335,3.1973782923619005,0.4771096674984521,0.6810603674334363,450.809798099398,0.5130133977054356,8.548386792108943,4.695935396868729,1.2794615615806764,496.6123261792494,1.3877265838603972,8.635629910370948,5.173045064367181,1.2771656242222325,43.9543132674772,0.013900834107401394,2.9693108858254966,0.4309246398772274,0.578771035764758,418.23073881219756,1.2437877965342068,7.649055647924115,4.100301360903898,1.0934177336486761,462.1850520796748,1.3880635251071336,7.966227831367167,4.531226000781126,1.1106351080600414,26.614179804388108,0.011217642502383995,4.600774786193059,0.6048677228270024,0.9472511560514517,202.60306244167697,1.332652098671133,14.48146466938789,4.604615055492658,2.6857880899389155,229.21724224606507,1.7667456000802373,14.52322945648569,5.209482778319661,2.559133863029212,45.94766285157169,0.01178702937317766,3.403141139757354,0.49943111795186623,0.7043004561275747,361.42076910203934,0.5130133977054356,9.251418159626382,3.9284866206743407,1.521381258283858,407.3684319536111,1.3877265838603972,9.26320518899956,4.427917738626207,1.4765316720678174
c<E>r<212>R<PHE>,134.57179658262666,1.384566534479433,3.936434986168547,1.794290621101689,0.5964949221776892,63.45826033524743,3.0138307821137333,5.9964605831044695,3.9661412709529644,0.8409943805666382,78.80435409835182,2.6682608140163087,6.567399402313645,4.14759758412378,0.9058767103057671,144.26645106185154,1.323102187564783,3.6675939843948027,1.5681135984983863,0.4708449177057026,160.6694223687598,1.2264682748557476,3.432743992357821,1.6912570775658926,0.5327746643501945,101.10155934551736,2.2450107050907784,5.287272492349126,2.8083766484865933,0.6871218352707473,170.13492643614896,1.2264682748557476,3.432743992357821,1.5190618431799014,0.3995638324648525,54.052759948518315,0.010622008635152724,3.043393560766553,0.5750293611544501,0.7558483110421274,438.19912929807083,0.4873970731230912,7.144960898018837,4.6616928648730935,1.2195065358830766,492.2518892465892,1.5951575206532564,7.356533831872024,5.236722226027545,1.2186251372518133,19.601940022653196,0.012082717231521656,3.2914714729550827,0.7000692865233284,0.9115236358974353,287.48043702983216,4.780868221653066,20.21079442204963,10.267158465351148,4.422977241028025,307.0823770524854,6.537871421531978,20.49112578290588,10.967227751874479,4.256902135479084,33.26368637052677,0.017411162603210073,4.423191886224213,0.9503910391579077,1.034111389116721,303.15703162859404,4.793370329520087,16.686685498830457,8.661629475102687,3.209805517739063,336.4207179991208,5.259502433372327,16.70763396279063,9.612020514260594,3.4433006181094754,53.15026162972946,0.01503528840389734,3.9805492415163837,0.542349608466627,0.7655341805305548,443.88688539611167,0.4873970731230912,7.144960898018837,4.529458014246037,1.2201769014389672,497.0371470258411,1.5227094010708841,7.28793969808975,5.071807622712664,1.1223705814812084,62.176338886454424,0.010089266562802734,3.495287205224141,0.5054986901337758,0.7471315552037002,478.2144244510756,0.4873970731230912,6.804299152572867,3.8879221500087446,1.0865389508358418,540.39076333753,1.5951575206532564,6.848432858690758,4.39342084014252,1.0810259930360746,37.598088585987895,0.015591084868313843,6.426164386594078,0.7093978978488282,1.1122557047685584,328.71914087638254,2.0847991500511966,16.102329998619226,6.202247941063821,3.298466123032256,366.3172294623705,2.6880056528234753,16.14655099810221,6.911645838912651,3.403029850246865,64.26367957026146,0.010089266562802734,4.039310675776388,0.5637164874584338,0.840328207325636,425.41338559656094,0.4873970731230912,6.804299152572867,3.7316963648821133,1.213600450184611,489.67706516682244,1.5227094010708841,6.823945246925772,4.295412852340548,1.1716653646878494
c<E>r<213>R<TYR>,127.42688356477767,1.3536197396939476,4.048966559244208,1.9018937845489203,0.7298128486183035,64.11177248622447,2.143220935515462,5.557490992476244,3.771280734483792,0.7520722257914132,61.623413274980635,2.7707025240946437,6.113343479860417,4.108227551665376,0.8662169062459044,138.72361271729727,1.3208028206229863,3.9310553616192005,1.6320425025564385,0.5798044831737322,147.12423321035976,1.2264682748557476,3.9310553616192005,1.7725811230163826,0.6590240568387343,92.51074024900065,2.143220935515462,5.149023602126222,2.803355765121232,0.6540006917623541,158.0885552316388,1.2264682748557476,3.9310553616192005,1.5652332201152355,0.4977849159948516,50.10943383373181,0.010622008635152724,3.524325394041206,0.5446677590623024,0.7828234578086851,442.36310037460987,0.4856329512579265,11.830647740347928,4.808294569289238,1.6596962161202236,492.47253420834176,1.336359394635482,11.864089218918963,5.35296232835154,1.6456519679834962,15.767663158726329,0.012294173092282534,2.8223046861237044,0.6569859649469304,0.8081294883624005,228.29642360812525,4.502466766028399,20.165467683128554,9.512350983671885,3.817330803892568,244.06408676685157,5.07100446005243,21.543691199377776,10.169336948618815,3.8069783366025707,18.629911010627673,0.057254245355830236,2.428879905956796,0.7451964404251069,0.6769096603805094,202.43811905589033,4.516958348821351,18.282873405023622,8.097524762235613,3.4456857710521884,221.068030066518,5.110447553707999,20.308341441683176,8.84272120266072,3.417814944312708,48.953531102943586,0.011493687693187482,3.9805492415163837,0.4799365794406234,0.7352980662299868,462.7354917210074,0.4755572497066538,8.284034491090921,4.536622467853014,1.47746336837674,511.68902282395106,1.3032614129046467,8.354665523241259,5.016559047293637,1.4283224625354414,55.888350915848996,0.010089266562802734,2.9448235721252827,0.5174847307023055,0.6981110907521061,436.4445498650524,0.4856329512579265,11.673272973236141,4.041153239491226,1.433541969670599,492.33290078090147,1.336359394635482,11.746493867846786,4.558637970193532,1.4163596399063805,30.162241883921503,0.014051020766802313,5.378395929139298,0.6557009105200327,1.1812469437196125,281.8938053433835,2.1082236170707347,17.225223230960992,6.128126203117033,3.4270573238044824,312.0560472273051,2.6880056528234753,18.53729073262276,6.783827113637067,3.6127572408571402,54.49074145890618,0.010089266562802734,4.039310675776388,0.4865244773116623,0.7308301099004497,434.5757370444178,0.4755572497066538,11.673272973236141,3.880140509325159,1.4809118988828105,489.066478503324,1.3032614129046467,11.746493867846786,4.366664986636821,1.4276323834590767
c<E>r<219>R<ASP>,76.92906145147418,1.402278791333738,5.720516977829288,1.9232265362868546,0.8776415741276933,33.54511269424306,2.6303916023784715,6.540550954767885,3.727234743804784,1.0593461692333923,42.13937700789881,2.194755993436352,4.646671784288971,3.511614750658234,0.7735835479823302,83.4005048548935,1.3278383613657372,5.143023611606451,1.66801009709787,0.6983573582026266,91.69480207309282,1.229771438838858,4.319270536432898,1.7300906051526947,0.6962492811941159,58.306544872812196,2.194755993436352,3.9622202616041657,2.6502974942187363,0.48450491490310144,98.48568344244882,1.229771438838858,4.024230656891208,1.5632648165468066,0.5516313758751992,21.690975497049173,0.018600414398690646,4.187711320893531,0.6573022877893688,0.9247127808152148,174.07502148417737,2.6647309383462243,15.77971361097011,5.275000651035678,2.194760508522086,195.76599698122652,2.7193763076570083,15.961973397465044,5.932302938825046,2.2403394594223514,1.939961401423508,0.018392984778372146,0.7485057397215158,0.3879922802847016,0.2923000633678036,36.573190885345866,4.418892786328129,11.081073660965192,7.314638177069173,2.631634452402007,38.513152286769376,4.549924821846398,11.774141612562786,7.702630457353875,2.9111120211047847,6.19805981707802,0.018579373745582828,2.1401056136526346,0.41320398780520134,0.5710677975482736,101.97260506356085,4.904504873444612,10.266213717537951,6.798173670904057,1.290774469739457,108.17066488063888,4.98019442029169,10.298495517128956,7.211377658709258,1.2567344207561253,18.59623971350831,0.01622814207330414,3.8042406867718253,0.5026010733380625,0.8183206618499028,187.66989526214064,1.7297399954657955,12.07331579917204,5.072159331409207,1.9014648340419351,206.26613497564892,1.7561396661095126,12.14304082396185,5.574760404747268,1.9169934503649486,24.915226508032603,0.01114839106312715,3.148082993378188,0.530111202298566,0.7357604367193767,209.22120792661363,2.075025378304563,15.77971361097011,4.451515062268375,2.0996900859852343,234.13643443464625,2.3676447635562416,15.833612936197856,4.981626264566941,2.101710076759133,8.131157723343902,0.011741564911650126,1.787931922244839,0.312736835513227,0.43293968018687673,103.87248591580735,1.9663762905108122,13.114439172603184,3.9950956121464363,2.1075182862416764,112.00364363915125,2.256101678767984,13.15278725601372,4.307832447659663,2.0414089158043307,24.60375444566771,0.010938318616128484,3.148082993378188,0.5125782176180773,0.7076317832617416,210.7470569920056,1.7297399954657955,13.114439172603184,4.39056368733345,2.221031363314317,235.35081143767331,1.7561396661095126,13.141553516309948,4.903141904951528,2.1923260418695074
c<E>r<220>R<GLU>,69.72335264117152,1.3647940700382173,4.550038587146795,1.9920957897477576,0.8953984348661407,26.32384366142948,2.6303916023784715,6.540550954767885,3.7605490944899254,1.18100129152467,27.757291298660064,2.194755993436352,4.930646822228987,3.469661412332508,0.9422037875819617,78.28924905722855,1.328130880636979,5.143023611606451,1.820680210633222,0.9131329979714223,82.81023082052882,1.229771438838858,4.550038587146795,1.882050700466564,0.8716832799009772,44.43438844593044,2.194755993436352,3.9622202616041657,2.7771492778706524,0.5337269087607674,89.6945444578509,1.229771438838858,4.550038587146795,1.7248950857279017,0.7885839579221825,17.6029200796471,0.021930647889936594,3.7740962220186827,0.7653443512890042,0.9818944386073504,121.98829091390253,1.2484577218933737,11.781387694051062,5.303838735387067,1.9486837148106242,139.59121099354965,1.3890356899366685,12.72770523490355,6.069183086676071,2.2120449800360378,1.4415736913191104,0.6930679515975946,0.7485057397215158,0.7207868456595552,0.027718894061960597,20.78257121103585,9.701497550070659,11.081073660965192,10.391285605517925,0.6897880554472664,22.22414490235496,10.450003289792175,11.774141612562786,11.11207245117748,0.6620691613853058,3.097093140482726,0.0322817995910043,1.4125083934408735,0.3441214600536362,0.39861599513729534,70.54688000024137,4.904504873444612,11.748287473273681,7.838542222249042,2.0347542082742214,73.64397314072409,4.98019442029169,12.126478167626102,8.182663682302676,1.9746350534609143,17.882103745984562,0.01685310054202116,3.5847844946746843,0.6877732209994062,0.9214729245849684,140.1065923334234,1.2484577218933737,12.07331579917204,5.388715089747054,2.66904706086627,157.98869607940796,1.3890356899366685,12.72770523490355,6.07648831074646,2.8159737073910067,21.469062366860705,0.01114839106312715,2.901599614113451,0.5963628435239084,0.7875418398081893,169.14936352338472,1.2484577218933737,11.781387694051062,4.698593431205131,1.8180264928184673,190.61842589024542,1.3890356899366685,12.078419708585816,5.2949562747290395,1.899549263042005,5.771368025065401,0.0264777476920397,1.1834261141883005,0.38475786833769343,0.4149489458587241,63.81481524887948,2.462214847544299,13.114439172603184,4.254321016591965,2.600621031043272,69.58618327394488,2.701814737089676,13.15278725601372,4.639078884929659,2.5309776408439824,21.25852222370599,0.01114839106312715,2.901599614113451,0.559434795360684,0.7170742058389289,185.1315588784128,1.2484577218933737,13.114439172603184,4.871883128379284,2.7533353948043033,206.39008110211876,1.3890356899366685,13.141553516309948,5.431317923739967,2.7967631739320917
c<E>r<221>R<TRP>,90.81950117339221,1.3647940700382173,3.7267694701110705,1.8534592076202492,0.6486263111720113,44.283824094692314,2.8230061707114786,4.975607797364079,3.690318674557693,0.5529275967590401,43.094301717032124,2.19744749703659,7.186371591881758,3.917663792457466,1.3162383754740008,100.61181953950022,1.3270523110251047,3.693423008083421,1.6227712828951648,0.5173332034899881,106.92493342036353,1.2286523403689351,3.693423008083421,1.752867760989566,0.6182089894461089,68.31815839899093,2.19744749703659,4.975607797364079,2.846589933291289,0.662655809069188,116.63654969591165,1.2286523403689351,3.693423008083421,1.5761695904852926,0.4891169812588581,22.59312021472043,0.01030561538569863,3.1236255794967063,0.5379314336838197,0.7683403241061543,180.9190899340161,0.4980744075264738,8.507924176609322,4.3075973793813365,1.4991092303371951,203.51221014873656,1.3890356899366685,8.706578973988341,4.845528813065156,1.5870875555311912,7.986002911576299,0.0199666560316194,5.269816352740516,0.9982503639470374,1.674267877578401,78.85388643174653,3.741722919861104,19.39242365339669,9.856735803968316,4.532952789377456,86.83988934332285,5.149900910232466,19.52630034641225,10.854986167915357,4.815670636273135,9.753679927086838,0.02081584454860419,6.888500775026415,1.0837422141207598,2.083586942615089,114.04016571759776,4.904504873444612,25.21754103744431,12.671129524177529,7.530355206341959,123.7938456446846,4.98019442029169,25.238356881992914,13.754871738298288,8.192065142001159,25.571952723561672,0.01093798060826634,3.1236255794967063,0.4824896740294655,0.6858794152845449,202.78733996195356,0.4980744075264738,7.7999512903745405,3.826176225697237,1.292343991038025,228.35929268551524,1.3849725332990959,7.952197697643712,4.308665899726702,1.3965119032775253,30.979335094248377,0.01114839106312715,3.12288744331961,0.5163222515708062,0.7524084582429666,240.44935859846532,0.4980744075264738,7.482651312631347,4.007489309974422,1.3463891964157242,271.42869369271364,1.3890356899366685,7.597316563876431,4.5238115615452275,1.4353249319064243,14.650503085083098,0.0264777476920397,5.269816352740516,0.586020123403324,1.0762209795639974,136.34718938913477,2.8439769450228063,12.974788911418475,5.453887575565391,3.3636608029759034,150.99769247421787,2.870454692714846,16.477908020986604,6.039907698968715,3.9117232035453178,32.00248521315445,0.01062846391766481,3.12288744331961,0.47062478254638895,0.6693531963113327,245.92694134860008,0.4980744075264738,7.482651312631347,3.6165726668911775,1.1712206068637059,277.92942656175455,1.3849725332990959,7.597316563876431,4.087197449437567,1.2567425869142326
c<E>r<222>R<THR>,77.11784571834544,1.3647940700382173,3.7686222481034224,1.752678311780578,0.5581548448009476,45.691462750443975,2.744811154560888,7.192769787776466,3.8076218958703314,1.200555075750894,45.13222480351933,1.8825449623784223,4.930646822228987,3.7610187336266105,0.9911659282888966,88.99073925457175,1.311417604945991,3.7686222481034224,1.5612410395538903,0.4417159559112577,94.9776550931809,1.2298444658531025,3.380597597883018,1.6662746507575596,0.5140338418492943,71.07836053067658,1.8825449623784223,5.38544674973363,2.843134421227063,0.727880225989948,106.14162770627674,1.2298444658531025,3.3778300752027786,1.5163089672325247,0.3639655916673317,20.5233397938366,0.01030561538569863,6.073550920788044,0.73297642120845,1.3545430392625175,135.57304890389304,0.4980744075264738,9.177959461597538,4.8418946037104655,2.164713997878844,156.09638869772965,1.3890356899366685,9.290261078487752,5.574871024918916,2.189943576166708,8.210404152348453,0.04015547138079256,2.8297071842339463,0.9122671280387169,0.9352060260928621,112.90840618800542,3.741722919861104,25.89621654412987,12.545378465333934,6.490711215446658,121.11881034035386,5.149900910232466,26.17795034718739,13.457645593372652,6.305068347030958,9.995192065024334,0.029862255500993307,2.814856145564452,0.713942290358881,0.8136638073976654,97.62293075456085,4.5209839973488215,9.459364651046883,6.973066482468632,1.4729266770942193,107.61812281958518,5.2173016039174644,9.55361028229834,7.687008772827513,1.368910489720144,20.037281951664927,0.01093798060826634,3.5216995449839334,0.5272968934648665,0.8096309233016504,151.91951989699692,0.4980744075264738,13.994680540920971,3.9978821025525506,2.225166849373044,171.95680184866185,1.3849725332990959,14.340722636946364,4.525178996017417,2.2533165147725294,28.350491423682474,0.010308009242443461,4.123174074760554,0.5906352379933849,0.9207128146977849,220.15116460688873,0.4980744075264738,9.177959461597538,4.5864825959768485,1.8449657503270447,248.5016560305712,1.3890356899366685,9.203468962577851,5.177117833970233,1.7369992243970587,18.49579764899454,0.016421724079176414,3.125402201773632,0.660564201749805,0.8395367694633417,153.24900931964612,2.0301514790573947,14.706622831189762,5.473178904273076,2.954631338853561,171.74480696864063,2.3371106123980137,14.723044555268938,6.133743106022879,2.909580546101761,29.127365168742784,0.010174628744005432,3.398530655208795,0.5110064064691716,0.7458408209260494,217.73584361741163,0.4980744075264738,13.994680540920971,3.8199270810072217,1.8884566747231464,246.86320878615444,1.3849725332990959,14.340722636946364,4.330933487476393,1.8658694039606833
c<E>r<223>R<GLN>,95.77796433025644,1.3647940700382173,3.7686222481034224,1.8418839294280085,0.5937050316390975,55.05229681637404,2.293133347406671,5.161515495325387,3.4407685510233774,0.7587880290496425,52.97620273579321,1.8825449623784223,4.930646822228987,3.5317468490528805,0.9493962229278572,108.70902264530812,1.3088061069478916,3.7686222481034224,1.5754930818160597,0.47396089690930715,114.58721095128352,1.2175347184328282,3.3778300752027786,1.6851060434012284,0.5099619574525108,84.53245359005476,1.8825449623784223,4.641307701617563,2.641639174689211,0.5779825162255201,127.00806817532515,1.2175347184328282,3.3778300752027786,1.494212566768531,0.35101497052903124,30.019833389464274,0.01030561538569863,5.721716845045215,0.6822689406696426,1.157428871754321,206.73374855463527,0.4980744075264738,9.177959461597538,4.69849428533262,1.9119207438056167,236.75358194409955,1.3890356899366685,9.290261078487752,5.380763226002262,1.9340218117093766,16.862311841475197,0.1544233848103751,7.368150960640097,1.2971009108827074,1.9258623095897882,96.78115986810951,1.3232342262956536,13.181191438385042,7.444704605239194,3.4878785026330053,113.6434717095847,1.7584647030549694,14.744083109451768,8.7418055161219,3.6495757263002155,13.143679402337764,0.029862255500993307,3.3423369017219535,0.7731576119022214,0.9560245521917242,117.2764907933576,4.5209839973488215,9.459364651046883,6.898617105491623,1.4366480310825795,130.42017019569536,5.2173016039174644,9.64201214677469,7.671774717393845,1.4073208437123912,28.374778510755345,0.01093798060826634,3.5216995449839334,0.5066924734063455,0.7282043250057242,209.32754810149413,0.4980744075264738,8.19161970875598,3.737991930383824,1.3528076969661054,237.70232661224946,1.3849725332990959,9.219795609002869,4.244684403790169,1.4121057175046474,35.869127905597615,0.010308009242443461,3.3259524462680172,0.5353601179939943,0.7869752606052335,290.46027843044396,0.4980744075264738,9.177959461597538,4.335228036275283,1.6684578333276714,326.3294063360416,1.3890356899366685,9.203468962577851,4.870588154269277,1.6011861342862181,24.13107104286248,0.013447067348739239,2.907793276210713,0.5611876986712204,0.716897598928498,232.87306348257692,1.3232342262956536,13.181191438385042,5.4156526391296955,2.4205625187185613,257.0041345254394,1.7584647030549694,13.541485483362537,5.976840337800916,2.4348086222329854,35.14716031631976,0.010174628744005432,2.601309026716258,0.4339155594607378,0.6391338889154129,294.61711442362787,0.4980744075264738,7.277016775698996,3.637248326217628,1.1769890062006212,329.76427473994755,1.3849725332990959,7.34739726835005,4.071163885678365,1.1555506356427308
c<E>r<224>R<ASP>,72.39779499785556,1.3647940700382173,3.587037863028328,1.809944874946389,0.5342151459927855,36.670698443926184,2.744811154560888,5.161515495325387,3.6670698443926186,0.7645162697374255,57.597077390605136,1.8825449623784223,4.829431547890576,3.599817336912821,0.7866749840353324,79.24098344922638,1.3088061069478916,3.587037863028328,1.5537447735142427,0.4054788502445407,93.94407321760285,1.2253713926137222,3.6733669778125964,1.6481416353965412,0.5021754516319009,74.9143510711731,1.8825449623784223,4.641307701617563,2.7746055952286333,0.6738664989068982,99.86250756081878,1.2253713926137222,3.0212413527343345,1.4685662876590997,0.2879645311478075,16.245568552435522,0.01030561538569863,3.5216995449839334,0.7063290674971966,0.9518549391887,106.39176529333997,1.2484577218933737,8.19161970875598,4.62572892579739,1.527007402649754,122.6373338457755,1.3890356899366685,9.219795609002869,5.332057993294587,1.629045388884612,4.823444741415699,0.1544233848103751,1.725107639661907,0.8039074569026164,0.4706167068863574,48.9887707928533,5.181002123752705,11.526638543964737,8.164795132142217,2.4534260977803957,53.812215534269,6.3575246255906475,12.319248448747642,8.968702589044833,2.1693913398729836,22.248771640552945,0.029862255500993307,5.435989023424099,1.0113078018433157,1.474537844712135,152.87949500564417,4.5209839973488215,10.416855986961536,6.949067954802008,1.6629706838449412,175.12826664619715,5.2173016039174644,10.49227261542164,7.960375756645325,1.5356411272093633,16.148406630650634,0.018803434937093577,3.5216995449839334,0.5568416079534702,0.8041724276430977,117.15162892767489,0.5125547498954006,8.19161970875598,4.039711342333617,1.5927178697312805,133.3000355583255,1.3849725332990959,9.219795609002869,4.596552950287086,1.6877599354066375,26.170944694134604,0.010308009242443461,3.192423128155154,0.608626620793828,0.8077887817381572,171.00830415657833,1.2484577218933737,6.296014589111394,3.976937305966938,1.1028127359795261,197.17924885071295,1.3890356899366685,6.374613796607019,4.585563926760766,1.1331893373961992,23.588172555829924,0.021234209061741893,4.6197161483077664,0.6552270154397202,1.0323607739909606,188.4190565881762,2.0301514790573947,8.470661077584964,5.233862683004895,1.7580679318465813,212.00722914400615,2.3371106123980137,10.175366680600336,5.889089698444615,1.9251307729475122,23.604486778458266,0.010174628744005432,2.776975140178396,0.462833074087417,0.6687321466678663,183.73386271187252,0.5125547498954006,5.718060662697326,3.602624759056324,1.050093077825741,207.3383494903308,1.3849725332990959,6.273527132442155,4.065457833143742,1.0922183461780723
c<E>r<225>R<ARG>,56.76425262641534,1.3647940700382173,3.7686222481034224,1.8921417542138448,0.6275194398018099,30.137211720245713,2.293133347406671,4.75457389635959,3.348579080027301,0.7428153402468728,34.02988813831917,1.8825449623784223,4.466778852969517,3.402988813831917,0.7993312269062335,62.92049194037818,1.325481326922381,3.7686222481034224,1.5730122985094543,0.48639671892561964,71.50952659024041,1.2298444658531025,3.7686222481034224,1.7441347948839125,0.5949794047039129,54.08621564064562,1.8825449623784223,4.641307701617563,2.704310782032281,0.6930543979884032,77.27844846395223,1.2298444658531025,3.7686222481034224,1.5152636953716123,0.42095070599746465,9.025635299914587,0.01030561538569863,3.1111313269812975,0.4297921571387898,0.7528739630849086,87.54171177859558,1.2484577218933737,7.000713002923021,4.168652941837885,1.360215616168774,96.56734707851018,1.3890356899366685,7.152443598006526,4.598445098976676,1.3758214086265463,6.982158177369646,0.0199666560316194,3.2174125130938833,0.8727697721712058,0.9474540885497603,46.643565263459095,1.3232342262956536,9.037031062005212,5.830445657932387,2.3375596862278316,53.62572344082874,1.7584647030549694,9.59609885732364,6.703215430103593,2.2477367979416822,6.6165727979582485,0.09368589320077092,3.3423369017219535,0.945224685422607,1.0490620752193174,48.17041601806932,4.5209839973488215,9.315949020534845,6.881488002581331,1.7105732387469177,54.786988816027566,5.876240879137986,9.409634913735616,7.826712688003938,1.3807055431558564,9.102050983879707,0.013014778868170929,2.0688180775764646,0.3371129994029521,0.4972630461426521,94.84834469369366,0.5125547498954006,7.000713002923021,3.5129016553219876,1.049066219926209,103.95039567757335,1.3849725332990959,7.152443598006526,3.850014654724939,1.0096203010491311,15.531732392932293,0.010308009242443461,2.2010504370632624,0.4314370109147859,0.5920726221487951,139.00758906870357,1.2484577218933737,7.185537993667822,3.861321918575099,1.180706146674005,154.53932146163586,1.3890356899366685,7.241515661864479,4.292758929489885,1.2170619611931703,11.97153166718435,0.01398232416417855,2.907793276210713,0.49881381946601455,0.6349118790294275,105.71884083910271,1.3232342262956536,8.337024152650201,4.40495170162928,1.909037566719454,117.69037250628706,1.7584647030549694,10.175366680600336,4.903765521095294,2.1236567608687507,14.003347541804553,0.010174628744005432,2.004867076100533,0.2979435647192458,0.46796902144317065,169.63475066665472,0.5125547498954006,7.277016775698996,3.609250014184143,1.1909050400508874,183.6380982084593,1.3849725332990959,7.34739726835005,3.907193578903389,1.1795988060594569
c<E>r<226>R<ALA>,66.49616878497977,1.3647940700382173,3.8686303157357886,1.8471157995827714,0.6340677648417897,28.575551631812623,2.744811154560888,4.75457389635959,3.571943953976578,0.5532911424941237,18.978497492845282,3.1851706208070767,4.501600954718044,3.795699498569056,0.568708415497422,72.08705870528048,1.3267013893297317,3.8686303157357886,1.6019346378951218,0.5032652082505343,76.79562511860111,1.2298444658531025,4.142561279871378,1.8284672647285978,0.7175294962629636,39.14352464112193,2.248835752651029,4.641307701617563,2.7959660457944233,0.6545466315289329,81.69591677311801,1.2298444658531025,3.8686303157357886,1.6018807210415298,0.5602903986516928,13.253024595463875,0.01030561538569863,3.1111313269812975,0.45700084811944397,0.665622936643978,124.57369554464285,1.2484577218933737,12.15276164204198,4.295644673953202,2.4062394795364437,137.82672014010674,1.3890356899366685,12.503953691050906,4.752645522072647,2.4723506603971357,6.54692770061033,0.0199666560316194,3.2174125130938833,0.9352753858014757,0.9973224655546933,45.32033103716344,3.688697250320729,9.037031062005212,6.474333005309063,1.7111562920669092,51.867258737773774,5.780179047758594,9.59609885732364,7.409608391110539,1.3349729179917578,0.545217162777889,0.545217162777889,0.545217162777889,0.545217162777889,0.0,5.595370389422214,5.595370389422214,5.595370389422214,5.595370389422214,0.0,6.140587552200103,6.140587552200103,6.140587552200103,6.140587552200103,0.0,13.90437435689184,0.013014778868170929,2.0968651980498727,0.40895218696740704,0.5518719064921899,123.05516972998718,0.5125547498954006,12.15276164204198,3.6192696979407994,1.980744761380519,136.95954408687902,1.3849725332990959,12.503953691050906,4.0282218849082065,1.9889696171224605,19.562692376067883,0.01262833869938973,2.033576103127416,0.47713883844068006,0.5596285253702288,160.7593583292804,1.2484577218933737,10.304222236069592,3.9209599592507414,1.7944804241531003,180.32205070534826,1.3890356899366685,10.316850574768981,4.398098797691421,1.8890885731288656,4.180735019043163,0.015846814226732064,0.9628039288146653,0.2612959386901977,0.23439204656334753,60.70531599263512,2.0301514790573947,7.404612409919764,3.794082249539695,1.5531316893882587,64.88605101167829,2.3371106123980137,7.6209625506158964,4.055378188229893,1.5969869676886104,16.97703321594562,0.01062846391766481,2.033576103127416,0.3464700656315433,0.515298476218107,172.69659891549475,0.5125547498954006,8.651838626144809,3.524420386030505,1.439621532390953,189.67363213144034,1.3849725332990959,9.502383303538352,3.870890451662048,1.4611582477831015
c<E>r<227>R<LYS>,90.675214359876,1.3647940700382173,4.655496047392921,1.8505145787729795,0.7454016886945638,48.21380177076753,2.300638369058165,6.229445416751209,3.708753982366733,0.9502569309919802,48.38191653145332,2.7707025240946437,5.879353413332881,4.03182637762111,0.8402599146317659,104.52060351071083,1.3260307847575759,4.655496047392921,1.6590571985827116,0.6351980842489241,110.60322287378719,1.2298444658531025,3.8686303157357886,1.7839229495772126,0.6812853352260038,74.04232381827313,2.2487992642608705,4.641307701617563,2.847781685318197,0.5523159869652347,123.67355614131891,1.2298444658531025,3.8686303157357886,1.6272836334384067,0.5598614542156384,22.575032990585257,0.01030561538569863,2.9621425777086277,0.4803198508635161,0.6796017788418534,224.37159928231583,0.4980744075264738,13.502126234220569,4.773863814517358,2.479246688221217,246.9466322729011,1.3890356899366685,13.880058647055051,5.254183665380874,2.5020690001820136,11.087841584031978,0.0199666560316194,5.269816352740516,0.9239867986693314,1.3632546332667992,103.94180900899536,5.181002123752705,13.181191438385042,8.66181741741628,2.804672032400147,115.02965059302733,5.780179047758594,16.477908020986604,9.585804216085611,3.4335079765504677,23.181366414718184,0.022454745217606487,16.73527353721954,2.5757073794131315,5.078487259897326,106.622247236007,5.066102788879601,25.322720924583066,11.846916359556333,7.302762760688354,129.80361365072517,6.222579220728374,26.92438653707788,14.422623738969463,7.767083895673113,28.377191990309313,0.013014778868170929,2.9621425777086277,0.5067355712555235,0.6684298626833586,236.42979330582614,0.4980744075264738,13.502126234220569,4.2219605947468954,2.2692361074691934,264.80698529613545,1.3849725332990959,13.880058647055051,4.728696166002419,2.2497690501046317,30.72381179884901,0.01262833869938973,2.033576103127416,0.47267402767460015,0.5992558137898455,262.3532143495456,0.4980744075264738,10.304222236069592,4.036203297685318,1.5515613121437062,293.0770261483946,1.3890356899366685,10.316850574768981,4.508877325359918,1.5366030703113487,23.938165308369037,0.015846814226732064,12.548615338274942,0.7721988809151302,2.2002101728491086,168.56038832717365,2.2924245595581993,13.181191438385042,5.43743188152173,2.960835619038977,192.4985536355427,2.5288498066544673,16.477908020986604,6.209630762436861,3.625917459353752,35.11958611703233,0.01062846391766481,2.3685918146199576,0.4620998173293727,0.6286436086079618,280.45840871165433,0.4980744075264738,8.651838626144809,3.6902422198901887,1.3529886890169927,315.57799482868666,1.3849725332990959,8.845489466391703,4.152342037219562,1.3015534217738771
c<E>r<233>R<VAL>,94.88403392436413,1.5054203508965807,3.7171858928907886,1.8604712534189045,0.5790173339228796,54.8645032999766,2.2957595007947824,5.9964605831044695,3.918893092855471,0.9658372764100233,57.27440812408831,3.325973951998266,5.60580132803004,4.405723701852947,0.6552450333296583,104.23714651148633,1.3198815644631612,3.7171858928907886,1.57935070471949,0.4679019226038681,111.62358786394775,1.2253434334913909,3.493547581716988,1.7172859671376577,0.538481659475806,75.52471418862918,2.2386411968093234,4.532805516098352,2.6973112210224706,0.5858882271419413,120.17218002951947,1.2253434334913909,3.493547581716988,1.5021522503689932,0.3619572990055034,31.600199778361056,0.01029910318836258,3.5073719683245193,0.5448310306613975,0.8057304155570116,274.8652231635773,1.4706862658160844,6.804299152572867,4.739055571785816,1.1242981107217893,306.46542294193824,1.5951575206532564,7.114363239100372,5.283886602447211,1.18889338735316,20.989750938809916,0.08444299742265571,6.3431920393007335,1.234691231694701,1.5748043155725895,142.68992483709263,5.039690637775607,12.701239731039223,8.393524990417214,2.1737862028160495,163.67967577590255,6.356653050477224,15.950834019023718,9.628216222111915,2.805927825809647,19.77280040858703,0.11145496571882774,4.022872726391498,0.9886400204293515,1.01993292690063,179.78422162377586,5.311017603985647,14.171059146650634,8.989211081188794,3.125372491385347,199.55702203236288,6.089498974326196,16.335826135111343,9.977851101618144,3.2602117410618314,34.633842949992896,0.014611530498244818,3.5073719683245193,0.6076112798244367,0.814862438133669,254.03591641046344,0.5807319805374505,6.804299152572867,4.4567704633414635,0.9741733027884825,288.6697593604564,1.5227094010708841,7.031730300622853,5.064381743165901,1.0061749912296907,34.61524210160117,0.01029910318836258,3.793835405969417,0.509047677964723,0.7627032243905739,277.42060094832135,1.4706862658160844,6.804299152572867,4.079714719828255,1.0362540749867335,312.03584304992245,1.5951575206532564,7.031730300622853,4.588762397792977,1.1141419662912062,21.613382336771192,0.011388051367436702,3.252691761156445,0.7719065120275426,1.0242582170316301,167.51341296530921,2.091972271492068,12.028938864599368,5.982621891618186,3.172021900434347,189.12679530208038,2.8991667960480347,12.776872612494174,6.754528403645728,3.260016029541179,37.141575770619816,0.013900834107401394,3.793835405969417,0.6088782913216363,0.8591339132843386,239.5022796684998,0.5807319805374505,6.804299152572867,3.926266879811472,1.1188630064607168,276.64385543911965,1.5227094010708841,7.031730300622853,4.5351451711331086,1.1281531193041492
c<E>r<234>R<SER>,85.69813214857706,1.5054203508965807,3.728720329708492,1.8630028727951535,0.6050546986664608,52.986852007153765,2.2957595007947824,5.808041062194129,3.784775143368126,0.9754597784322326,57.59852350652658,3.2877581022856233,6.401632519164081,4.4306556543481985,0.9397398185383207,96.02120415321168,1.3198815644631612,3.728720329708492,1.5741181008723226,0.48711986594959517,108.28566000510952,1.2244482378848913,3.728720329708492,1.8047610000851586,0.6421915802176861,77.54456908581275,2.2385972617240824,4.885606339772629,2.769448895921884,0.6795636027280094,117.73731158636299,1.2244482378848913,3.728720329708492,1.5698308211515066,0.5038983240638347,25.718063597307985,0.01029910318836258,3.1792310202274674,0.4945781461020766,0.780044543021612,253.37455866001397,1.907974343002536,6.550987049690775,4.87258766653873,1.0381862127844301,279.0926222573219,1.938672859390957,7.114363239100372,5.367165812640806,1.0455890797917056,15.105413453035089,0.04990178191797767,3.394279537483598,0.7950217606860573,0.9497686800250161,148.3677735880521,1.332652098671133,14.48146466938789,7.808830188844848,2.6243572367019383,163.4731870410872,1.7667456000802373,14.657353080548162,8.603851949530904,2.610739047991955,18.675817198900678,0.11145496571882774,3.3241155832002036,0.8119920521261165,0.6882726480848846,193.0491626594207,5.311017603985647,14.171059146650634,8.393441854757421,2.8568156045439874,211.72497985832143,6.089498974326196,14.396347545094308,9.20543390688354,2.830692329896344,26.818038322185192,0.014201779438958617,3.071366145085383,0.4966303392997258,0.6791830563018603,248.99775037442487,1.907974343002536,8.445244592682002,4.611069451378238,1.0361148960976976,275.81578869661007,1.938672859390957,8.54334224018588,5.107699790677964,1.0062518933786657,30.957419288357148,0.01029910318836258,2.603355729578043,0.4690518073993507,0.6315350583702225,275.80470006287374,1.907974343002536,9.812819176376479,4.178859091861724,1.1822719075442654,306.7621193512309,1.938672859390957,10.56040637624507,4.647910899261075,1.1503850231363866,20.21443253559705,0.011388051367436702,4.0258043074245276,0.5775552153027729,0.8740807254479769,199.8354430745981,1.332652098671133,14.48146466938789,5.70958408784566,3.1231620907423316,220.04987561019513,1.7667456000802373,14.52322945648569,6.287139303148432,3.1514103705316403,31.726219950546003,0.013900834107401394,3.403141139757354,0.5117132250088064,0.7223095181003396,246.26882995126982,1.907974343002536,8.445244592682002,3.972077902439836,1.2144031838674523,277.99504990181583,1.938672859390957,8.54334224018588,4.483791127448643,1.1894824322287512
c<E>r<235>R<ALA>,86.41490506730328,1.5052522529223638,5.371502076587027,1.9639751151659837,0.8000861073719882,59.44832256422769,2.2922270090683976,5.194455569212543,3.7155201602642305,0.8945128782160889,61.049751738069524,2.193386069235546,5.193859697311826,4.069983449204635,0.8123146066172386,101.97561239114536,1.3198815644631612,3.7171858928907886,1.6717313506745142,0.605668373547005,106.73112313769407,1.2244482378848913,3.664692468024923,1.7788520522949012,0.6202997798975102,85.34036483463102,2.193386069235546,4.168664018169486,2.6668864010822193,0.4402441251340566,122.45368245532845,1.2244482378848913,3.664692468024923,1.590307564354915,0.5002647797551973,22.797687839459105,0.010858817084359096,3.1792310202274674,0.4956019095534588,0.7063468219919249,248.58790821686455,2.020638791921783,14.628378428291626,5.404084961236186,2.037243835282229,271.3855960563236,2.0314976090061423,14.808875355382476,5.899686870789644,2.006087230606386,22.45785700673481,0.03898424260463429,3.2488271941448534,1.0694217622254671,1.132942287487039,173.35626419281652,1.332652098671133,13.188970184455911,8.25506019965793,2.3643168612660954,195.81412119955132,1.7667456000802373,13.235876036243418,9.324481961883397,2.406038672560368,25.651053054638282,0.03350196296671015,6.545470383458614,1.2825526527319142,1.3700057857197847,152.5777011879726,5.311017603985647,16.210250902046482,7.6288850593986295,2.8414233450154103,178.22875424261088,5.759779547214835,16.243752865013192,8.911437712130544,3.0043056474537013,27.576214814541174,0.010858817084359096,2.818882209570276,0.4754519795610547,0.6291368840633044,293.190459702406,2.020638791921783,10.014742743385796,5.055007925903551,1.5656912545829376,320.7666745169472,2.0314976090061423,10.058356391268997,5.530459905464607,1.5087432704334633,29.27938753633834,0.010858817084359096,2.2507999008198354,0.5228462060060418,0.6115148670434245,254.88798507386798,2.020638791921783,9.812819176376479,4.5515711620333565,1.664726334561624,284.1673726102063,2.0314976090061423,10.56040637624507,5.0744173680393985,1.6739621702189116,26.662456127192506,0.011217642502383995,4.632118762805575,0.7016435822945396,1.0716957114592114,216.82819804885293,1.332652098671133,12.75174582925797,5.706005211811919,2.5340917043142643,243.49065417604538,1.7667456000802373,12.803281049010392,6.407648794106457,2.5797114169283444,35.46478327981129,0.010858817084359096,3.3511545905928317,0.5910797213301883,0.8189126408804097,244.44102500781855,2.020638791921783,9.561135536162112,4.074017083463643,1.4524530872450219,279.9058082876299,2.0314976090061423,9.621313603729988,4.665096804793832,1.4388806272247507
c<E>r<236>R<GLU>,100.9222617965847,1.3534249137638297,4.535395016163229,1.978867878364406,0.8042664922315327,57.8101818775058,2.1439457556642143,5.194455569212543,3.6131363673441124,0.9309208360203409,62.91478281810387,2.193386069235546,5.59045896278896,4.194318854540258,0.9174627959554831,111.61864772889925,1.3205526766460487,3.992863598833669,1.641450701895577,0.6464368187132652,126.17738684461393,1.2244482378848913,4.312147361229698,1.8832445797703572,0.7875837476395359,85.46891768987075,2.1439457556642143,4.062904501594448,2.670903677808461,0.49737502075945944,134.37862162503683,1.2244482378848913,3.8973935369792696,1.5997454955361528,0.5828903815390469,36.14017907377165,0.010858817084359096,3.2427478480942735,0.547578470814722,0.7562658465948019,325.21009265859016,1.2137571844116337,9.169606250588004,4.927425646342275,1.2798624086587218,361.3502717323617,1.3349850241811199,9.200843587074143,5.475004117156995,1.3412308140273075,19.723711246119276,0.029505011186273578,3.4196718719718877,0.8575526628747511,1.1909810775589251,174.5031306109131,1.3243743167652156,13.188970184455911,7.5870926352570915,2.5306639742405768,194.22684185703238,1.7607033692107488,13.235876036243418,8.444645298131842,2.6158496884185483,21.786795116062414,0.036680564201240884,2.8440141252753435,0.9903088689119279,0.7172882344685324,189.28399974444932,5.310904493195267,17.36198819970565,8.603818170202242,3.3757033802735816,211.07079486051174,6.400900876753038,18.29912967628629,9.59412703911417,3.3607651686416418,36.06390060079745,0.010858817084359096,2.860153478259482,0.546422736375719,0.7339240193973235,309.15816394378794,0.47517109578802774,9.374636156773022,4.684214605208908,1.4135500242930028,345.22206454458535,1.3034993707883744,9.856419685438283,5.230637341584626,1.4325614971305625,43.14357202600288,0.010858817084359096,3.827731559125329,0.5603061302078296,0.70343250816617,341.4654447975802,1.2137571844116337,9.812819176376479,4.43461616620234,1.6357074330592856,384.6090168235831,1.3349850241811199,10.56040637624507,4.99492229641017,1.6785757934968695,24.5774476834565,0.011217642502383995,4.0258043074245276,0.5715685507780581,0.8316630410601643,253.5500519294759,1.3243743167652156,17.36198819970565,5.896512835569207,3.2000523223760355,278.12749961293247,1.7607033692107488,17.373321865199557,6.468081386347267,3.139556731838304,39.37799475502387,0.010858817084359096,2.8640543144036013,0.5546196444369559,0.7234376771490367,291.2229440526825,0.47517109578802774,9.561135536162112,4.10173160637581,1.5626244900575317,330.6009388077064,1.3034993707883744,9.621313603729988,4.656351250812767,1.5699911400869844
c<E>r<237>R<ALA>,122.55011665414989,1.3534249137638297,4.7717297713933196,1.914845572721092,0.8105503214756692,61.45178494758794,2.1439457556642143,4.579459945412121,3.6148108792698785,0.7602381292255044,52.574824996891124,2.193386069235546,5.59045896278896,4.044217307453163,1.0228091785615734,134.49642783500894,1.3205526766460487,4.330462738482994,1.6402003394513285,0.6444164758960556,138.37317627483174,1.2268094866901094,4.7717297713933196,1.7740150804465606,0.7389297821804871,82.64216126651652,2.1439457556642143,4.330462738482994,2.6658761698876297,0.55137824941903,150.41383208867734,1.2268094866901094,4.330462738482994,1.5668107509237224,0.5757099585677916,45.10770655989556,0.010858817084359096,3.511446254396061,0.49030115825973436,0.6940813082549455,497.66826693393546,0.4880357239380828,19.72083142205247,5.409437684064516,3.2671839447969204,542.775973493831,1.3349850241811199,19.752906362157816,5.89973884232425,3.189705370561356,17.389277892341397,0.029505011186273578,3.3239109744996185,0.7560555605365825,0.9852286799874385,156.95292907833323,1.3243743167652156,13.188970184455911,6.82404039471014,2.123190324348785,174.34220697067462,1.7607033692107488,13.235876036243418,7.580095955246723,2.186072970115541,15.478047996744262,0.07726024265407005,3.133225701487767,1.0318698664496175,0.8911142468893031,125.2282133683143,5.361737265779084,21.54132743667651,8.34854755788762,4.007045342408314,140.70626136505857,5.796732524331751,21.61858767933058,9.380417424337237,3.8186650571476783,48.86009181420947,0.010858817084359096,2.94224762083347,0.5552283160705621,0.7261522454417411,413.4913518728624,0.47517109578802774,15.322406824922155,4.698765362191619,2.07691574884688,462.3514436870719,1.3034993707883744,15.35972726439272,5.25399367826218,2.0064481726762406,51.90313826135356,0.010858817084359096,3.511446254396061,0.5580982608747694,0.7677326507574718,388.3803430490725,0.4880357239380828,9.559971353927722,4.176132720957769,1.529785606985509,440.28348131042605,1.3349850241811199,9.965103742265594,4.734230981832538,1.5664127722029346,21.406910568372037,0.014632183165763202,3.025821417298869,0.5351727642093009,0.7141600870465825,204.77965196476612,1.3243743167652156,9.157350885635651,5.119491299119153,2.001408522447861,226.18656253313816,1.7607033692107488,9.185927954180501,5.654664063328454,1.960778284948427,53.95833831455921,0.010858817084359096,4.439702112094286,0.5865036773321652,0.8468178226859031,373.5581360583924,0.47517109578802774,14.039587061081875,4.06041452237383,1.8217076284621199,427.5164743729516,1.3034993707883744,14.183197517477204,4.646918199705996,1.74523554920331
c<E>r<238>R<TRP>,115.39826185584344,1.3534249137638297,3.759475920299926,1.8030978414975538,0.6487116479489062,58.08654802701904,2.1439457556642143,4.871041752419598,3.63040925168869,0.8034117795759246,54.723698693981916,2.1951704699599266,5.193859697311826,3.9088356209987083,0.7158618465624533,128.9761821130178,1.3205526766460487,3.759475920299926,1.5922985446051583,0.5315817968304101,134.1734304666649,1.2268094866901094,3.759475920299926,1.6983978540084166,0.5889212544465726,85.06715264519683,2.1439457556642143,4.062904501594448,2.7441016982321558,0.5522415951701314,147.0485396997097,1.2268094866901094,3.759475920299926,1.531755621871976,0.4470347447170696,39.6513858305713,0.01129166027297046,3.806691873344981,0.5019162763363456,0.6946665964498878,349.9491007130214,0.4880357239380828,8.127481541806674,4.429735452063562,1.3876598464063363,389.6004865435927,1.3349850241811199,8.240502109814916,4.931651728399908,1.3768853508779662,17.83271504464804,0.029505011186273578,3.590449367115042,0.891635752232402,1.145959513880895,150.4848369673632,4.989739510729123,13.4024953786477,7.524241848368161,2.3299028207811467,168.31755201201125,5.202571471264487,14.604210537184816,8.415877600600563,2.4408717775212443,17.204124044858702,0.05606085392286442,3.133225701487767,0.9557846691588168,0.768140789701376,109.16807996019133,4.342321089692632,9.141350342308215,6.064893331121741,1.320378123039253,126.37220400505002,5.5603069418060365,10.627247453956137,7.020678000280557,1.432498567969152,41.79330645642942,0.010506796090510306,2.860153478259482,0.4975393625765407,0.659649426477725,336.2938509616629,0.47517109578802774,8.127481541806674,4.003498225734082,1.3417222095037553,378.0871574180923,1.3034993707883744,8.240502109814916,4.501037588310623,1.324069826551138,46.41456057944284,0.011035520641222263,2.3887882429804037,0.488574321888872,0.6226065810798931,353.3959737837945,0.4880357239380828,8.127481541806674,3.719957618776784,1.203253628756554,399.8105343632373,1.3349850241811199,8.240502109814916,4.208531940665656,1.1819536444578929,24.252227374943278,0.014632183165763202,3.025821417298869,0.49494341581516893,0.6071049718417622,241.9268125942549,2.104594742912923,9.763797623623077,4.937281889678672,1.8220539810046492,266.17903996919813,2.4110840444616315,10.336923771792875,5.432225305493839,1.8444986524820681,48.46355509259363,0.010506796090510306,2.8050407864548674,0.49962427930508896,0.665577223253183,330.8855506017703,0.47517109578802774,8.127481541806674,3.41119124331722,1.2885131136978836,379.3491056943639,1.3034993707883744,8.240502109814916,3.9108155226223085,1.2549097513070213
c<E>r<239>R<GLY>,132.12024184579906,1.3634352054681302,3.759475920299926,1.8098663266547816,0.6203981604820669,62.367112710618926,2.2997322794934534,4.871041752419598,3.464839595034385,0.7170955616619573,61.425274204101235,2.1951704699599266,4.514154384075714,3.6132514237706608,0.5632389808085327,144.68884024379122,1.3194440394860094,3.759475920299926,1.5727047852586002,0.5086563519511077,158.5280604402925,1.227355107867437,3.759475920299926,1.7420665982449726,0.6081975034644016,98.80641910871543,2.1951704699599266,4.58307966590159,2.7446227530198732,0.582698507852882,170.5826981947651,1.227355107867437,3.759475920299926,1.550751801770592,0.48950458042402906,50.745578877163936,0.01129166027297046,3.406303399672134,0.5638397653018216,0.7504625131728142,389.0193302788125,0.4880357239380828,8.127481541806674,4.3224370030979165,1.3240805021717512,439.76490915597645,1.385348790249986,8.240502109814916,4.886276768399738,1.3536592889759071,13.976862672404051,0.029505011186273578,3.590449367115042,0.6353119396547297,0.7732033799872434,173.4512594226585,5.106237331177908,13.4024953786477,7.884148155575386,2.4367840319655594,187.42812209506252,5.367200034824505,13.453819046538397,8.519460095230114,2.2777877632266423,18.254452767947363,0.01107144771414248,2.048033213630701,0.6760908432573097,0.5509052803258161,176.466533838008,3.8754144499362155,14.239202475883985,6.535797549555851,2.4950894118492353,194.72098660595535,4.4369448504197635,14.600912139163118,7.211888392813161,2.3737486865499218,47.90708273427799,0.010506796090510306,3.06710691682264,0.4938874508688453,0.6518937812535879,401.63454862755725,0.4880357239380828,8.127481541806674,4.140562356985126,1.21381979130886,449.54163136183524,1.3819847860096173,8.240502109814916,4.634449807853971,1.1724821570481334,61.467808476952385,0.011035520641222263,2.894814271902355,0.47649463935622005,0.6449901166607337,467.6609384786095,0.4880357239380828,8.127481541806674,3.625278592857438,1.160505658192812,529.128746955562,1.385348790249986,8.240502109814916,4.101773232213659,1.1627810618347987,28.0878706423372,0.01078680440947366,3.199558238397757,0.4321210868051877,0.57228915760508,286.85131669846214,2.188689541122585,9.763797623623077,4.413097179976341,1.8648151986662609,314.9391873407993,2.4110840444616315,10.336923771792875,4.8452182667815284,1.8601692321773755,60.17286343337305,0.010506796090510306,2.6863039072638575,0.4628681802567158,0.6130037761903742,449.42922352190976,0.4880357239380828,8.127481541806674,3.45714787324546,1.2171848410586938,509.60208695528274,1.3819847860096173,8.240502109814916,3.920016053502175,1.1814713250033602
c<E>r<240>R<ARG>,82.20930556440584,1.3634352054681302,3.774907103038819,1.8268734569867964,0.6203005630604279,51.65932311197827,2.2944208123450602,5.251507953753263,3.4439548741318844,0.9034741228504143,60.85145320846636,2.1951704699599266,4.818226537352199,3.5794972475568447,0.8175656818259613,96.34209352658954,1.324827474304721,3.774907103038819,1.5793785824031072,0.5179156344565653,108.4444825663319,1.228682585822425,3.5971555323011875,1.7213409931163794,0.5975939297852366,89.22979293666653,2.1951704699599266,4.514154384075714,2.703933119292925,0.5454813454888635,121.60386638530237,1.228682585822425,3.5971555323011875,1.53928944791522,0.46168466760163956,20.674915840896244,0.012716794776695739,2.6869958496435196,0.5907118811684641,0.7078387758171883,158.31862871114868,0.4985080187307176,8.968862885682029,4.523389391747105,1.7017704694199545,178.9935445520449,1.3884467929054423,9.352023090410608,5.114101272915569,1.7365050254194099,10.071850676738805,0.01843473221115932,2.6090981183687596,0.5595472598188225,0.6000546089763462,137.33734758361538,1.3226031337783297,13.4024953786477,7.629852643534188,2.9628752100856848,147.40919826035417,1.7603986795095303,13.453819046538397,8.18939990335301,3.0486002334473965,13.632622843605699,0.01107144771414248,1.197760315745807,0.5680259518169041,0.42806927603185724,154.36794222527965,3.2409078013461112,14.239202475883985,6.431997592719985,2.5977366164931808,168.00056506888535,3.383572657276326,14.600912139163118,7.00002354453689,2.539163135212368,20.312717495056663,0.012716794776695739,2.05196412830937,0.46165267034219687,0.557804304635067,195.4154987407594,0.4985080187307176,7.922984678620196,4.441261335017259,1.5400816954802572,215.7282162358161,1.3854035595257836,8.04140923384172,4.902914005359457,1.4169949327943887,31.146812321850668,0.011035520641222263,2.668020294831426,0.4580413576742745,0.5861192967122053,242.5658173957213,0.4985080187307176,5.94943430848889,3.5671443734664896,1.2557025078897937,273.712629717572,1.3884467929054423,6.258917113442045,4.025185731140764,1.3316865360287304,26.2064307575367,0.01078680440947366,3.4204381021658463,0.43677384595894503,0.5830695470568157,281.72316907313643,1.3226031337783297,10.732198930412778,4.6953861512189405,2.079460257319618,307.92959983067317,1.7603986795095303,10.849716258739637,5.132159997177886,2.178987855687635,31.597552868242396,0.011035520641222263,2.331719452892356,0.41035782945769345,0.4813631858211875,262.9107351022751,0.4985080187307176,6.256026929184372,3.414425131198378,1.2707494814023885,294.5082879705174,1.3854035595257836,6.423109079469004,3.82478296065607,1.278658592628081
c<E>r<242>R<ASP>,52.806175144823584,1.399592474412869,5.240591990762199,2.1122470057929434,0.9860425888243561,33.00811635045028,2.2944208123450602,5.251507953753263,3.6675684833833646,1.0902495633998555,39.170748511015205,2.1958726457741107,5.335918927908221,3.5609771373650188,1.0311090667677487,63.07260588752851,1.324827474304721,5.240591990762199,1.802074453929386,0.9058144273143466,66.95151883329432,1.2278370489954704,3.877786975080309,1.8095005090079546,0.7419545083387291,60.140885807344944,2.1958726457741107,4.871041752419598,2.863851705111664,0.7919633030770153,76.38312519393702,1.2278370489954704,3.877786975080309,1.625172876466745,0.6415073116002357,11.036119516758461,0.010589343540317486,3.0856662997684907,0.5016417962162937,0.81907365878284,140.8855877055812,3.886800783752733,12.161505039574877,6.403890350253691,1.9045459287357578,151.92170722233965,3.954538815344253,12.194084452881423,6.905532146469984,2.0140362727592898,7.367189616326958,0.01843473221115932,2.6090981183687596,0.7367189616326958,0.7431268907188091,73.47889318241846,1.3226031337783297,10.732198930412778,7.347889318241846,2.9291393268865638,80.84608279874541,1.7603986795095303,12.539779864066016,8.08460827987454,3.188003281856688,6.588569653510705,0.02856303389093995,1.7031904840101788,0.5068130502700542,0.4486503075881501,87.43042638539282,3.2409078013461112,10.994151501437045,6.725417414260987,2.1873614927568616,94.01899603890351,3.383572657276326,11.10020024129826,7.232230464531039,2.1425405922943606,15.706918618526602,0.010589343540317486,3.251812353217627,0.5817377266120963,0.9507474608044477,154.8861234883368,3.1435384495964627,8.942272099663796,5.736523092160622,1.6374160113376544,170.5930421068634,3.3267897963026334,12.194084452881423,6.3182608187727185,2.061012283916357,12.974394719336695,0.020197992571990397,2.246324371482392,0.4633712399763105,0.574121194152795,125.57886672849418,2.1007585788047436,7.455407264138557,4.484959526017649,1.5314848728308916,138.55326144783086,2.1943907765067783,9.238080506320959,4.948330765993959,1.6303245931661952,15.400650643980288,0.010270830225326932,3.4204381021658463,0.44001858982800823,0.6620920203166332,211.99605973826897,1.3226031337783297,11.982376201753368,6.057030278236256,2.8620005310528747,227.39671038224924,1.7603986795095303,12.130588777928848,6.497048868064264,2.9042331696690997,15.340400357395954,0.016842099710901337,2.0060580410033175,0.4146054150647555,0.509773271877196,162.4539663825069,1.9609548835005626,8.942272099663796,4.390647740067754,1.658415590145282,177.79436673990284,2.1779741688177143,10.942329073582778,4.805253155132509,1.924239037254336
